mean_only 0.8 474 477 485 476 479 467 470 480 473 475 481 471 466 468 472 483 487 489 478 491 465 469 482 486 488 484 493 495 463 464 490 496 461
mean_only 0.9 474 477 485 476 479 467 470 480 473 475 481 471 466 468 472 483 487 489 478 491 465 469 482 486 488 484 493 495 463 464 490 496 461 498 455 456 462 494 499 459 492 497
mean_only 0.95 474 477 485 476 479 467 470 480 473 475 481 471 466 468 472 483 487 489 478 491 465 469 482 486 488 484 493 495 463 464 490 496 461 498 455 456 462 494 499 459 492 497 500 453 457 460 458
mean_only 0.99 474 477 485 476 479 467 470 480 473 475 481 471 466 468 472 483 487 489 478 491 465 469 482 486 488 484 493 495 463 464 490 496 461 498 455 456 462 494 499 459 492 497 500 453 457 460 458
mean_only 0.995 474 477 485 476 479 467 470 480 473 475 481 471 466 468 472 483 487 489 478 491 465 469 482 486 488 484 493 495 463 464 490 496 461 498 455 456 462 494 499 459 492 497 500 453 457 460 458
mean_only 0.999 474 477 485 476 479 467 470 480 473 475 481 471 466 468 472 483 487 489 478 491 465 469 482 486 488 484 493 495 463 464 490 496 461 498 455 456 462 494 499 459 492 497 500 453 457 460 458
sd_only 0.8 500
sd_only 0.9 500
sd_only 0.95 500
sd_only 0.99 500 499
sd_only 0.995 500 499
sd_only 0.999 500 499 498
cor_only 0.8 500
cor_only 0.9 500
cor_only 0.95 500
cor_only 0.99 500 499
cor_only 0.995 500 499
cor_only 0.999 500 499
