mean_only 0.8 100 99 98 97 95 96 94
mean_only 0.9 100 99 98 97 95 96 94 93 91
mean_only 0.95 100 99 98 97 95 96 94 93 91 92 88 90
mean_only 0.99 100 99 98 97 95 96 94 93 91 92 88 90 89 87 78 83 84 85 79
mean_only 0.995 100 99 98 97 95 96 94 93 91 92 88 90 89 87 78 83 84 85 79 82
mean_only 0.999 100 99 98 97 95 96 94 93 91 92 88 90 89 87 78 83 84 85 79 82
sd_only 0.8 100 99 98
sd_only 0.9 100 99 98
sd_only 0.95 100 99 98 97
sd_only 0.99 100 99 98 97 95 96 93 89 94
sd_only 0.995 100 99 98 97 95 96 93 89 94 90
sd_only 0.999 100 99 98 97 95 96 93 89 94 90 91 79
cor_only 0.8 100 99
cor_only 0.9 100 99 98
cor_only 0.95 100 99 98 97
cor_only 0.99 100 99 98 97 95 96 94
cor_only 0.995 100 99 98 97 95 96 94 93 88
cor_only 0.999 100 99 98 97 95 96 94 93 88 92 87
