mean_only 0.8 100 99 97 98 96 95 92 93 94 91
mean_only 0.9 100 99 97 98 96 95 92 93 94 91 89 90 86 87
mean_only 0.95 100 99 97 98 96 95 92 93 94 91 89 90 86 87 88 84 85
mean_only 0.99 100 99 97 98 96 95 92 93 94 91 89 90 86 87 88 84 85 83 81 82
mean_only 0.995 100 99 97 98 96 95 92 93 94 91 89 90 86 87 88 84 85 83 81 82
mean_only 0.999 100 99 97 98 96 95 92 93 94 91 89 90 86 87 88 84 85 83 81 82
sd_only 0.8 100 99 97 98
sd_only 0.9 100 99 97 98 96 95
sd_only 0.95 100 99 97 98 96 95 94 89
sd_only 0.99 100 99 97 98 96 95 94 89 91 93 92 86
sd_only 0.995 100 99 97 98 96 95 94 89 91 93 92 86 85 87 90
sd_only 0.999 100 99 97 98 96 95 94 89 91 93 92 86 85 87 90 81 82 83
cor_only 0.8 100 99 98 97
cor_only 0.9 100 99 98 97 95 96
cor_only 0.95 100 99 98 97 95 96 94 93
cor_only 0.99 100 99 98 97 95 96 94 93 92 89 91 90 83 85
cor_only 0.995 100 99 98 97 95 96 94 93 92 89 91 90 83 85 86 82
cor_only 0.999 100 99 98 97 95 96 94 93 92 89 91 90 83 85 86 82 88 67
