mean_only 0.8 100 99 98 97 96 95
mean_only 0.9 100 99 98 97 96 95 93 94
mean_only 0.95 100 99 98 97 96 95 93 94 91 92
mean_only 0.99 100 99 98 97 96 95 93 94 91 92 89 88 90 85 83
mean_only 0.995 100 99 98 97 96 95 93 94 91 92 89 88 90 85 83 87 82
mean_only 0.999 100 99 98 97 96 95 93 94 91 92 89 88 90 85 83 87 82 86 80
sd_only 0.8 100 99
sd_only 0.9 100 99
sd_only 0.95 100 99 98
sd_only 0.99 100 99 98 97
sd_only 0.995 100 99 98 97 92 93 94
sd_only 0.999 100 99 98 97 92 93 94 96 88
cor_only 0.8 100
cor_only 0.9 100 99
cor_only 0.95 100 99 98
cor_only 0.99 100 99 98 97 93
cor_only 0.995 100 99 98 97 93 96 95
cor_only 0.999 100 99 98 97 93 96 95 94
