mean_only 0.8 99 100 98 97 96 95 93 94 92
mean_only 0.9 99 100 98 97 96 95 93 94 92 90 91 88 89
mean_only 0.95 99 100 98 97 96 95 93 94 92 90 91 88 89 84 87 85 81
mean_only 0.99 99 100 98 97 96 95 93 94 92 90 91 88 89 84 87 85 81 86 83 77
mean_only 0.995 99 100 98 97 96 95 93 94 92 90 91 88 89 84 87 85 81 86 83 77
mean_only 0.999 99 100 98 97 96 95 93 94 92 90 91 88 89 84 87 85 81 86 83 77
sd_only 0.8 100 99 98
sd_only 0.9 100 99 98 97
sd_only 0.95 100 99 98 97 96 94
sd_only 0.99 100 99 98 97 96 94 92 95 93 88 91
sd_only 0.995 100 99 98 97 96 94 92 95 93 88 91 85 90
sd_only 0.999 100 99 98 97 96 94 92 95 93 88 91 85 90 65 86 87
cor_only 0.8 100 99 98
cor_only 0.9 100 99 98 97
cor_only 0.95 100 99 98 97 96 95 93
cor_only 0.99 100 99 98 97 96 95 93 94 92 91 90
cor_only 0.995 100 99 98 97 96 95 93 94 92 91 90 88
cor_only 0.999 100 99 98 97 96 95 93 94 92 91 90 88 85 89
