mean_only 0.8 100 99 98 96 95 97 94
mean_only 0.9 100 99 98 96 95 97 94 93 91
mean_only 0.95 100 99 98 96 95 97 94 93 91 92 90 86 85
mean_only 0.99 100 99 98 96 95 97 94 93 91 92 90 86 85 88 89 87 84 80
mean_only 0.995 100 99 98 96 95 97 94 93 91 92 90 86 85 88 89 87 84 80 82 83
mean_only 0.999 100 99 98 96 95 97 94 93 91 92 90 86 85 88 89 87 84 80 82 83
sd_only 0.8 100 99 98
sd_only 0.9 100 99 98
sd_only 0.95 100 99 98 97 96
sd_only 0.99 100 99 98 97 96 95 93 94
sd_only 0.995 100 99 98 97 96 95 93 94 92
sd_only 0.999 100 99 98 97 96 95 93 94 92 86 89
cor_only 0.8 100 99
cor_only 0.9 100 99 98
cor_only 0.95 100 99 98
cor_only 0.99 100 99 98 97 96 92 95 88
cor_only 0.995 100 99 98 97 96 92 95 88 89 93
cor_only 0.999 100 99 98 97 96 92 95 88 89 93 94 84 85
