mean_only 0.8 100 99 97 98 96 95 94
mean_only 0.9 100 99 97 98 96 95 94 93 91 92
mean_only 0.95 100 99 97 98 96 95 94 93 91 92 90 85 88 89
mean_only 0.99 100 99 97 98 96 95 94 93 91 92 90 85 88 89 86 87 81 82 83
mean_only 0.995 100 99 97 98 96 95 94 93 91 92 90 85 88 89 86 87 81 82 83 80
mean_only 0.999 100 99 97 98 96 95 94 93 91 92 90 85 88 89 86 87 81 82 83 80
sd_only 0.8 100 99
sd_only 0.9 100 99 97
sd_only 0.95 100 99 97 98
sd_only 0.99 100 99 97 98 96 94 92 95
sd_only 0.995 100 99 97 98 96 94 92 95 91 88
sd_only 0.999 100 99 97 98 96 94 92 95 91 88 90 79 85
cor_only 0.8 100 99
cor_only 0.9 100 99 97
cor_only 0.95 100 99 97 98
cor_only 0.99 100 99 97 98 96 95 92 93 91
cor_only 0.995 100 99 97 98 96 95 92 93 91 94
cor_only 0.999 100 99 97 98 96 95 92 93 91 94 90 86 87
