mean_only 0.8 100 99 98 97 96 95 94 93 91
mean_only 0.9 100 99 98 97 96 95 94 93 91 92 90 89 86
mean_only 0.95 100 99 98 97 96 95 94 93 91 92 90 89 86 87 88 85
mean_only 0.99 100 99 98 97 96 95 94 93 91 92 90 89 86 87 88 85 82 84 80 81
mean_only 0.995 100 99 98 97 96 95 94 93 91 92 90 89 86 87 88 85 82 84 80 81
mean_only 0.999 100 99 98 97 96 95 94 93 91 92 90 89 86 87 88 85 82 84 80 81
sd_only 0.8 100 99 98
sd_only 0.9 100 99 98 97 96
sd_only 0.95 100 99 98 97 96 95
sd_only 0.99 100 99 98 97 96 95 92 94 89 91 93 87
sd_only 0.995 100 99 98 97 96 95 92 94 89 91 93 87 90
sd_only 0.999 100 99 98 97 96 95 92 94 89 91 93 87 90 85 69 74
cor_only 0.8 100 99 98
cor_only 0.9 100 99 98 96 97
cor_only 0.95 100 99 98 96 97 95
cor_only 0.99 100 99 98 96 97 95 90 92 93 94 91 87
cor_only 0.995 100 99 98 96 97 95 90 92 93 94 91 87 85
cor_only 0.999 100 99 98 96 97 95 90 92 93 94 91 87 85 89 84
