mean_only 0.8 100 99 98 97 96 95 94 92 90
mean_only 0.9 100 99 98 97 96 95 94 92 90 91 93 88
mean_only 0.95 100 99 98 97 96 95 94 92 90 91 93 88 89 86 85
mean_only 0.99 100 99 98 97 96 95 94 92 90 91 93 88 89 86 85 87 82 84 76 78
mean_only 0.995 100 99 98 97 96 95 94 92 90 91 93 88 89 86 85 87 82 84 76 78
mean_only 0.999 100 99 98 97 96 95 94 92 90 91 93 88 89 86 85 87 82 84 76 78
sd_only 0.8 100 99 97
sd_only 0.9 100 99 97 98 96
sd_only 0.95 100 99 97 98 96 95 92
sd_only 0.99 100 99 97 98 96 95 92 94 90 91 93 89
sd_only 0.995 100 99 97 98 96 95 92 94 90 91 93 89 80
sd_only 0.999 100 99 97 98 96 95 92 94 90 91 93 89 80 87 88
cor_only 0.8 100 99
cor_only 0.9 100 99 98 96
cor_only 0.95 100 99 98 96 97
cor_only 0.99 100 99 98 96 97 92 95 89 94 88 91
cor_only 0.995 100 99 98 96 97 92 95 89 94 88 91 93 90
cor_only 0.999 100 99 98 96 97 92 95 89 94 88 91 93 90 80 83 84 86
