mean_only 0.8 100 99 97 98
mean_only 0.9 100 99 97 98 96 95
mean_only 0.95 100 99 97 98 96 95 94
mean_only 0.99 100 99 97 98 96 95 94 93 92 91
mean_only 0.995 100 99 97 98 96 95 94 93 92 91 89
mean_only 0.999 100 99 97 98 96 95 94 93 92 91 89 90
sd_only 0.8 100
sd_only 0.9 100
sd_only 0.95 100
sd_only 0.99 100 99 97
sd_only 0.995 100 99 97 98
sd_only 0.999 100 99 97 98 95
cor_only 0.8 100
cor_only 0.9 100
cor_only 0.95 100
cor_only 0.99 100 97
cor_only 0.995 100 97 99
cor_only 0.999 100 97 99 98 92
