mean_only 0.8 100 99 98 97 96 95
mean_only 0.9 100 99 98 97 96 95 94 93
mean_only 0.95 100 99 98 97 96 95 94 93 92 91 90
mean_only 0.99 100 99 98 97 96 95 94 93 92 91 90 88 89 83 85 84 86
mean_only 0.995 100 99 98 97 96 95 94 93 92 91 90 88 89 83 85 84 86 81 82
mean_only 0.999 100 99 98 97 96 95 94 93 92 91 90 88 89 83 85 84 86 81 82 87
sd_only 0.8 100 99
sd_only 0.9 100 99
sd_only 0.95 100 99 98
sd_only 0.99 100 99 98 97 96 95
sd_only 0.995 100 99 98 97 96 95 92 93
sd_only 0.999 100 99 98 97 96 95 92 93 94
cor_only 0.8 100 99
cor_only 0.9 100 99
cor_only 0.95 100 99 97
cor_only 0.99 100 99 97 98 96 93
cor_only 0.995 100 99 97 98 96 93 94 95
cor_only 0.999 100 99 97 98 96 93 94 95 92
