method method_param p change_param n_sim edd sd_edd edd_lower edd_upper
max_pca 1 0.98 0.5 500 37.472 9.865 22 36
max_pca 2 0.98 0.5 500 26.3 4.963 17.475 26
max_pca 3 0.98 0.5 500 21.526 3.378 15.475 21
max_pca 5 0.98 0.5 500 17.402 2.19 13.475 17
max_pca 10 0.98 0.5 500 13.852 1.338 11.475 14
max_pca 20 0.98 0.5 500 10.104 0.859 8 10
min_pca 1 0.98 0.5 500 1996.41 80.275 2000 2000
min_pca 2 0.98 0.5 500 2000 0 2000 2000
min_pca 3 0.98 0.5 500 2000 0 2000 2000
min_pca 5 0.98 0.5 500 2000 0 2000 2000
min_pca 10 0.98 0.5 500 2000 0 2000 2000
min_pca 20 0.98 0.5 500 2000 0 2000 2000
tpca 0.8 0.98 0.5 500 2000 0 2000 2000
tpca 0.9 0.98 0.5 500 2000 0 2000 2000
tpca 0.95 0.98 0.5 500 2000 0 2000 2000
tpca 0.99 0.98 0.5 500 2000 0 2000 2000
tpca 0.995 0.98 0.5 500 2000 0 2000 2000
tpca 0.999 0.98 0.5 500 2000 0 2000 2000
mix 0.03 0.98 0.5 500 4.906 0.628 4 5
mix 0.1 0.98 0.5 500 4.084 0.549 3 4
mix 0.3 0.98 0.5 500 3.616 0.53 3 4
mix 1 0.98 0.5 500 3.286 0.482 3 3
max_pca 1 0.98 0.75 500 136.07 175.993 51 112
max_pca 2 0.98 0.75 500 68.186 16.575 37 66
max_pca 3 0.98 0.75 500 50.874 9.701 32 50
max_pca 5 0.98 0.75 500 37.584 5.632 27 37
max_pca 10 0.98 0.75 500 29.592 3.583 23 29
max_pca 20 0.98 0.75 500 21.62 2.341 17 21
min_pca 1 0.98 0.75 500 2000 0 2000 2000
min_pca 2 0.98 0.75 500 2000 0 2000 2000
min_pca 3 0.98 0.75 500 2000 0 2000 2000
min_pca 5 0.98 0.75 500 2000 0 2000 2000
min_pca 10 0.98 0.75 500 2000 0 2000 2000
min_pca 20 0.98 0.75 500 2000 0 2000 2000
tpca 0.8 0.98 0.75 500 2000 0 2000 2000
tpca 0.9 0.98 0.75 500 2000 0 2000 2000
tpca 0.95 0.98 0.75 500 2000 0 2000 2000
tpca 0.99 0.98 0.75 500 2000 0 2000 2000
tpca 0.995 0.98 0.75 500 2000 0 2000 2000
tpca 0.999 0.98 0.75 500 2000 0 2000 2000
mix 0.03 0.98 0.75 500 14.766 2.935 9 14.025
mix 0.1 0.98 0.75 500 12.014 2.447 8 12
mix 0.3 0.98 0.75 500 10.594 2.229 7 10
mix 1 0.98 0.75 500 9.7 2.075 6 9
max_pca 1 0.98 1.5 500 1883.352 442.233 157.325 2000
max_pca 2 0.98 1.5 500 1996.184 85.328 2000 2000
max_pca 3 0.98 1.5 500 2000 0 2000 2000
max_pca 5 0.98 1.5 500 2000 0 2000 2000
max_pca 10 0.98 1.5 500 2000 0 2000 2000
max_pca 20 0.98 1.5 500 2000 0 2000 2000
min_pca 1 0.98 1.5 500 64.288 25.344 23 60
min_pca 2 0.98 1.5 500 47.114 13.65 23 45
min_pca 3 0.98 1.5 500 36.048 8.605 20 35
min_pca 5 0.98 1.5 500 31.818 6.097 20.475 31
min_pca 10 0.98 1.5 500 27.72 3.807 20.475 27
min_pca 20 0.98 1.5 500 25.448 2.653 21 25
tpca 0.8 0.98 1.5 500 47.114 13.65 23 45
tpca 0.9 0.98 1.5 500 27.778 4.238 19 27
tpca 0.95 0.98 1.5 500 25.596 3.08 20 25
tpca 0.99 0.98 1.5 500 24.864 2.75 20 25
tpca 0.995 0.98 1.5 500 24.864 2.75 20 25
tpca 0.999 0.98 1.5 500 24.864 2.75 20 25
mix 0.03 0.98 1.5 500 4.946 1.055 3 5
mix 0.1 0.98 1.5 500 4.462 0.893 3 4
mix 0.3 0.98 1.5 500 4.284 0.844 3 4
mix 1 0.98 1.5 500 4.234 0.825 3 4
max_pca 1 0.98 2 500 58.052 30.616 13.475 53
max_pca 2 0.98 2 500 57.708 24.639 17 54
max_pca 3 0.98 2 500 66.324 24.802 26 63
max_pca 5 0.98 2 500 77.814 24.102 35.475 75
max_pca 10 0.98 2 500 56.396 13.392 32.475 54
max_pca 20 0.98 2 500 28.374 5.46 18 28
min_pca 1 0.98 2 500 24.352 10.958 8 22
min_pca 2 0.98 2 500 18.838 6.133 9 18
min_pca 3 0.98 2 500 15.748 4.139 9 15
min_pca 5 0.98 2 500 14.454 2.947 9 14
min_pca 10 0.98 2 500 12.82 1.99 9 13
min_pca 20 0.98 2 500 11.694 1.334 9 12
tpca 0.8 0.98 2 500 18.838 6.133 9 18
tpca 0.9 0.98 2 500 12.828 2.272 9 13
tpca 0.95 0.98 2 500 11.686 1.511 9 12
tpca 0.99 0.98 2 500 11.212 1.334 9 11
tpca 0.995 0.98 2 500 11.212 1.334 9 11
tpca 0.999 0.98 2 500 11.212 1.334 9 11
mix 0.03 0.98 2 500 2.364 0.482 2 2
mix 0.1 0.98 2 500 2.176 0.381 2 2
mix 0.3 0.98 2 500 2.114 0.318 2 2
mix 1 0.98 2 500 2.088 0.284 2 2
max_pca 1 0.95 0.5 500 40.176 11.598 22.475 38
max_pca 2 0.95 0.5 500 27.862 6.329 18 27
max_pca 3 0.95 0.5 500 22.79 4.012 16 22
max_pca 5 0.95 0.5 500 18.37 2.431 14 18
max_pca 10 0.95 0.5 500 14.686 1.551 12 15
max_pca 20 0.95 0.5 500 10.67 1.008 9 11
min_pca 1 0.95 0.5 500 1947.18 311.602 197.7 2000
min_pca 2 0.95 0.5 500 2000 0 2000 2000
min_pca 3 0.95 0.5 500 2000 0 2000 2000
min_pca 5 0.95 0.5 500 2000 0 2000 2000
min_pca 10 0.95 0.5 500 2000 0 2000 2000
min_pca 20 0.95 0.5 500 2000 0 2000 2000
tpca 0.8 0.95 0.5 500 2000 0 2000 2000
tpca 0.9 0.95 0.5 500 2000 0 2000 2000
tpca 0.95 0.95 0.5 500 2000 0 2000 2000
tpca 0.99 0.95 0.5 500 2000 0 2000 2000
tpca 0.995 0.95 0.5 500 2000 0 2000 2000
tpca 0.999 0.95 0.5 500 2000 0 2000 2000
mix 0.03 0.95 0.5 500 5.014 0.659 4 5
mix 0.1 0.95 0.5 500 4.13 0.574 3 4
mix 0.3 0.95 0.5 500 3.656 0.535 3 4
mix 1 0.95 0.5 500 3.3 0.484 3 3
max_pca 1 0.95 0.75 500 174.776 295.273 50.95 115
max_pca 2 0.95 0.75 500 72.304 19.281 39 68
max_pca 3 0.95 0.75 500 52.626 10.618 34.475 51
max_pca 5 0.95 0.75 500 38.722 6.205 28 38
max_pca 10 0.95 0.75 500 30.292 3.863 23 30
max_pca 20 0.95 0.75 500 22.3 2.41 18 22
min_pca 1 0.95 0.75 500 2000 0 2000 2000
min_pca 2 0.95 0.75 500 2000 0 2000 2000
min_pca 3 0.95 0.75 500 2000 0 2000 2000
min_pca 5 0.95 0.75 500 2000 0 2000 2000
min_pca 10 0.95 0.75 500 2000 0 2000 2000
min_pca 20 0.95 0.75 500 2000 0 2000 2000
tpca 0.8 0.95 0.75 500 2000 0 2000 2000
tpca 0.9 0.95 0.75 500 2000 0 2000 2000
tpca 0.95 0.95 0.75 500 2000 0 2000 2000
tpca 0.99 0.95 0.75 500 2000 0 2000 2000
tpca 0.995 0.95 0.75 500 2000 0 2000 2000
tpca 0.999 0.95 0.75 500 2000 0 2000 2000
mix 0.03 0.95 0.75 500 15.328 3.144 9 15
mix 0.1 0.95 0.75 500 12.576 2.56 8 12
mix 0.3 0.95 0.75 500 11.038 2.302 7 11
mix 1 0.95 0.75 500 10.094 2.12 6 10
max_pca 1 0.95 1.5 500 1894.47 426.807 135.65 2000
max_pca 2 0.95 1.5 500 2000 0 2000 2000
max_pca 3 0.95 1.5 500 2000 0 2000 2000
max_pca 5 0.95 1.5 500 2000 0 2000 2000
max_pca 10 0.95 1.5 500 2000 0 2000 2000
max_pca 20 0.95 1.5 500 2000 0 2000 2000
min_pca 1 0.95 1.5 500 59.352 24.597 19 55
min_pca 2 0.95 1.5 500 44.224 13.371 21 43
min_pca 3 0.95 1.5 500 35.026 8.289 21 34
min_pca 5 0.95 1.5 500 31.986 5.854 22 31
min_pca 10 0.95 1.5 500 28.098 3.889 21 28
min_pca 20 0.95 1.5 500 25.79 2.68 21 26
tpca 0.8 0.95 1.5 500 44.224 13.371 21 43
tpca 0.9 0.95 1.5 500 28.05 4.374 20 28
tpca 0.95 0.95 1.5 500 26.004 3.136 20 26
tpca 0.99 0.95 1.5 500 25.292 2.835 20 25
tpca 0.995 0.95 1.5 500 25.292 2.835 20 25
tpca 0.999 0.95 1.5 500 25.292 2.835 20 25
mix 0.03 0.95 1.5 500 5.04 1.041 3 5
mix 0.1 0.95 1.5 500 4.622 0.919 3 5
mix 0.3 0.95 1.5 500 4.436 0.869 3 4
mix 1 0.95 1.5 500 4.386 0.848 3 4
max_pca 1 0.95 2 500 87.644 217.644 15 53.025
max_pca 2 0.95 2 500 71.13 152.425 21 52
max_pca 3 0.95 2 500 84.22 174.453 27.475 63
max_pca 5 0.95 2 500 86.656 90.273 39.475 77
max_pca 10 0.95 2 500 61.002 15.081 36 59
max_pca 20 0.95 2 500 30.546 5.939 20 30
min_pca 1 0.95 2 500 21.376 10.327 5 19.025
min_pca 2 0.95 2 500 17.562 6.128 8 16
min_pca 3 0.95 2 500 15.364 4.076 9 15
min_pca 5 0.95 2 500 14.64 3.003 9 14
min_pca 10 0.95 2 500 13.22 1.987 10 13
min_pca 20 0.95 2 500 11.994 1.372 10 12
tpca 0.8 0.95 2 500 17.562 6.128 8 16
tpca 0.9 0.95 2 500 13.104 2.321 9 13
tpca 0.95 0.95 2 500 11.972 1.601 9 12
tpca 0.99 0.95 2 500 11.52 1.423 9 11
tpca 0.995 0.95 2 500 11.52 1.423 9 11
tpca 0.999 0.95 2 500 11.52 1.423 9 11
mix 0.03 0.95 2 500 2.46 0.499 2 2
mix 0.1 0.95 2 500 2.276 0.447 2 2
mix 0.3 0.95 2 500 2.208 0.406 2 2
mix 1 0.95 2 500 2.18 0.385 2 2
max_pca 1 0.9 0.5 500 46.37 23.948 22 42
max_pca 2 0.9 0.5 500 31.32 8.427 18.475 29.025
max_pca 3 0.9 0.5 500 25.542 5.29 17 25
max_pca 5 0.9 0.5 500 20.352 3.012 15 20
max_pca 10 0.9 0.5 500 16.138 1.821 13 16
max_pca 20 0.9 0.5 500 11.74 1.145 10 12
min_pca 1 0.9 0.5 500 1876.014 466.983 108.375 2000
min_pca 2 0.9 0.5 500 1992.664 115.891 2000 2000
min_pca 3 0.9 0.5 500 2000 0 2000 2000
min_pca 5 0.9 0.5 500 2000 0 2000 2000
min_pca 10 0.9 0.5 500 2000 0 2000 2000
min_pca 20 0.9 0.5 500 2000 0 2000 2000
tpca 0.8 0.9 0.5 500 1992.664 115.891 2000 2000
tpca 0.9 0.9 0.5 500 2000 0 2000 2000
tpca 0.95 0.9 0.5 500 2000 0 2000 2000
tpca 0.99 0.9 0.5 500 2000 0 2000 2000
tpca 0.995 0.9 0.5 500 2000 0 2000 2000
tpca 0.999 0.9 0.5 500 2000 0 2000 2000
mix 0.03 0.9 0.5 500 5.122 0.71 4 5
mix 0.1 0.9 0.5 500 4.264 0.612 3 4
mix 0.3 0.9 0.5 500 3.804 0.546 3 4
mix 1 0.9 0.5 500 3.432 0.527 3 3
max_pca 1 0.9 0.75 500 244.368 429.742 57.475 124
max_pca 2 0.9 0.75 500 77.618 21.949 42 75
max_pca 3 0.9 0.75 500 56.136 11.691 35.475 55
max_pca 5 0.9 0.75 500 40.874 6.455 29 40
max_pca 10 0.9 0.75 500 31.946 4.006 25 31.025
max_pca 20 0.9 0.75 500 23.266 2.535 18.475 23
min_pca 1 0.9 0.75 500 2000 0 2000 2000
min_pca 2 0.9 0.75 500 2000 0 2000 2000
min_pca 3 0.9 0.75 500 2000 0 2000 2000
min_pca 5 0.9 0.75 500 2000 0 2000 2000
min_pca 10 0.9 0.75 500 2000 0 2000 2000
min_pca 20 0.9 0.75 500 2000 0 2000 2000
tpca 0.8 0.9 0.75 500 2000 0 2000 2000
tpca 0.9 0.9 0.75 500 2000 0 2000 2000
tpca 0.95 0.9 0.75 500 2000 0 2000 2000
tpca 0.99 0.9 0.75 500 2000 0 2000 2000
tpca 0.995 0.9 0.75 500 2000 0 2000 2000
tpca 0.999 0.9 0.75 500 2000 0 2000 2000
mix 0.03 0.9 0.75 500 15.528 2.885 10 15
mix 0.1 0.9 0.75 500 12.836 2.457 8 13
mix 0.3 0.9 0.75 500 11.194 2.188 7 11
mix 1 0.9 0.75 500 10.278 2.001 7 10
max_pca 1 0.9 1.5 500 1960.034 266.848 2000 2000
max_pca 2 0.9 1.5 500 2000 0 2000 2000
max_pca 3 0.9 1.5 500 2000 0 2000 2000
max_pca 5 0.9 1.5 500 2000 0 2000 2000
max_pca 10 0.9 1.5 500 2000 0 2000 2000
max_pca 20 0.9 1.5 500 2000 0 2000 2000
min_pca 1 0.9 1.5 500 55.574 25.352 20 50
min_pca 2 0.9 1.5 500 43.598 12.614 23 41
min_pca 3 0.9 1.5 500 35.346 7.983 21 34
min_pca 5 0.9 1.5 500 32.3 5.449 22 32
min_pca 10 0.9 1.5 500 28.836 3.818 21.475 29
min_pca 20 0.9 1.5 500 26.858 2.716 22 27
tpca 0.8 0.9 1.5 500 43.598 12.614 23 41
tpca 0.9 0.9 1.5 500 28.996 4.413 21 29
tpca 0.95 0.9 1.5 500 27.034 3.178 21 27
tpca 0.99 0.9 1.5 500 26.326 2.874 21 26
tpca 0.995 0.9 1.5 500 26.326 2.874 21 26
tpca 0.999 0.9 1.5 500 26.326 2.874 21 26
mix 0.03 0.9 1.5 500 5.274 1.132 3 5
mix 0.1 0.9 1.5 500 4.816 1.032 3 5
mix 0.3 0.9 1.5 500 4.612 1.018 3 4
mix 1 0.9 1.5 500 4.542 0.991 3 4
max_pca 1 0.9 2 500 118.168 299.359 16.475 59.025
max_pca 2 0.9 2 500 91.89 195.829 22.475 63
max_pca 3 0.9 2 500 128.436 295.91 30 74
max_pca 5 0.9 2 500 141.048 281.179 43.475 94.025
max_pca 10 0.9 2 500 72.948 18.376 40.475 71.025
max_pca 20 0.9 2 500 35.064 6.842 22 35
min_pca 1 0.9 2 500 19.368 9.866 6 17
min_pca 2 0.9 2 500 17.002 6.154 7 16
min_pca 3 0.9 2 500 15.318 4.41 8 15
min_pca 5 0.9 2 500 14.526 3.096 9 14
min_pca 10 0.9 2 500 13.346 2.078 9.475 13
min_pca 20 0.9 2 500 12.344 1.44 10 12
tpca 0.8 0.9 2 500 17.002 6.154 7 16
tpca 0.9 0.9 2 500 13.234 2.411 9 13
tpca 0.95 0.9 2 500 12.232 1.702 9 12
tpca 0.99 0.9 2 500 11.844 1.564 9 12
tpca 0.995 0.9 2 500 11.844 1.564 9 12
tpca 0.999 0.9 2 500 11.844 1.564 9 12
mix 0.03 0.9 2 500 2.48 0.5 2 2
mix 0.1 0.9 2 500 2.302 0.46 2 2
mix 0.3 0.9 2 500 2.218 0.413 2 2
mix 1 0.9 2 500 2.192 0.394 2 2
max_pca 1 0.7 0.5 500 125.644 309.526 29 63
max_pca 2 0.7 0.5 500 52.12 89.319 24 44
max_pca 3 0.7 0.5 500 37.218 9.408 23 36
max_pca 5 0.7 0.5 500 28.924 5.152 20 28
max_pca 10 0.7 0.5 500 22.892 2.903 18 23
max_pca 20 0.7 0.5 500 16.81 1.879 13 17
min_pca 1 0.7 0.5 500 1126.122 944.49 40 2000
min_pca 2 0.7 0.5 500 1754.358 630.711 109.425 2000
min_pca 3 0.7 0.5 500 1985.334 163.485 2000 2000
min_pca 5 0.7 0.5 500 2000 0 2000 2000
min_pca 10 0.7 0.5 500 2000 0 2000 2000
min_pca 20 0.7 0.5 500 2000 0 2000 2000
tpca 0.8 0.7 0.5 500 1754.358 630.711 109.425 2000
tpca 0.9 0.7 0.5 500 2000 0 2000 2000
tpca 0.95 0.7 0.5 500 2000 0 2000 2000
tpca 0.99 0.7 0.5 500 2000 0 2000 2000
tpca 0.995 0.7 0.5 500 2000 0 2000 2000
tpca 0.999 0.7 0.5 500 2000 0 2000 2000
mix 0.03 0.7 0.5 500 5.872 0.796 4 6
mix 0.1 0.7 0.5 500 4.914 0.641 4 5
mix 0.3 0.7 0.5 500 4.396 0.632 3 4
mix 1 0.7 0.5 500 4.022 0.592 3 4
max_pca 1 0.7 0.75 500 757.054 852.424 72 188.025
max_pca 2 0.7 0.75 500 118.326 151.388 50.95 97.025
max_pca 3 0.7 0.75 500 72.576 16.592 43 70
max_pca 5 0.7 0.75 500 51.082 8.958 35 50
max_pca 10 0.7 0.75 500 39.226 5.725 29 38
max_pca 20 0.7 0.75 500 29.174 3.487 23 29
min_pca 1 0.7 0.75 500 1992.664 115.889 2000 2000
min_pca 2 0.7 0.75 500 2000 0 2000 2000
min_pca 3 0.7 0.75 500 2000 0 2000 2000
min_pca 5 0.7 0.75 500 2000 0 2000 2000
min_pca 10 0.7 0.75 500 2000 0 2000 2000
min_pca 20 0.7 0.75 500 2000 0 2000 2000
tpca 0.8 0.7 0.75 500 2000 0 2000 2000
tpca 0.9 0.7 0.75 500 2000 0 2000 2000
tpca 0.95 0.7 0.75 500 2000 0 2000 2000
tpca 0.99 0.7 0.75 500 2000 0 2000 2000
tpca 0.995 0.7 0.75 500 2000 0 2000 2000
tpca 0.999 0.7 0.75 500 2000 0 2000 2000
mix 0.03 0.7 0.75 500 18.864 3.833 11.475 19
mix 0.1 0.7 0.75 500 15.616 3.284 9 15
mix 0.3 0.7 0.75 500 13.944 2.957 8 14
mix 1 0.7 0.75 500 12.966 2.864 7 13
max_pca 1 0.7 1.5 500 1995.626 85.721 2000 2000
max_pca 2 0.7 1.5 500 2000 0 2000 2000
max_pca 3 0.7 1.5 500 2000 0 2000 2000
max_pca 5 0.7 1.5 500 2000 0 2000 2000
max_pca 10 0.7 1.5 500 2000 0 2000 2000
max_pca 20 0.7 1.5 500 2000 0 2000 2000
min_pca 1 0.7 1.5 500 44.632 19.649 17 40
min_pca 2 0.7 1.5 500 42.394 13.185 22 40.025
min_pca 3 0.7 1.5 500 38.044 9.017 23 37
min_pca 5 0.7 1.5 500 36.692 6.763 25 36
min_pca 10 0.7 1.5 500 33.948 4.551 25 34
min_pca 20 0.7 1.5 500 32.214 3.277 26 32
tpca 0.8 0.7 1.5 500 42.394 13.185 22 40.025
tpca 0.9 0.7 1.5 500 33.79 5.233 24 33
tpca 0.95 0.7 1.5 500 32.246 3.982 25 32
tpca 0.99 0.7 1.5 500 31.67 3.589 25 31
tpca 0.995 0.7 1.5 500 31.67 3.589 25 31
tpca 0.999 0.7 1.5 500 31.67 3.589 25 31
mix 0.03 0.7 1.5 500 5.976 1.432 4 6
mix 0.1 0.7 1.5 500 5.486 1.29 3 5
mix 0.3 0.7 1.5 500 5.32 1.222 3 5
mix 1 0.7 1.5 500 5.308 1.215 3 5
max_pca 1 0.7 2 500 751.324 893.833 25.425 141.05
max_pca 2 0.7 2 500 787.08 903.682 43 149
max_pca 3 0.7 2 500 1025.832 933.764 64.475 198
max_pca 5 0.7 2 500 1528.468 804.854 111.225 2000
max_pca 10 0.7 2 500 1066.024 924.082 96.475 199.025
max_pca 20 0.7 2 500 73.04 15.929 47 70
min_pca 1 0.7 2 500 13.976 7.684 4.475 12
min_pca 2 0.7 2 500 14.858 5.504 7 14
min_pca 3 0.7 2 500 15.408 4.232 9 15
min_pca 5 0.7 2 500 16.116 3.594 10 16
min_pca 10 0.7 2 500 15.664 2.426 11 15
min_pca 20 0.7 2 500 14.854 1.654 12 15
tpca 0.8 0.7 2 500 14.858 5.504 7 14
tpca 0.9 0.7 2 500 15.272 2.584 11 15
tpca 0.95 0.7 2 500 14.656 2.013 11 15
tpca 0.99 0.7 2 500 14.33 1.826 11 14
tpca 0.995 0.7 2 500 14.33 1.826 11 14
tpca 0.999 0.7 2 500 14.33 1.826 11 14
mix 0.03 0.7 2 500 2.776 0.467 2 3
mix 0.1 0.7 2 500 2.652 0.493 2 3
mix 0.3 0.7 2 500 2.568 0.504 2 3
mix 1 0.7 2 500 2.552 0.506 2 3
max_pca 1 0.5 0.5 500 426.368 697.199 43 112
max_pca 2 0.5 0.5 500 91.748 153.209 36 70
max_pca 3 0.5 0.5 500 56.294 15.12 31 53
max_pca 5 0.5 0.5 500 41.224 7.528 27.475 40
max_pca 10 0.5 0.5 500 32.36 4.68 24 32
max_pca 20 0.5 0.5 500 23.808 2.774 19 23.025
min_pca 1 0.5 0.5 500 577.148 823.389 35.475 115
min_pca 2 0.5 0.5 500 1250.406 915.465 81.95 2000
min_pca 3 0.5 0.5 500 1650.484 722.496 127.85 2000
min_pca 5 0.5 0.5 500 1992.762 114.328 2000 2000
min_pca 10 0.5 0.5 500 2000 0 2000 2000
min_pca 20 0.5 0.5 500 2000 0 2000 2000
tpca 0.8 0.5 0.5 500 1250.406 915.465 81.95 2000
tpca 0.9 0.5 0.5 500 2000 0 2000 2000
tpca 0.95 0.5 0.5 500 2000 0 2000 2000
tpca 0.99 0.5 0.5 500 2000 0 2000 2000
tpca 0.995 0.5 0.5 500 2000 0 2000 2000
tpca 0.999 0.5 0.5 500 2000 0 2000 2000
mix 0.03 0.5 0.5 500 6.81 0.963 5 7
mix 0.1 0.5 0.5 500 5.822 0.903 4 6
mix 0.3 0.5 0.5 500 5.3 0.853 4 5
mix 1 0.5 0.5 500 4.944 0.85 3 5
max_pca 1 0.5 0.75 500 1357.958 860.009 105.9 2000
max_pca 2 0.5 0.75 500 353.55 588.763 67.475 139
max_pca 3 0.5 0.75 500 95.97 22.981 59.475 92
max_pca 5 0.5 0.75 500 64.978 11.394 45 64
max_pca 10 0.5 0.75 500 49.906 7.112 37 49
max_pca 20 0.5 0.75 500 37.162 4.845 29 37
min_pca 1 0.5 0.75 500 1977.852 201.199 2000 2000
min_pca 2 0.5 0.75 500 2000 0 2000 2000
min_pca 3 0.5 0.75 500 1996.392 80.677 2000 2000
min_pca 5 0.5 0.75 500 2000 0 2000 2000
min_pca 10 0.5 0.75 500 2000 0 2000 2000
min_pca 20 0.5 0.75 500 2000 0 2000 2000
tpca 0.8 0.5 0.75 500 2000 0 2000 2000
tpca 0.9 0.5 0.75 500 2000 0 2000 2000
tpca 0.95 0.5 0.75 500 2000 0 2000 2000
tpca 0.99 0.5 0.75 500 2000 0 2000 2000
tpca 0.995 0.5 0.75 500 2000 0 2000 2000
tpca 0.999 0.5 0.75 500 2000 0 2000 2000
mix 0.03 0.5 0.75 500 23.846 4.951 14 24
mix 0.1 0.5 0.75 500 20.348 4.489 12 20
mix 0.3 0.5 0.75 500 18.64 4.214 11 18
mix 1 0.5 0.75 500 17.776 4.233 10 17
max_pca 1 0.5 1.5 500 1996.032 73.322 2000 2000
max_pca 2 0.5 1.5 500 2000 0 2000 2000
max_pca 3 0.5 1.5 500 2000 0 2000 2000
max_pca 5 0.5 1.5 500 2000 0 2000 2000
max_pca 10 0.5 1.5 500 2000 0 2000 2000
max_pca 20 0.5 1.5 500 2000 0 2000 2000
min_pca 1 0.5 1.5 500 50.822 90.445 14.475 40
min_pca 2 0.5 1.5 500 53.336 88.896 23.475 46
min_pca 3 0.5 1.5 500 45.308 12.258 24.475 44
min_pca 5 0.5 1.5 500 44.394 8.857 29.475 43
min_pca 10 0.5 1.5 500 42.352 6.003 31.475 42
min_pca 20 0.5 1.5 500 41.118 4.246 33 41
tpca 0.8 0.5 1.5 500 53.336 88.896 23.475 46
tpca 0.9 0.5 1.5 500 41.66 6.289 30.475 41
tpca 0.95 0.5 1.5 500 40.726 4.97 31 40
tpca 0.99 0.5 1.5 500 40.414 4.503 32 40
tpca 0.995 0.5 1.5 500 40.414 4.503 32 40
tpca 0.999 0.5 1.5 500 40.414 4.503 32 40
mix 0.03 0.5 1.5 500 7.588 1.839 5 7
mix 0.1 0.5 1.5 500 7.164 1.692 4 7
mix 0.3 0.5 1.5 500 7.046 1.664 4 7
mix 1 0.5 1.5 500 7.12 1.689 4 7
max_pca 1 0.5 2 500 1391.44 874.669 45.95 2000
max_pca 2 0.5 2 500 1639.026 736.878 78.475 2000
max_pca 3 0.5 2 500 1852.314 501.458 140.425 2000
max_pca 5 0.5 2 500 1981.854 180.796 2000 2000
max_pca 10 0.5 2 500 2000 0 2000 2000
max_pca 20 0.5 2 500 1879.6 453.404 171.475 2000
min_pca 1 0.5 2 500 18.096 89.404 4 12
min_pca 2 0.5 2 500 15.892 7.281 6 15
min_pca 3 0.5 2 500 17.482 5.382 9 16
min_pca 5 0.5 2 500 19.3 4.488 12 19
min_pca 10 0.5 2 500 19.53 3.072 14 19
min_pca 20 0.5 2 500 19.168 2.282 15 19
tpca 0.8 0.5 2 500 15.892 7.281 6 15
tpca 0.9 0.5 2 500 18.74 3.346 13 18
tpca 0.95 0.5 2 500 18.71 2.568 14 18
tpca 0.99 0.5 2 500 18.406 2.329 14 18
tpca 0.995 0.5 2 500 18.406 2.329 14 18
tpca 0.999 0.5 2 500 18.406 2.329 14 18
mix 0.03 0.5 2 500 3.07 0.496 2 3
mix 0.1 0.5 2 500 2.976 0.486 2 3
mix 0.3 0.5 2 500 2.962 0.479 2 3
mix 1 0.5 2 500 2.992 0.498 2 3
max_pca 1 0.3 0.5 500 1131.786 920.565 64 1909.675
max_pca 2 0.3 0.5 500 406.55 673.268 50 118.025
max_pca 3 0.3 0.5 500 92.298 89.827 45 84
max_pca 5 0.3 0.5 500 60.48 12.364 39 59
max_pca 10 0.3 0.5 500 47.164 7.167 34 47
max_pca 20 0.3 0.5 500 35.288 4.78 26.475 35
min_pca 1 0.3 0.5 500 590.884 828.32 38.95 120
min_pca 2 0.3 0.5 500 1054.034 932.259 75.475 188
min_pca 3 0.3 0.5 500 1159.402 919.275 104.9 2000
min_pca 5 0.3 0.5 500 1619.906 742.479 147.475 2000
min_pca 10 0.3 0.5 500 1938.518 328.048 199 2000
min_pca 20 0.3 0.5 500 2000 0 2000 2000
tpca 0.8 0.3 0.5 500 1054.034 932.259 75.475 188
tpca 0.9 0.3 0.5 500 1818.584 544.815 175 2000
tpca 0.95 0.3 0.5 500 1996.36 81.393 2000 2000
tpca 0.99 0.3 0.5 500 1996.4 80.498 2000 2000
tpca 0.995 0.3 0.5 500 1996.4 80.498 2000 2000
tpca 0.999 0.3 0.5 500 1996.4 80.498 2000 2000
mix 0.03 0.3 0.5 500 8.964 1.334 7 9
mix 0.1 0.3 0.5 500 7.998 1.227 6 8
mix 0.3 0.3 0.5 500 7.52 1.284 5 7
mix 1 0.3 0.5 500 7.29 1.324 5 7
max_pca 1 0.3 0.75 500 1760.63 608.091 126.475 2000
max_pca 2 0.3 0.75 500 959.738 903.081 94.475 214.025
max_pca 3 0.3 0.75 500 131.066 90.196 73 123.025
max_pca 5 0.3 0.75 500 81.654 15.547 53.475 80
max_pca 10 0.3 0.75 500 62.398 9.531 45 61.025
max_pca 20 0.3 0.75 500 46.82 6.314 35 46
min_pca 1 0.3 0.75 500 1977.89 200.866 2000 2000
min_pca 2 0.3 0.75 500 2000 0 2000 2000
min_pca 3 0.3 0.75 500 1930.87 348.189 190.425 2000
min_pca 5 0.3 0.75 500 1887.484 438.1 188.475 2000
min_pca 10 0.3 0.75 500 1757.172 617.948 178.475 2000
min_pca 20 0.3 0.75 500 1963.852 253.291 2000 2000
tpca 0.8 0.3 0.75 500 2000 0 2000 2000
tpca 0.9 0.3 0.75 500 1734.77 642.131 169 2000
tpca 0.95 0.3 0.75 500 1876.874 456.294 189.95 2000
tpca 0.99 0.3 0.75 500 1967.486 240.398 2000 2000
tpca 0.995 0.3 0.75 500 1967.486 240.398 2000 2000
tpca 0.999 0.3 0.75 500 1967.486 240.398 2000 2000
mix 0.03 0.3 0.75 500 34.066 7.498 20 33
mix 0.1 0.3 0.75 500 30.556 6.934 18.475 30
mix 0.3 0.3 0.75 500 29.198 6.751 18 28
mix 1 0.3 0.75 500 28.92 7.023 17 28
max_pca 1 0.3 1.5 500 1996.848 42.299 2000 2000
max_pca 2 0.3 1.5 500 2000 0 2000 2000
max_pca 3 0.3 1.5 500 2000 0 2000 2000
max_pca 5 0.3 1.5 500 1989.088 140.594 2000 2000
max_pca 10 0.3 1.5 500 1989.18 139.406 2000 2000
max_pca 20 0.3 1.5 500 2000 0 2000 2000
min_pca 1 0.3 1.5 500 253.994 570.787 21 61
min_pca 2 0.3 1.5 500 134.256 330.198 34 66
min_pca 3 0.3 1.5 500 66.006 21.049 38 61
min_pca 5 0.3 1.5 500 63.126 14.525 41 60
min_pca 10 0.3 1.5 500 58.942 8.367 44 58
min_pca 20 0.3 1.5 500 57.77 5.86 47 57
tpca 0.8 0.3 1.5 500 134.256 330.198 34 66
tpca 0.9 0.3 1.5 500 58.258 9.233 43 57
tpca 0.95 0.3 1.5 500 57.32 6.987 45.475 57
tpca 0.99 0.3 1.5 500 57.138 6.318 46 56
tpca 0.995 0.3 1.5 500 57.138 6.318 46 56
tpca 0.999 0.3 1.5 500 57.138 6.318 46 56
mix 0.03 0.3 1.5 500 10.628 2.966 6 10
mix 0.1 0.3 1.5 500 10.238 2.889 6 10
mix 0.3 0.3 1.5 500 10.412 2.868 6 10
mix 1 0.3 1.5 500 10.872 3.027 6 10
max_pca 1 0.3 2 500 1903.12 409.682 161.75 2000
max_pca 2 0.3 2 500 1989.58 134.525 2000 2000
max_pca 3 0.3 2 500 2000 0 2000 2000
max_pca 5 0.3 2 500 2000 0 2000 2000
max_pca 10 0.3 2 500 2000 0 2000 2000
max_pca 20 0.3 2 500 2000 0 2000 2000
min_pca 1 0.3 2 500 86.836 359.773 5 15
min_pca 2 0.3 2 500 36.312 154.341 8 18
min_pca 3 0.3 2 500 25.312 11.364 11 22
min_pca 5 0.3 2 500 27.698 8.288 16 26
min_pca 10 0.3 2 500 28.502 5.407 20 28
min_pca 20 0.3 2 500 28.584 3.838 22 28
tpca 0.8 0.3 2 500 36.312 154.341 8 18
tpca 0.9 0.3 2 500 27.342 6.006 18 27
tpca 0.95 0.3 2 500 27.722 4.42 20 27
tpca 0.99 0.3 2 500 27.55 3.863 21 27
tpca 0.995 0.3 2 500 27.55 3.863 21 27
tpca 0.999 0.3 2 500 27.55 3.863 21 27
mix 0.03 0.3 2 500 3.826 0.785 3 4
mix 0.1 0.3 2 500 3.774 0.756 3 4
mix 0.3 0.3 2 500 3.856 0.767 3 4
mix 1 0.3 2 500 4.032 0.825 3 4
max_pca 1 0.1 0.5 500 1872.244 461.281 132.475 2000
max_pca 2 0.1 0.5 500 1472.592 823.84 103.475 2000
max_pca 3 0.1 0.5 500 353.246 575.736 81.475 153
max_pca 5 0.1 0.5 500 94.998 18.732 61 92
max_pca 10 0.1 0.5 500 73.182 11.486 52 71
max_pca 20 0.1 0.5 500 55.766 7.76 42 54.025
min_pca 1 0.1 0.5 500 1332.418 899.228 52.95 2000
min_pca 2 0.1 0.5 500 1567.552 783.398 104.425 2000
min_pca 3 0.1 0.5 500 1255.186 905.743 108.475 2000
min_pca 5 0.1 0.5 500 1060.4 918.394 123 198
min_pca 10 0.1 0.5 500 558.664 748.536 136 179
min_pca 20 0.1 0.5 500 674.668 811.008 152 187
tpca 0.8 0.1 0.5 500 1567.552 783.398 104.425 2000
tpca 0.9 0.1 0.5 500 662.17 814.622 126 177
tpca 0.95 0.1 0.5 500 605.308 776.061 142 182
tpca 0.99 0.1 0.5 500 827.65 872.593 152.475 189.025
tpca 0.995 0.1 0.5 500 827.65 872.593 152.475 189.025
tpca 0.999 0.1 0.5 500 827.65 872.593 152.475 189.025
mix 0.03 0.1 0.5 500 16.202 2.771 11 16
mix 0.1 0.1 0.5 500 16.206 3.013 10 16
mix 0.3 0.1 0.5 500 17.152 3.506 10 17
mix 1 0.1 0.5 500 19.066 4.283 11 19
max_pca 1 0.1 0.75 500 1958.034 266.997 1872.95 2000
max_pca 2 0.1 0.75 500 1744.012 630.833 145.95 2000
max_pca 3 0.1 0.75 500 605.034 785.617 93 175
max_pca 5 0.1 0.75 500 105.766 21.837 66.475 103
max_pca 10 0.1 0.75 500 80.134 13.33 55 78
max_pca 20 0.1 0.75 500 61.608 8.595 46 61
min_pca 1 0.1 0.75 500 1996.234 84.21 2000 2000
min_pca 2 0.1 0.75 500 1996.358 81.438 2000 2000
min_pca 3 0.1 0.75 500 1784.988 588.467 165.95 2000
min_pca 5 0.1 0.75 500 1198.378 905.337 141 2000
min_pca 10 0.1 0.75 500 373.172 578.583 131.9 170
min_pca 20 0.1 0.75 500 256.236 383.571 143 173
tpca 0.8 0.1 0.75 500 1996.358 81.438 2000 2000
tpca 0.9 0.1 0.75 500 494.428 701.54 129.425 173
tpca 0.95 0.1 0.75 500 338.04 529.781 136.95 171
tpca 0.99 0.1 0.75 500 433.956 637.89 143.475 178
tpca 0.995 0.1 0.75 500 433.956 637.89 143.475 178
tpca 0.999 0.1 0.75 500 433.956 637.89 143.475 178
mix 0.03 0.1 0.75 500 76.256 19.481 44 74
mix 0.1 0.1 0.75 500 77.132 21.208 42 75
mix 0.3 0.1 0.75 500 83.678 24.647 41 79
mix 1 0.1 0.75 500 95.49 29.754 41.475 90.025
max_pca 1 0.1 1.5 500 1996.228 84.344 2000 2000
max_pca 2 0.1 1.5 500 1996.302 82.69 2000 2000
max_pca 3 0.1 1.5 500 1819.062 543.458 163.475 2000
max_pca 5 0.1 1.5 500 711.596 840.808 106 180
max_pca 10 0.1 1.5 500 177.148 262.044 91.475 137
max_pca 20 0.1 1.5 500 112.528 18.792 80 110
min_pca 1 0.1 1.5 500 1076.52 951.232 33 190.025
min_pca 2 0.1 1.5 500 961.084 937.413 55.475 172.025
min_pca 3 0.1 1.5 500 388.102 657.451 63.475 123
min_pca 5 0.1 1.5 500 129.438 170.696 64.475 111
min_pca 10 0.1 1.5 500 100.05 15.992 70.475 99
min_pca 20 0.1 1.5 500 98.804 11.231 79 98
tpca 0.8 0.1 1.5 500 961.084 937.413 55.475 172.025
tpca 0.9 0.1 1.5 500 101.596 17.952 69 100
tpca 0.95 0.1 1.5 500 99.012 13.92 73 98
tpca 0.99 0.1 1.5 500 100.148 12.469 76 99
tpca 0.995 0.1 1.5 500 100.148 12.469 76 99
tpca 0.999 0.1 1.5 500 100.148 12.469 76 99
mix 0.03 0.1 1.5 500 24.188 7.738 12 23
mix 0.1 0.1 1.5 500 25.258 7.996 13 24
mix 0.3 0.1 1.5 500 27.918 9.005 14 26
mix 1 0.1 1.5 500 32.022 10.555 15.475 31
max_pca 1 0.1 2 500 1996.174 84.528 2000 2000
max_pca 2 0.1 2 500 1996.316 82.377 2000 2000
max_pca 3 0.1 2 500 1981.972 179.589 2000 2000
max_pca 5 0.1 2 500 1789.498 581.824 164.375 2000
max_pca 10 0.1 2 500 1666.514 703.066 162 2000
max_pca 20 0.1 2 500 1461.152 831.908 150 2000
min_pca 1 0.1 2 500 811.284 963.776 8 40
min_pca 2 0.1 2 500 748.696 943.693 13 46
min_pca 3 0.1 2 500 128.322 321.481 20 54
min_pca 5 0.1 2 500 69.226 30.631 29 59
min_pca 10 0.1 2 500 63.854 16.726 38.475 61
min_pca 20 0.1 2 500 63.8 10.866 45 62
tpca 0.8 0.1 2 500 748.696 943.693 13 46
tpca 0.9 0.1 2 500 62.774 18.487 34.475 59
tpca 0.95 0.1 2 500 62.692 13.472 41 61
tpca 0.99 0.1 2 500 63.134 12.277 43 61.025
tpca 0.995 0.1 2 500 63.134 12.277 43 61.025
tpca 0.999 0.1 2 500 63.134 12.277 43 61.025
mix 0.03 0.1 2 500 7.214 2.042 4 7
mix 0.1 0.1 2 500 7.57 2.114 4 7
mix 0.3 0.1 2 500 8.244 2.3 4 8
mix 1 0.1 2 500 9.206 2.586 5 9
max_pca 1 0.05 0.5 500 1917.486 376.703 190.475 2000
max_pca 2 0.05 0.5 500 1665.406 706.041 126.325 2000
max_pca 3 0.05 0.5 500 665.14 821.844 92 175
max_pca 5 0.05 0.5 500 108.144 24.038 67.425 104
max_pca 10 0.05 0.5 500 83.308 14.42 57.95 82
max_pca 20 0.05 0.5 500 63.548 9.235 47 63
min_pca 1 0.05 0.5 500 1591.646 774.418 81.475 2000
min_pca 2 0.05 0.5 500 1737.776 645.334 118.95 2000
min_pca 3 0.05 0.5 500 1366.998 875.18 109.475 2000
min_pca 5 0.05 0.5 500 947.29 907.981 123.95 192
min_pca 10 0.05 0.5 500 265.44 423.347 124.425 163
min_pca 20 0.05 0.5 500 195.39 230.891 135 167
tpca 0.8 0.05 0.5 500 1737.776 645.334 118.95 2000
tpca 0.9 0.05 0.5 500 364.426 575.982 116 168
tpca 0.95 0.05 0.5 500 263.546 415.657 126.95 165
tpca 0.99 0.05 0.5 500 290.818 455.097 138 171
tpca 0.995 0.05 0.5 500 290.818 455.097 138 171
tpca 0.999 0.05 0.5 500 290.818 455.097 138 171
mix 0.03 0.05 0.5 500 24.67 4.915 16 24
mix 0.1 0.05 0.5 500 26.93 5.865 16 26
mix 0.3 0.05 0.5 500 30.822 7.124 16 31
mix 1 0.05 0.5 500 37.058 9.517 19.475 36
max_pca 1 0.05 0.75 500 1989.562 126.284 2000 2000
max_pca 2 0.05 0.75 500 1869.52 469.062 168.475 2000
max_pca 3 0.05 0.75 500 831.52 878.136 107.475 194
max_pca 5 0.05 0.75 500 113.068 22.259 75 111
max_pca 10 0.05 0.75 500 86.988 13.69 62 85
max_pca 20 0.05 0.75 500 66.882 9.405 49 66
min_pca 1 0.05 0.75 500 1996.32 82.287 2000 2000
min_pca 2 0.05 0.75 500 2000 0 2000 2000
min_pca 3 0.05 0.75 500 1712.032 665.489 158.475 2000
min_pca 5 0.05 0.75 500 1060.868 914.233 130.475 199
min_pca 10 0.05 0.75 500 231.042 352.412 125 161
min_pca 20 0.05 0.75 500 175.772 164.685 133 160
tpca 0.8 0.05 0.75 500 2000 0 2000 2000
tpca 0.9 0.05 0.75 500 317.378 510.419 123.475 165
tpca 0.95 0.05 0.75 500 194.172 245.333 128 159.025
tpca 0.99 0.05 0.75 500 216.812 303.375 135 165
tpca 0.995 0.05 0.75 500 216.812 303.375 135 165
tpca 0.999 0.05 0.75 500 216.812 303.375 135 165
mix 0.03 0.05 0.75 500 171.368 278.838 60.475 124
mix 0.1 0.05 0.75 500 275.156 469.18 64.425 139.025
mix 0.3 0.05 0.75 500 505.452 711.186 73.95 166.025
mix 1 0.05 0.75 500 916.16 887.881 83.475 226.025
max_pca 1 0.05 1.5 500 1995.076 81.012 2000 2000
max_pca 2 0.05 1.5 500 1975.402 207.001 2000 2000
max_pca 3 0.05 1.5 500 1680.564 692.164 147.475 2000
max_pca 5 0.05 1.5 500 241.792 405.49 93 146
max_pca 10 0.05 1.5 500 113.798 20.15 76 112
max_pca 20 0.05 1.5 500 88.682 13.249 64.475 87
min_pca 1 0.05 1.5 500 1476.626 848.856 48 2000
min_pca 2 0.05 1.5 500 1398.608 873.8 78 2000
min_pca 3 0.05 1.5 500 792.27 887.63 81 172
min_pca 5 0.05 1.5 500 244.008 429.188 84.475 141
min_pca 10 0.05 1.5 500 121.354 18.188 88.475 120
min_pca 20 0.05 1.5 500 119.538 12.695 96 118
tpca 0.8 0.05 1.5 500 1398.608 873.8 78 2000
tpca 0.9 0.05 1.5 500 122.904 20.583 87 120
tpca 0.95 0.05 1.5 500 120.156 15.922 92 118
tpca 0.99 0.05 1.5 500 122.186 14.821 96 120
tpca 0.995 0.05 1.5 500 122.186 14.821 96 120
tpca 0.999 0.05 1.5 500 122.186 14.821 96 120
mix 0.03 0.05 1.5 500 41.48 16.05 14.95 38
mix 0.1 0.05 1.5 500 47.244 18.469 18.475 43
mix 0.3 0.05 1.5 500 56.88 23.236 20 52
mix 1 0.05 1.5 500 72.972 32.255 27.475 66
max_pca 1 0.05 2 500 1992.304 102.755 2000 2000
max_pca 2 0.05 2 500 1978.57 194.707 2000 2000
max_pca 3 0.05 2 500 1809.516 554.053 168.425 2000
max_pca 5 0.05 2 500 871.176 892.692 113 188.025
max_pca 10 0.05 2 500 238.918 405.297 99.475 146
max_pca 20 0.05 2 500 119.768 21.042 83 116
min_pca 1 0.05 2 500 1263.726 953.608 12 2000
min_pca 2 0.05 2 500 1202.484 961.747 24 2000
min_pca 3 0.05 2 500 469.076 748.763 32 128
min_pca 5 0.05 2 500 111.162 126.342 42.475 101.025
min_pca 10 0.05 2 500 90.334 21.826 53 89
min_pca 20 0.05 2 500 89.6 14.668 63 89
tpca 0.8 0.05 2 500 1202.484 961.747 24 2000
tpca 0.9 0.05 2 500 90.692 24.91 52 89
tpca 0.95 0.05 2 500 88.654 17.933 58 88.025
tpca 0.99 0.05 2 500 89.806 16.604 61 89
tpca 0.995 0.05 2 500 89.806 16.604 61 89
tpca 0.999 0.05 2 500 89.806 16.604 61 89
mix 0.03 0.05 2 500 11.232 3.901 6 10
mix 0.1 0.05 2 500 12.582 4.2 6 12
mix 0.3 0.05 2 500 14.752 5.168 7 14
mix 1 0.05 2 500 17.648 6.059 8 17
max_pca 1 0.02 0.5 500 1961.352 259.299 2000 2000
max_pca 2 0.02 0.5 500 1898.582 417.47 170.95 2000
max_pca 3 0.02 0.5 500 921.772 897.069 100 202
max_pca 5 0.02 0.5 500 118.002 23.828 77 115
max_pca 10 0.02 0.5 500 88.768 14.088 63.475 88
max_pca 20 0.02 0.5 500 68.32 9.912 52 67
min_pca 1 0.02 0.5 500 1794.966 584.022 96 2000
min_pca 2 0.02 0.5 500 1889.184 439.135 144.65 2000
min_pca 3 0.02 0.5 500 1587.938 767.838 119.475 2000
min_pca 5 0.02 0.5 500 857.124 888.249 122 188
min_pca 10 0.02 0.5 500 181.358 217.772 120 154.025
min_pca 20 0.02 0.5 500 159 83.881 128.475 155
tpca 0.8 0.02 0.5 500 1889.184 439.135 144.65 2000
tpca 0.9 0.02 0.5 500 230.268 362.214 113.475 156.025
tpca 0.95 0.02 0.5 500 180.624 217.734 121 154.025
tpca 0.99 0.02 0.5 500 192.418 245.548 125 158.025
tpca 0.995 0.02 0.5 500 192.418 245.548 125 158.025
tpca 0.999 0.02 0.5 500 192.418 245.548 125 158.025
mix 0.03 0.02 0.5 500 48.184 11.055 27.475 48
mix 0.1 0.02 0.5 500 59.468 15.088 30.475 59
mix 0.3 0.02 0.5 500 74.772 20.486 35 73
mix 1 0.02 0.5 500 95.788 28.636 42.475 93
max_pca 1 0.02 0.75 500 1986.064 144.147 2000 2000
max_pca 2 0.02 0.75 500 1903.394 405.126 197 2000
max_pca 3 0.02 0.75 500 920.152 897.95 114.475 200
max_pca 5 0.02 0.75 500 118.842 26.12 73 116
max_pca 10 0.02 0.75 500 89.27 15.32 61.95 87
max_pca 20 0.02 0.75 500 69.516 10.178 52 69
min_pca 1 0.02 0.75 500 2000 0 2000 2000
min_pca 2 0.02 0.75 500 2000 0 2000 2000
min_pca 3 0.02 0.75 500 1741.68 635.653 165.475 2000
min_pca 5 0.02 0.75 500 936.596 902.24 135.475 194
min_pca 10 0.02 0.75 500 216.386 325.128 128 156
min_pca 20 0.02 0.75 500 159.168 83.777 129 154
tpca 0.8 0.02 0.75 500 2000 0 2000 2000
tpca 0.9 0.02 0.75 500 278.358 451.027 125.95 160
tpca 0.95 0.02 0.75 500 168.326 143.489 129 155
tpca 0.99 0.02 0.75 500 190.01 231.582 130 160
tpca 0.995 0.02 0.75 500 190.01 231.582 130 160
tpca 0.999 0.02 0.75 500 190.01 231.582 130 160
mix 0.03 0.02 0.75 500 1557.262 768.214 118.425 2000
mix 0.1 0.02 0.75 500 1762.712 592.739 144.95 2000
mix 0.3 0.02 0.75 500 1849.67 470.994 182 2000
mix 1 0.02 0.75 500 1890.53 395.764 260.75 2000
max_pca 1 0.02 1.5 500 1980.732 180.974 2000 2000
max_pca 2 0.02 1.5 500 1968.104 236.096 2000 2000
max_pca 3 0.02 1.5 500 1302.404 884.881 132.475 2000
max_pca 5 0.02 1.5 500 145.416 169.107 82 126
max_pca 10 0.02 1.5 500 100.538 17.462 70 98
max_pca 20 0.02 1.5 500 77.132 11.532 57 76
min_pca 1 0.02 1.5 500 1804.68 574.072 82.95 2000
min_pca 2 0.02 1.5 500 1795.674 581.902 121.325 2000
min_pca 3 0.02 1.5 500 1311.864 891.415 102.425 2000
min_pca 5 0.02 1.5 500 468.332 689.382 104 168
min_pca 10 0.02 1.5 500 138.722 18.808 102.475 137
min_pca 20 0.02 1.5 500 135.902 13.126 112 135
tpca 0.8 0.02 1.5 500 1795.674 581.902 121.325 2000
tpca 0.9 0.02 1.5 500 160.696 186.257 101.475 141.025
tpca 0.95 0.02 1.5 500 137.096 16.606 106 136
tpca 0.99 0.02 1.5 500 140.002 15.538 109 138
tpca 0.995 0.02 1.5 500 140.002 15.538 109 138
tpca 0.999 0.02 1.5 500 140.002 15.538 109 138
mix 0.03 0.02 1.5 500 184.898 382.999 35 94
mix 0.1 0.02 1.5 500 437.532 697.521 44 126
mix 0.3 0.02 1.5 500 878.246 899.751 59.475 189.025
mix 1 0.02 1.5 500 1388.674 855.401 71.95 2000
max_pca 1 0.02 2 500 1987.648 130.56 2000 2000
max_pca 2 0.02 2 500 1967.428 240.901 2000 2000
max_pca 3 0.02 2 500 1537.646 793.514 127.9 2000
max_pca 5 0.02 2 500 208.032 338.363 88.475 140.025
max_pca 10 0.02 2 500 111.462 19.89 76 110
max_pca 20 0.02 2 500 86.706 13.235 63.475 85
min_pca 1 0.02 2 500 1634.756 764.912 15.95 2000
min_pca 2 0.02 2 500 1605.398 785.135 27.475 2000
min_pca 3 0.02 2 500 1026.086 937.561 38.9 195.025
min_pca 5 0.02 2 500 327.078 565.748 55.95 150
min_pca 10 0.02 2 500 120.758 25.419 68 122
min_pca 20 0.02 2 500 118.722 17.207 84 119
tpca 0.8 0.02 2 500 1605.398 785.135 27.475 2000
tpca 0.9 0.02 2 500 125.484 88.549 63.475 124
tpca 0.95 0.02 2 500 118.898 20.661 75.475 119.025
tpca 0.99 0.02 2 500 120.66 19.129 81.475 122
tpca 0.995 0.02 2 500 120.66 19.129 81.475 122
tpca 0.999 0.02 2 500 120.66 19.129 81.475 122
mix 0.03 0.02 2 500 24.332 10.677 8 22.025
mix 0.1 0.02 2 500 29.786 12.739 10 28
mix 0.3 0.02 2 500 38.598 16.433 12 36
mix 1 0.02 2 500 51.536 22.204 18 49
