method method_param p change_param n_sim edd sd_edd edd_lower edd_upper
mix 0.03 0.98 0.5 500 8.322 1.863 5 8
mix 0.1 0.98 0.5 500 7.004 1.539 4 7
mix 0.3 0.98 0.5 500 6.368 1.409 4 6
mix 1 0.98 0.5 500 6.002 1.326 4 6
max_pca 1 0.98 0.5 500 1892.378 420 180.475 2000
max_pca 2 0.98 0.5 500 1140.462 904.504 92 1076.625
max_pca 3 0.98 0.5 500 903.81 891.867 82 210.05
max_pca 5 0.98 0.5 500 252.898 445.402 60.95 134
max_pca 10 0.98 0.5 500 81.444 23.746 41.475 79
max_pca 20 0.98 0.5 500 67.066 15.429 42 65
min_pca 1 0.98 0.5 500 2 0 2 2
min_pca 2 0.98 0.5 500 2 0 2 2
min_pca 3 0.98 0.5 500 2 0 2 2
min_pca 5 0.98 0.5 500 2 0 2 2
min_pca 10 0.98 0.5 500 2 0 2 2
min_pca 20 0.98 0.5 500 2 0 2 2
tpca 0.8 0.98 0.5 500 2 0 2 2
tpca 0.9 0.98 0.5 500 2 0 2 2
tpca 0.95 0.98 0.5 500 2 0 2 2
tpca 0.99 0.98 0.5 500 2 0 2 2
tpca 0.995 0.98 0.5 500 2 0 2 2
tpca 0.999 0.98 0.5 500 2 0 2 2
mix 0.03 0.98 0.7 500 5.17 0.824 4 5
mix 0.1 0.98 0.7 500 4.446 0.74 3 4
mix 0.3 0.98 0.7 500 4.048 0.72 3 4
mix 1 0.98 0.7 500 3.806 0.646 3 4
max_pca 1 0.98 0.7 500 1810.17 540.082 190.275 2000
max_pca 2 0.98 0.7 500 576.84 765.283 70 170
max_pca 3 0.98 0.7 500 391.614 616.01 65 152
max_pca 5 0.98 0.7 500 105.336 37.011 47 98
max_pca 10 0.98 0.7 500 55.898 15.935 28.475 54
max_pca 20 0.98 0.7 500 37.37 7.432 24.475 37
min_pca 1 0.98 0.7 500 2 0 2 2
min_pca 2 0.98 0.7 500 2 0 2 2
min_pca 3 0.98 0.7 500 2 0 2 2
min_pca 5 0.98 0.7 500 2 0 2 2
min_pca 10 0.98 0.7 500 2 0 2 2
min_pca 20 0.98 0.7 500 2 0 2 2
tpca 0.8 0.98 0.7 500 2 0 2 2
tpca 0.9 0.98 0.7 500 2 0 2 2
tpca 0.95 0.98 0.7 500 2 0 2 2
tpca 0.99 0.98 0.7 500 2 0 2 2
tpca 0.995 0.98 0.7 500 2 0 2 2
tpca 0.999 0.98 0.7 500 2 0 2 2
mix 0.03 0.98 1 500 3.38 0.522 3 3
mix 0.1 0.98 1 500 3.024 0.374 2 3
mix 0.3 0.98 1 500 2.868 0.362 2 3
mix 1 0.98 1 500 2.72 0.449 2 3
max_pca 1 0.98 1 500 1573.518 762.197 111.425 2000
max_pca 2 0.98 1 500 166.286 292.798 45 113
max_pca 3 0.98 1 500 126.428 193.53 44.475 99
max_pca 5 0.98 1 500 70.686 23.161 36 67
max_pca 10 0.98 1 500 33.836 9.31 18 32
max_pca 20 0.98 1 500 20.246 4.026 13 20
min_pca 1 0.98 1 500 2 0 2 2
min_pca 2 0.98 1 500 2 0 2 2
min_pca 3 0.98 1 500 2 0 2 2
min_pca 5 0.98 1 500 2 0 2 2
min_pca 10 0.98 1 500 2 0 2 2
min_pca 20 0.98 1 500 2 0 2 2
tpca 0.8 0.98 1 500 2 0 2 2
tpca 0.9 0.98 1 500 2 0 2 2
tpca 0.95 0.98 1 500 2 0 2 2
tpca 0.99 0.98 1 500 2 0 2 2
tpca 0.995 0.98 1 500 2 0 2 2
tpca 0.999 0.98 1 500 2 0 2 2
mix 0.03 0.98 1.3 500 2.778 0.421 2 3
mix 0.1 0.98 1.3 500 2.334 0.472 2 2
mix 0.3 0.98 1.3 500 2.106 0.308 2 2
mix 1 0.98 1.3 500 2.018 0.133 2 2
max_pca 1 0.98 1.3 500 1306.114 883.112 80.9 2000
max_pca 2 0.98 1.3 500 97.64 131.585 35 79
max_pca 3 0.98 1.3 500 79.556 90.944 30 69
max_pca 5 0.98 1.3 500 48.44 16.143 25 45
max_pca 10 0.98 1.3 500 22.322 5.698 12 22
max_pca 20 0.98 1.3 500 12.624 2.274 9 12
min_pca 1 0.98 1.3 500 2 0 2 2
min_pca 2 0.98 1.3 500 2 0 2 2
min_pca 3 0.98 1.3 500 2 0 2 2
min_pca 5 0.98 1.3 500 2 0 2 2
min_pca 10 0.98 1.3 500 2 0 2 2
min_pca 20 0.98 1.3 500 2 0 2 2
tpca 0.8 0.98 1.3 500 2 0 2 2
tpca 0.9 0.98 1.3 500 2 0 2 2
tpca 0.95 0.98 1.3 500 2 0 2 2
tpca 0.99 0.98 1.3 500 2 0 2 2
tpca 0.995 0.98 1.3 500 2 0 2 2
tpca 0.999 0.98 1.3 500 2 0 2 2
mix 0.03 0.95 0.5 500 8.44 1.826 5 8
mix 0.1 0.95 0.5 500 7.18 1.563 4 7
mix 0.3 0.95 0.5 500 6.548 1.406 4 6
mix 1 0.95 0.5 500 6.182 1.292 4 6
max_pca 1 0.95 0.5 500 1866.556 462.825 180 2000
max_pca 2 0.95 0.5 500 1091.476 907.278 85 352.425
max_pca 3 0.95 0.5 500 901.732 896.372 82.475 203.025
max_pca 5 0.95 0.5 500 313.14 541.064 63.475 135
max_pca 10 0.95 0.5 500 82.76 25.059 40 79
max_pca 20 0.95 0.5 500 67.43 16.376 40 65
min_pca 1 0.95 0.5 500 2 0 2 2
min_pca 2 0.95 0.5 500 2 0 2 2
min_pca 3 0.95 0.5 500 2 0 2 2
min_pca 5 0.95 0.5 500 2 0 2 2
min_pca 10 0.95 0.5 500 2 0 2 2
min_pca 20 0.95 0.5 500 2 0 2 2
tpca 0.8 0.95 0.5 500 2 0 2 2
tpca 0.9 0.95 0.5 500 2 0 2 2
tpca 0.95 0.95 0.5 500 2 0 2 2
tpca 0.99 0.95 0.5 500 2 0 2 2
tpca 0.995 0.95 0.5 500 2 0 2 2
tpca 0.999 0.95 0.5 500 2 0 2 2
mix 0.03 0.95 0.7 500 5.256 0.963 4 5
mix 0.1 0.95 0.7 500 4.532 0.816 3 4
mix 0.3 0.95 0.7 500 4.164 0.744 3 4
mix 1 0.95 0.7 500 3.948 0.647 3 4
max_pca 1 0.95 0.7 500 1827.584 522.49 160.425 2000
max_pca 2 0.95 0.7 500 669.016 822.558 70.475 175.025
max_pca 3 0.95 0.7 500 466.452 690.507 69 155
max_pca 5 0.95 0.7 500 118.876 152.049 49 99
max_pca 10 0.95 0.7 500 56 17.283 27 53
max_pca 20 0.95 0.7 500 38.796 8.326 23.475 38
min_pca 1 0.95 0.7 500 2 0 2 2
min_pca 2 0.95 0.7 500 2 0 2 2
min_pca 3 0.95 0.7 500 2 0 2 2
min_pca 5 0.95 0.7 500 2 0 2 2
min_pca 10 0.95 0.7 500 2 0 2 2
min_pca 20 0.95 0.7 500 2 0 2 2
tpca 0.8 0.95 0.7 500 2 0 2 2
tpca 0.9 0.95 0.7 500 2 0 2 2
tpca 0.95 0.95 0.7 500 2 0 2 2
tpca 0.99 0.95 0.7 500 2 0 2 2
tpca 0.995 0.95 0.7 500 2 0 2 2
tpca 0.999 0.95 0.7 500 2 0 2 2
mix 0.03 0.95 1 500 3.434 0.546 3 3
mix 0.1 0.95 1 500 3.044 0.393 2 3
mix 0.3 0.95 1 500 2.874 0.398 2 3
mix 1 0.95 1 500 2.732 0.452 2 3
max_pca 1 0.95 1 500 1564.572 763.716 98.475 2000
max_pca 2 0.95 1 500 294.034 542.76 46 111.025
max_pca 3 0.95 1 500 168.368 328.797 40.95 98
max_pca 5 0.95 1 500 71.854 26.576 34 66
max_pca 10 0.95 1 500 34.808 9.716 19 33
max_pca 20 0.95 1 500 20.514 4.015 13 20
min_pca 1 0.95 1 500 2 0 2 2
min_pca 2 0.95 1 500 2 0 2 2
min_pca 3 0.95 1 500 2 0 2 2
min_pca 5 0.95 1 500 2 0 2 2
min_pca 10 0.95 1 500 2 0 2 2
min_pca 20 0.95 1 500 2 0 2 2
tpca 0.8 0.95 1 500 2 0 2 2
tpca 0.9 0.95 1 500 2 0 2 2
tpca 0.95 0.95 1 500 2 0 2 2
tpca 0.99 0.95 1 500 2 0 2 2
tpca 0.995 0.95 1 500 2 0 2 2
tpca 0.999 0.95 1 500 2 0 2 2
mix 0.03 0.95 1.3 500 2.816 0.388 2 3
mix 0.1 0.95 1.3 500 2.402 0.491 2 2
mix 0.3 0.95 1.3 500 2.142 0.349 2 2
mix 1 0.95 1.3 500 2.032 0.176 2 2
max_pca 1 0.95 1.3 500 1169.124 912.409 63.425 2000
max_pca 2 0.95 1.3 500 155.544 350.919 30.95 79.025
max_pca 3 0.95 1.3 500 97.12 194.683 29 70
max_pca 5 0.95 1.3 500 48.536 18.449 21.475 44
max_pca 10 0.95 1.3 500 23.072 6.97 12 22
max_pca 20 0.95 1.3 500 13.054 2.461 9 13
min_pca 1 0.95 1.3 500 2 0 2 2
min_pca 2 0.95 1.3 500 2 0 2 2
min_pca 3 0.95 1.3 500 2 0 2 2
min_pca 5 0.95 1.3 500 2 0 2 2
min_pca 10 0.95 1.3 500 2 0 2 2
min_pca 20 0.95 1.3 500 2 0 2 2
tpca 0.8 0.95 1.3 500 2 0 2 2
tpca 0.9 0.95 1.3 500 2 0 2 2
tpca 0.95 0.95 1.3 500 2 0 2 2
tpca 0.99 0.95 1.3 500 2 0 2 2
tpca 0.995 0.95 1.3 500 2 0 2 2
tpca 0.999 0.95 1.3 500 2 0 2 2
mix 0.03 0.9 0.5 500 8.784 1.882 5 9
mix 0.1 0.9 0.5 500 7.58 1.626 5 7
mix 0.3 0.9 0.5 500 6.904 1.473 4 7
mix 1 0.9 0.5 500 6.52 1.427 4 6
max_pca 1 0.9 0.5 500 1846.574 496.453 161.175 2000
max_pca 2 0.9 0.5 500 1098.746 912.61 89.375 368.175
max_pca 3 0.9 0.5 500 927.58 904.076 79.95 208.025
max_pca 5 0.9 0.5 500 284.042 495.766 66.475 136
max_pca 10 0.9 0.5 500 83.328 26.682 41 78
max_pca 20 0.9 0.5 500 70.196 16.109 42.475 67
min_pca 1 0.9 0.5 500 2 0 2 2
min_pca 2 0.9 0.5 500 2 0 2 2
min_pca 3 0.9 0.5 500 2 0 2 2
min_pca 5 0.9 0.5 500 2 0 2 2
min_pca 10 0.9 0.5 500 2 0 2 2
min_pca 20 0.9 0.5 500 2.006 0.077 2 2
tpca 0.8 0.9 0.5 500 2 0 2 2
tpca 0.9 0.9 0.5 500 2 0 2 2
tpca 0.95 0.9 0.5 500 2 0 2 2
tpca 0.99 0.9 0.5 500 2 0 2 2
tpca 0.995 0.9 0.5 500 2 0 2 2
tpca 0.999 0.9 0.5 500 2 0 2 2
mix 0.03 0.9 0.7 500 5.398 1.017 4 5
mix 0.1 0.9 0.7 500 4.686 0.825 3 5
mix 0.3 0.9 0.7 500 4.286 0.781 3 4
mix 1 0.9 0.7 500 4.016 0.73 3 4
max_pca 1 0.9 0.7 500 1712.004 653.762 115.95 2000
max_pca 2 0.9 0.7 500 742.668 862.261 59.475 172
max_pca 3 0.9 0.7 500 562.998 776.362 56 152
max_pca 5 0.9 0.7 500 176.054 355.046 46.475 102.025
max_pca 10 0.9 0.7 500 57.482 18.113 30.475 53
max_pca 20 0.9 0.7 500 40.016 9.438 24 39
min_pca 1 0.9 0.7 500 2 0 2 2
min_pca 2 0.9 0.7 500 2 0 2 2
min_pca 3 0.9 0.7 500 2 0 2 2
min_pca 5 0.9 0.7 500 2 0 2 2
min_pca 10 0.9 0.7 500 2 0 2 2
min_pca 20 0.9 0.7 500 2 0 2 2
tpca 0.8 0.9 0.7 500 2 0 2 2
tpca 0.9 0.9 0.7 500 2 0 2 2
tpca 0.95 0.9 0.7 500 2 0 2 2
tpca 0.99 0.9 0.7 500 2 0 2 2
tpca 0.995 0.9 0.7 500 2 0 2 2
tpca 0.999 0.9 0.7 500 2 0 2 2
mix 0.03 0.9 1 500 3.486 0.543 3 3
mix 0.1 0.9 1 500 3.096 0.399 2 3
mix 0.3 0.9 1 500 2.906 0.365 2 3
mix 1 0.9 1 500 2.794 0.415 2 3
max_pca 1 0.9 1 500 1466.426 832.826 79 2000
max_pca 2 0.9 1 500 421.946 692.761 46 107.025
max_pca 3 0.9 1 500 256.278 510.712 41 94
max_pca 5 0.9 1 500 82.91 127.208 30 65.025
max_pca 10 0.9 1 500 36.174 12.37 18 33
max_pca 20 0.9 1 500 21.918 4.846 14 21
min_pca 1 0.9 1 500 2 0 2 2
min_pca 2 0.9 1 500 2 0 2 2
min_pca 3 0.9 1 500 2 0 2 2
min_pca 5 0.9 1 500 2 0 2 2
min_pca 10 0.9 1 500 2 0 2 2
min_pca 20 0.9 1 500 2 0 2 2
tpca 0.8 0.9 1 500 2 0 2 2
tpca 0.9 0.9 1 500 2 0 2 2
tpca 0.95 0.9 1 500 2 0 2 2
tpca 0.99 0.9 1 500 2 0 2 2
tpca 0.995 0.9 1 500 2 0 2 2
tpca 0.999 0.9 1 500 2 0 2 2
mix 0.03 0.9 1.3 500 2.862 0.345 2 3
mix 0.1 0.9 1.3 500 2.47 0.5 2 2
mix 0.3 0.9 1.3 500 2.188 0.391 2 2
mix 1 0.9 1.3 500 2.068 0.252 2 2
max_pca 1 0.9 1.3 500 1310.972 890.836 57.475 2000
max_pca 2 0.9 1.3 500 247.128 519.63 31.95 85
max_pca 3 0.9 1.3 500 152.538 359.601 27 74.025
max_pca 5 0.9 1.3 500 53.054 25.436 22 46
max_pca 10 0.9 1.3 500 24.456 8.499 13 23
max_pca 20 0.9 1.3 500 13.878 3.201 9 13
min_pca 1 0.9 1.3 500 2 0 2 2
min_pca 2 0.9 1.3 500 2 0 2 2
min_pca 3 0.9 1.3 500 2 0 2 2
min_pca 5 0.9 1.3 500 2 0 2 2
min_pca 10 0.9 1.3 500 2 0 2 2
min_pca 20 0.9 1.3 500 2 0 2 2
tpca 0.8 0.9 1.3 500 2 0 2 2
tpca 0.9 0.9 1.3 500 2 0 2 2
tpca 0.95 0.9 1.3 500 2 0 2 2
tpca 0.99 0.9 1.3 500 2 0 2 2
tpca 0.995 0.9 1.3 500 2 0 2 2
tpca 0.999 0.9 1.3 500 2 0 2 2
mix 0.03 0.7 0.5 500 10.372 2.315 6 10
mix 0.1 0.7 0.5 500 8.958 2.013 5 9
mix 0.3 0.7 0.5 500 8.334 1.865 5 8
mix 1 0.7 0.5 500 7.972 1.818 4 8
max_pca 1 0.7 0.5 500 1803.112 553.19 130.95 2000
max_pca 2 0.7 0.5 500 1191.762 906.255 78.425 2000
max_pca 3 0.7 0.5 500 995.018 911.037 76.475 222
max_pca 5 0.7 0.5 500 450.484 694.132 58 142.025
max_pca 10 0.7 0.5 500 102.846 151.123 43.475 84.025
max_pca 20 0.7 0.5 500 94.45 123.556 45.475 82.025
min_pca 1 0.7 0.5 500 6.268 89.432 2 2
min_pca 2 0.7 0.5 500 2.056 1.208 2 2
min_pca 3 0.7 0.5 500 2.004 0.089 2 2
min_pca 5 0.7 0.5 500 2.004 0.063 2 2
min_pca 10 0.7 0.5 500 2.02 0.154 2 2
min_pca 20 0.7 0.5 500 2.126 0.398 2 2
tpca 0.8 0.7 0.5 500 2.004 0.063 2 2
tpca 0.9 0.7 0.5 500 2.004 0.063 2 2
tpca 0.95 0.7 0.5 500 2.012 0.126 2 2
tpca 0.99 0.7 0.5 500 2.012 0.126 2 2
tpca 0.995 0.7 0.5 500 2.018 0.147 2 2
tpca 0.999 0.7 0.5 500 2.026 0.171 2 2
mix 0.03 0.7 0.7 500 6.072 1.091 4 6
mix 0.1 0.7 0.7 500 5.334 0.955 4 5
mix 0.3 0.7 0.7 500 4.904 0.917 3 5
mix 1 0.7 0.7 500 4.712 0.925 3 5
max_pca 1 0.7 0.7 500 1705.66 663.693 107.375 2000
max_pca 2 0.7 0.7 500 940.91 912.453 60.475 210
max_pca 3 0.7 0.7 500 700.51 850.051 53.475 168
max_pca 5 0.7 0.7 500 233.866 464.465 42 109.025
max_pca 10 0.7 0.7 500 64.724 25.884 26.95 59
max_pca 20 0.7 0.7 500 50.758 16.054 28 47
min_pca 1 0.7 0.7 500 2.43 8.827 2 2
min_pca 2 0.7 0.7 500 2 0 2 2
min_pca 3 0.7 0.7 500 2.002 0.045 2 2
min_pca 5 0.7 0.7 500 2.002 0.045 2 2
min_pca 10 0.7 0.7 500 2.004 0.089 2 2
min_pca 20 0.7 0.7 500 2.026 0.193 2 2
tpca 0.8 0.7 0.7 500 2.002 0.045 2 2
tpca 0.9 0.7 0.7 500 2.002 0.045 2 2
tpca 0.95 0.7 0.7 500 2.004 0.089 2 2
tpca 0.99 0.7 0.7 500 2.004 0.089 2 2
tpca 0.995 0.7 0.7 500 2.004 0.089 2 2
tpca 0.999 0.7 0.7 500 2.006 0.1 2 2
mix 0.03 0.7 1 500 3.91 0.628 3 4
mix 0.1 0.7 1 500 3.464 0.515 3 3
mix 0.3 0.7 1 500 3.266 0.494 3 3
mix 1 0.7 1 500 3.134 0.474 2 3
max_pca 1 0.7 1 500 1442.148 848.148 62 2000
max_pca 2 0.7 1 500 601.002 824.851 40 128
max_pca 3 0.7 1 500 373.048 656.748 36.475 104
max_pca 5 0.7 1 500 107.384 230.023 27.475 69
max_pca 10 0.7 1 500 41.108 17.781 17 36.025
max_pca 20 0.7 1 500 26.66 8.073 15 25
min_pca 1 0.7 1 500 2.038 0.806 2 2
min_pca 2 0.7 1 500 2 0 2 2
min_pca 3 0.7 1 500 2 0 2 2
min_pca 5 0.7 1 500 2 0 2 2
min_pca 10 0.7 1 500 2 0 2 2
min_pca 20 0.7 1 500 2.004 0.063 2 2
tpca 0.8 0.7 1 500 2 0 2 2
tpca 0.9 0.7 1 500 2 0 2 2
tpca 0.95 0.7 1 500 2 0 2 2
tpca 0.99 0.7 1 500 2 0 2 2
tpca 0.995 0.7 1 500 2 0 2 2
tpca 0.999 0.7 1 500 2 0 2 2
mix 0.03 0.7 1.3 500 2.954 0.283 2 3
mix 0.1 0.7 1.3 500 2.79 0.413 2 3
mix 0.3 0.7 1.3 500 2.548 0.498 2 3
mix 1 0.7 1.3 500 2.372 0.484 2 2
max_pca 1 0.7 1.3 500 1205.578 919.592 38.475 2000
max_pca 2 0.7 1.3 500 378.052 678.654 23.95 90
max_pca 3 0.7 1.3 500 203.55 458.763 23 70.025
max_pca 5 0.7 1.3 500 65.518 127.841 20 46
max_pca 10 0.7 1.3 500 27.196 12.267 13 24
max_pca 20 0.7 1.3 500 16.584 4.581 9.475 16
min_pca 1 0.7 1.3 500 2.064 0.922 2 2
min_pca 2 0.7 1.3 500 2 0 2 2
min_pca 3 0.7 1.3 500 2 0 2 2
min_pca 5 0.7 1.3 500 2 0 2 2
min_pca 10 0.7 1.3 500 2 0 2 2
min_pca 20 0.7 1.3 500 2 0 2 2
tpca 0.8 0.7 1.3 500 2 0 2 2
tpca 0.9 0.7 1.3 500 2 0 2 2
tpca 0.95 0.7 1.3 500 2 0 2 2
tpca 0.99 0.7 1.3 500 2 0 2 2
tpca 0.995 0.7 1.3 500 2 0 2 2
tpca 0.999 0.7 1.3 500 2 0 2 2
mix 0.03 0.5 0.5 500 12.88 3.026 7 12
mix 0.1 0.5 0.5 500 11.318 2.746 6 11
mix 0.3 0.5 0.5 500 10.558 2.638 6 10
mix 1 0.5 0.5 500 10.29 2.586 6 10
max_pca 1 0.5 0.5 500 1834.37 511.482 157.025 2000
max_pca 2 0.5 0.5 500 1386.778 861.032 92.9 2000
max_pca 3 0.5 0.5 500 1186.872 908.837 87.375 2000
max_pca 5 0.5 0.5 500 634.678 816.045 61 165
max_pca 10 0.5 0.5 500 122.556 173.74 49 101
max_pca 20 0.5 0.5 500 159.122 302.81 58.475 105
min_pca 1 0.5 0.5 500 6.436 89.615 2 2
min_pca 2 0.5 0.5 500 2.008 0.109 2 2
min_pca 3 0.5 0.5 500 2.004 0.063 2 2
min_pca 5 0.5 0.5 500 2.012 0.126 2 2
min_pca 10 0.5 0.5 500 2.054 0.251 2 2
min_pca 20 0.5 0.5 500 2.27 0.581 2 2
tpca 0.8 0.5 0.5 500 2.012 0.126 2 2
tpca 0.9 0.5 0.5 500 2.012 0.126 2 2
tpca 0.95 0.5 0.5 500 2.032 0.187 2 2
tpca 0.99 0.5 0.5 500 2.036 0.197 2 2
tpca 0.995 0.5 0.5 500 2.054 0.243 2 2
tpca 0.999 0.5 0.5 500 2.074 0.304 2 2
mix 0.03 0.5 0.7 500 7.436 1.433 5 7
mix 0.1 0.5 0.7 500 6.582 1.277 4 6
mix 0.3 0.5 0.7 500 6.226 1.212 4 6
mix 1 0.5 0.7 500 6.05 1.245 4 6
max_pca 1 0.5 0.7 500 1717.758 646.659 109.475 2000
max_pca 2 0.5 0.7 500 1082.912 920.051 65.95 354.05
max_pca 3 0.5 0.7 500 830.006 892.205 60.475 182.025
max_pca 5 0.5 0.7 500 311.43 565.992 49.95 119
max_pca 10 0.5 0.7 500 78.572 91.348 35 69
max_pca 20 0.5 0.7 500 65.942 23.025 34 60
min_pca 1 0.5 0.7 500 2.406 5.594 2 2
min_pca 2 0.5 0.7 500 2.032 0.447 2 2
min_pca 3 0.5 0.7 500 2.004 0.063 2 2
min_pca 5 0.5 0.7 500 2.002 0.045 2 2
min_pca 10 0.5 0.7 500 2.018 0.172 2 2
min_pca 20 0.5 0.7 500 2.084 0.359 2 2
tpca 0.8 0.5 0.7 500 2.002 0.045 2 2
tpca 0.9 0.5 0.7 500 2.002 0.045 2 2
tpca 0.95 0.5 0.7 500 2.008 0.109 2 2
tpca 0.99 0.5 0.7 500 2.012 0.126 2 2
tpca 0.995 0.5 0.7 500 2.016 0.167 2 2
tpca 0.999 0.5 0.7 500 2.018 0.172 2 2
mix 0.03 0.5 1 500 4.516 0.742 3 4
mix 0.1 0.5 1 500 4.098 0.679 3 4
mix 0.3 0.5 1 500 3.87 0.668 3 4
mix 1 0.5 1 500 3.744 0.66 3 4
max_pca 1 0.5 1 500 1532.396 797.691 66.475 2000
max_pca 2 0.5 1 500 725.242 874.313 39.475 154
max_pca 3 0.5 1 500 453.992 726.944 34.95 117
max_pca 5 0.5 1 500 158.6 369.14 30 73
max_pca 10 0.5 1 500 47.724 20.975 19 42
max_pca 20 0.5 1 500 34.982 11.556 20 32
min_pca 1 0.5 1 500 2.258 4.98 2 2
min_pca 2 0.5 1 500 2.034 0.677 2 2
min_pca 3 0.5 1 500 2.012 0.2 2 2
min_pca 5 0.5 1 500 2.01 0.134 2 2
min_pca 10 0.5 1 500 2.01 0.118 2 2
min_pca 20 0.5 1 500 2.02 0.189 2 2
tpca 0.8 0.5 1 500 2.01 0.134 2 2
tpca 0.9 0.5 1 500 2.01 0.134 2 2
tpca 0.95 0.5 1 500 2.008 0.109 2 2
tpca 0.99 0.5 1 500 2.01 0.118 2 2
tpca 0.995 0.5 1 500 2.014 0.173 2 2
tpca 0.999 0.5 1 500 2.01 0.118 2 2
mix 0.03 0.5 1.3 500 3.31 0.484 3 3
mix 0.1 0.5 1.3 500 3.058 0.394 2 3
mix 0.3 0.5 1.3 500 2.932 0.363 2 3
mix 1 0.5 1.3 500 2.86 0.411 2 3
max_pca 1 0.5 1.3 500 1307.214 898.933 41.375 2000
max_pca 2 0.5 1.3 500 556.89 805.521 29 118.025
max_pca 3 0.5 1.3 500 335.268 635.135 27.475 89.025
max_pca 5 0.5 1.3 500 90.586 214.771 21 56
max_pca 10 0.5 1.3 500 33.28 16.832 13.475 28
max_pca 20 0.5 1.3 500 22.378 8.273 12 20
min_pca 1 0.5 1.3 500 6.188 89.383 2 2
min_pca 2 0.5 1.3 500 2 0 2 2
min_pca 3 0.5 1.3 500 2 0 2 2
min_pca 5 0.5 1.3 500 2 0 2 2
min_pca 10 0.5 1.3 500 2 0 2 2
min_pca 20 0.5 1.3 500 2 0 2 2
tpca 0.8 0.5 1.3 500 2 0 2 2
tpca 0.9 0.5 1.3 500 2 0 2 2
tpca 0.95 0.5 1.3 500 2 0 2 2
tpca 0.99 0.5 1.3 500 2 0 2 2
tpca 0.995 0.5 1.3 500 2 0 2 2
tpca 0.999 0.5 1.3 500 2 0 2 2
mix 0.03 0.3 0.5 500 17.784 4.58 9 17
mix 0.1 0.3 0.5 500 16.26 4.447 8 16
mix 0.3 0.3 0.5 500 15.79 4.355 8 15
mix 1 0.3 0.5 500 15.93 4.498 8 16
max_pca 1 0.3 0.5 500 1932.56 340.166 247.425 2000
max_pca 2 0.3 0.5 500 1622.758 734.985 110.9 2000
max_pca 3 0.3 0.5 500 1454.936 835.815 101.475 2000
max_pca 5 0.3 0.5 500 889.988 898.898 76.475 198.025
max_pca 10 0.3 0.5 500 189.062 353.333 53 114.025
max_pca 20 0.3 0.5 500 488.934 723.835 83.9 147.025
min_pca 1 0.3 0.5 500 2.39 3.753 2 2
min_pca 2 0.3 0.5 500 2.048 0.504 2 2
min_pca 3 0.3 0.5 500 2.064 0.664 2 2
min_pca 5 0.3 0.5 500 2.044 0.294 2 2
min_pca 10 0.3 0.5 500 2.152 0.545 2 2
min_pca 20 0.3 0.5 500 2.558 1.047 2 2
tpca 0.8 0.3 0.5 500 2.044 0.294 2 2
tpca 0.9 0.3 0.5 500 2.044 0.294 2 2
tpca 0.95 0.3 0.5 500 2.074 0.37 2 2
tpca 0.99 0.3 0.5 500 2.096 0.423 2 2
tpca 0.995 0.3 0.5 500 2.146 0.534 2 2
tpca 0.999 0.3 0.5 500 2.174 0.59 2 2
mix 0.03 0.3 0.7 500 10.138 2.202 6 10
mix 0.1 0.3 0.7 500 9.298 2.127 6 9
mix 0.3 0.3 0.7 500 9.07 2.126 5 9
mix 1 0.3 0.7 500 9.17 2.22 5 9
max_pca 1 0.3 0.7 500 1808.676 551.735 120.475 2000
max_pca 2 0.3 0.7 500 1304.024 887.746 79.475 2000
max_pca 3 0.3 0.7 500 1104.072 916.804 72.95 373.3
max_pca 5 0.3 0.7 500 517.966 747.41 57.475 150
max_pca 10 0.3 0.7 500 92.894 36.162 40.475 85
max_pca 20 0.3 0.7 500 106.496 150.624 47.475 89
min_pca 1 0.3 0.7 500 10.158 126.235 2 2
min_pca 2 0.3 0.7 500 2.036 0.327 2 2
min_pca 3 0.3 0.7 500 2.024 0.227 2 2
min_pca 5 0.3 0.7 500 2.01 0.1 2 2
min_pca 10 0.3 0.7 500 2.056 0.278 2 2
min_pca 20 0.3 0.7 500 2.224 0.568 2 2
tpca 0.8 0.3 0.7 500 2.01 0.1 2 2
tpca 0.9 0.3 0.7 500 2.01 0.1 2 2
tpca 0.95 0.3 0.7 500 2.024 0.199 2 2
tpca 0.99 0.3 0.7 500 2.032 0.208 2 2
tpca 0.995 0.3 0.7 500 2.056 0.278 2 2
tpca 0.999 0.3 0.7 500 2.06 0.284 2 2
mix 0.03 0.3 1 500 5.776 1.049 4 6
mix 0.1 0.3 1 500 5.406 1.052 4 5
mix 0.3 0.3 1 500 5.21 1.07 3 5
mix 1 0.3 1 500 5.252 1.118 3 5
max_pca 1 0.3 1 500 1648.274 720.063 85.85 2000
max_pca 2 0.3 1 500 998.15 925.653 53 219
max_pca 3 0.3 1 500 707.912 864.991 48 153.075
max_pca 5 0.3 1 500 227.206 466.448 38.475 99
max_pca 10 0.3 1 500 67.548 91.195 26.475 56
max_pca 20 0.3 1 500 58.458 89.281 27.475 49
min_pca 1 0.3 1 500 2.336 3.245 2 2
min_pca 2 0.3 1 500 2.002 0.045 2 2
min_pca 3 0.3 1 500 2.002 0.045 2 2
min_pca 5 0.3 1 500 2.002 0.045 2 2
min_pca 10 0.3 1 500 2.002 0.045 2 2
min_pca 20 0.3 1 500 2.03 0.203 2 2
tpca 0.8 0.3 1 500 2.002 0.045 2 2
tpca 0.9 0.3 1 500 2.002 0.045 2 2
tpca 0.95 0.3 1 500 2.002 0.045 2 2
tpca 0.99 0.3 1 500 2.002 0.045 2 2
tpca 0.995 0.3 1 500 2.002 0.045 2 2
tpca 0.999 0.3 1 500 2.008 0.109 2 2
mix 0.03 0.3 1.3 500 4.112 0.603 3 4
mix 0.1 0.3 1.3 500 3.862 0.586 3 4
mix 0.3 0.3 1.3 500 3.744 0.613 3 4
mix 1 0.3 1.3 500 3.752 0.613 3 4
max_pca 1 0.3 1.3 500 1396.018 866.482 55.475 2000
max_pca 2 0.3 1.3 500 696.96 868.607 36.95 138
max_pca 3 0.3 1.3 500 454.918 731.339 32.475 110.025
max_pca 5 0.3 1.3 500 138.792 320.041 30 72
max_pca 10 0.3 1.3 500 44.824 19.696 18 40
max_pca 20 0.3 1.3 500 34.584 12.866 17 31
min_pca 1 0.3 1.3 500 6.652 89.632 2 2
min_pca 2 0.3 1.3 500 2.006 0.077 2 2
min_pca 3 0.3 1.3 500 2.004 0.063 2 2
min_pca 5 0.3 1.3 500 2.002 0.045 2 2
min_pca 10 0.3 1.3 500 2.004 0.089 2 2
min_pca 20 0.3 1.3 500 2.028 0.177 2 2
tpca 0.8 0.3 1.3 500 2.002 0.045 2 2
tpca 0.9 0.3 1.3 500 2.002 0.045 2 2
tpca 0.95 0.3 1.3 500 2.004 0.089 2 2
tpca 0.99 0.3 1.3 500 2.004 0.089 2 2
tpca 0.995 0.3 1.3 500 2.002 0.045 2 2
tpca 0.999 0.3 1.3 500 2.002 0.045 2 2
mix 0.03 0.1 0.5 500 40.414 11.991 18.475 39
mix 0.1 0.1 0.5 500 41.058 12.619 19 39
mix 0.3 0.1 0.5 500 43.806 14.23 18 42
mix 1 0.1 0.5 500 48.356 17.117 17 47
max_pca 1 0.1 0.5 500 1915.574 377.171 201.6 2000
max_pca 2 0.1 0.5 500 1728.686 646.124 127.95 2000
max_pca 3 0.1 0.5 500 1668.752 702.726 119.475 2000
max_pca 5 0.1 0.5 500 1310.362 886.314 98.425 2000
max_pca 10 0.1 0.5 500 411.56 648.939 66.475 147
max_pca 20 0.1 0.5 500 1639.658 726.144 138.425 2000
min_pca 1 0.1 0.5 500 6.766 89.433 2 2
min_pca 2 0.1 0.5 500 2.166 1.112 2 2
min_pca 3 0.1 0.5 500 2.17 0.963 2 2
min_pca 5 0.1 0.5 500 2.26 1.063 2 2
min_pca 10 0.1 0.5 500 2.648 1.539 2 2
min_pca 20 0.1 0.5 500 3.872 2.492 2 3
tpca 0.8 0.1 0.5 500 2.26 1.063 2 2
tpca 0.9 0.1 0.5 500 2.26 1.063 2 2
tpca 0.95 0.1 0.5 500 2.376 1.251 2 2
tpca 0.99 0.1 0.5 500 2.44 1.251 2 2
tpca 0.995 0.1 0.5 500 2.632 1.48 2 2
tpca 0.999 0.1 0.5 500 2.74 1.627 2 2
mix 0.03 0.1 0.7 500 20.388 5.273 11 20
mix 0.1 0.1 0.7 500 20.716 5.552 11 20
mix 0.3 0.1 0.7 500 21.998 6.235 10.475 21
mix 1 0.1 0.7 500 24.426 7.226 11 24
max_pca 1 0.1 0.7 500 1940.77 311.361 412.475 2000
max_pca 2 0.1 0.7 500 1666.242 697.521 125.475 2000
max_pca 3 0.1 0.7 500 1574.048 765.429 124.475 2000
max_pca 5 0.1 0.7 500 1077.388 913.7 86 272.25
max_pca 10 0.1 0.7 500 264.37 472.483 59 134
max_pca 20 0.1 0.7 500 931.254 907.081 93.95 195
min_pca 1 0.1 0.7 500 7.012 89.861 2 2
min_pca 2 0.1 0.7 500 2.104 1.115 2 2
min_pca 3 0.1 0.7 500 2.104 0.905 2 2
min_pca 5 0.1 0.7 500 2.112 0.762 2 2
min_pca 10 0.1 0.7 500 2.288 1.066 2 2
min_pca 20 0.1 0.7 500 2.882 1.513 2 2
tpca 0.8 0.1 0.7 500 2.112 0.762 2 2
tpca 0.9 0.1 0.7 500 2.112 0.762 2 2
tpca 0.95 0.1 0.7 500 2.158 0.766 2 2
tpca 0.99 0.1 0.7 500 2.19 0.855 2 2
tpca 0.995 0.1 0.7 500 2.282 1.061 2 2
tpca 0.999 0.1 0.7 500 2.32 1.124 2 2
mix 0.03 0.1 1 500 10.816 2.368 6.475 11
mix 0.1 0.1 1 500 10.976 2.479 7 11
mix 0.3 0.1 1 500 11.746 2.883 7 12
mix 1 0.1 1 500 12.968 3.433 7 13
max_pca 1 0.1 1 500 1847.59 499.751 159.175 2000
max_pca 2 0.1 1 500 1428.132 847.503 82.425 2000
max_pca 3 0.1 1 500 1257.582 897.358 77.475 2000
max_pca 5 0.1 1 500 657.534 823.881 66.475 164
max_pca 10 0.1 1 500 132.062 210.845 49.95 100
max_pca 20 0.1 1 500 267.83 505.492 60.475 119.025
min_pca 1 0.1 1 500 2.492 5.731 2 2
min_pca 2 0.1 1 500 2.104 2.016 2 2
min_pca 3 0.1 1 500 2.054 0.777 2 2
min_pca 5 0.1 1 500 2.03 0.343 2 2
min_pca 10 0.1 1 500 2.08 0.431 2 2
min_pca 20 0.1 1 500 2.358 0.753 2 2
tpca 0.8 0.1 1 500 2.03 0.343 2 2
tpca 0.9 0.1 1 500 2.03 0.343 2 2
tpca 0.95 0.1 1 500 2.04 0.287 2 2
tpca 0.99 0.1 1 500 2.05 0.328 2 2
tpca 0.995 0.1 1 500 2.074 0.416 2 2
tpca 0.999 0.1 1 500 2.096 0.481 2 2
mix 0.03 0.1 1.3 500 6.9 1.332 4 7
mix 0.1 0.1 1.3 500 7.046 1.378 5 7
mix 0.3 0.1 1.3 500 7.436 1.615 4 7
mix 1 0.1 1.3 500 8.178 1.951 5 8
max_pca 1 0.1 1.3 500 1634.938 725.159 96 2000
max_pca 2 0.1 1.3 500 1116.018 916.129 73.425 534.2
max_pca 3 0.1 1.3 500 868.284 896.941 68.475 192.025
max_pca 5 0.1 1.3 500 398.438 655.035 52 128.025
max_pca 10 0.1 1.3 500 94.508 152.003 33.475 75.025
max_pca 20 0.1 1.3 500 99.172 173.281 41.475 77
min_pca 1 0.1 1.3 500 3.024 9.661 2 2
min_pca 2 0.1 1.3 500 2.024 0.218 2 2
min_pca 3 0.1 1.3 500 2.016 0.178 2 2
min_pca 5 0.1 1.3 500 2.022 0.194 2 2
min_pca 10 0.1 1.3 500 2.054 0.302 2 2
min_pca 20 0.1 1.3 500 2.178 0.532 2 2
tpca 0.8 0.1 1.3 500 2.022 0.194 2 2
tpca 0.9 0.1 1.3 500 2.022 0.194 2 2
tpca 0.95 0.1 1.3 500 2.03 0.247 2 2
tpca 0.99 0.1 1.3 500 2.04 0.28 2 2
tpca 0.995 0.1 1.3 500 2.05 0.296 2 2
tpca 0.999 0.1 1.3 500 2.06 0.317 2 2
mix 0.03 0.05 0.5 500 70.522 24.99 27 66
mix 0.1 0.05 0.5 500 77.232 28.838 28 73
mix 0.3 0.05 0.5 500 89.536 36.005 26.475 84
mix 1 0.05 0.5 500 109.41 61.361 24 101.025
max_pca 1 0.05 0.5 500 1934.194 323.237 453.65 2000
max_pca 2 0.05 0.5 500 1814.498 543.947 165 2000
max_pca 3 0.05 0.5 500 1776.87 591.038 153.9 2000
max_pca 5 0.05 0.5 500 1444.554 831.304 123.9 2000
max_pca 10 0.05 0.5 500 557.29 755.369 84.475 172.025
max_pca 20 0.05 0.5 500 1931.382 345.691 200.475 2000
min_pca 1 0.05 0.5 500 11.474 126.594 2 2
min_pca 2 0.05 0.5 500 2.742 8.646 2 2
min_pca 3 0.05 0.5 500 2.478 2.945 2 2
min_pca 5 0.05 0.5 500 2.6 2.299 2 2
min_pca 10 0.05 0.5 500 3.41 3.129 2 2
min_pca 20 0.05 0.5 500 5.47 4.732 2 4
tpca 0.8 0.05 0.5 500 2.6 2.299 2 2
tpca 0.9 0.05 0.5 500 2.6 2.299 2 2
tpca 0.95 0.05 0.5 500 2.85 2.388 2 2
tpca 0.99 0.05 0.5 500 2.992 2.634 2 2
tpca 0.995 0.05 0.5 500 3.39 3.055 2 2
tpca 0.999 0.05 0.5 500 3.59 3.235 2 3
mix 0.03 0.05 0.7 500 32.328 10.016 14.475 32
mix 0.1 0.05 0.7 500 35.106 11.608 14.475 34
mix 0.3 0.05 0.7 500 40.188 14.466 14 38
mix 1 0.05 0.7 500 47.812 19.126 14 45
max_pca 1 0.05 0.7 500 1941.388 309.915 390.625 2000
max_pca 2 0.05 0.7 500 1766.878 601.235 156 2000
max_pca 3 0.05 0.7 500 1702.58 666.383 136.95 2000
max_pca 5 0.05 0.7 500 1331.368 878.004 105.475 2000
max_pca 10 0.05 0.7 500 435.658 670.318 74.475 151
max_pca 20 0.05 0.7 500 1720.102 656.815 156.475 2000
min_pca 1 0.05 0.7 500 14.632 154.463 2 2
min_pca 2 0.05 0.7 500 2.606 8.801 2 2
min_pca 3 0.05 0.7 500 2.24 1.483 2 2
min_pca 5 0.05 0.7 500 2.242 0.958 2 2
min_pca 10 0.05 0.7 500 2.658 1.623 2 2
min_pca 20 0.05 0.7 500 3.892 2.502 2 3
tpca 0.8 0.05 0.7 500 2.242 0.958 2 2
tpca 0.9 0.05 0.7 500 2.242 0.958 2 2
tpca 0.95 0.05 0.7 500 2.374 1.228 2 2
tpca 0.99 0.05 0.7 500 2.43 1.262 2 2
tpca 0.995 0.05 0.7 500 2.642 1.59 2 2
tpca 0.999 0.05 0.7 500 2.74 1.692 2 2
mix 0.03 0.05 1 500 16.634 4.067 10 16
mix 0.1 0.05 1 500 18.104 4.613 10 18
mix 0.3 0.05 1 500 20.712 5.965 11 20
mix 1 0.05 1 500 24.344 7.678 11 23
max_pca 1 0.05 1 500 1936.368 321.106 374.775 2000
max_pca 2 0.05 1 500 1683.376 681.892 127 2000
max_pca 3 0.05 1 500 1544.366 780.532 114.95 2000
max_pca 5 0.05 1 500 1058.108 914.838 91.475 267.15
max_pca 10 0.05 1 500 303.596 542.154 59.475 131
max_pca 20 0.05 1 500 974.576 914.091 99 196
min_pca 1 0.05 1 500 6.472 89.454 2 2
min_pca 2 0.05 1 500 2.034 0.247 2 2
min_pca 3 0.05 1 500 2.046 0.245 2 2
min_pca 5 0.05 1 500 2.072 0.315 2 2
min_pca 10 0.05 1 500 2.202 0.595 2 2
min_pca 20 0.05 1 500 2.802 1.217 2 2
tpca 0.8 0.05 1 500 2.072 0.315 2 2
tpca 0.9 0.05 1 500 2.072 0.315 2 2
tpca 0.95 0.05 1 500 2.12 0.417 2 2
tpca 0.99 0.05 1 500 2.138 0.446 2 2
tpca 0.995 0.05 1 500 2.192 0.586 2 2
tpca 0.999 0.05 1 500 2.246 0.665 2 2
mix 0.03 0.05 1.3 500 10.638 2.369 6.475 10
mix 0.1 0.05 1.3 500 11.512 2.76 6 11
mix 0.3 0.05 1.3 500 12.978 3.355 6 13
mix 1 0.05 1.3 500 15.264 4.243 8 15
max_pca 1 0.05 1.3 500 1843.418 502.863 166.375 2000
max_pca 2 0.05 1.3 500 1483.658 819.42 94.475 2000
max_pca 3 0.05 1.3 500 1305.942 883.404 87.475 2000
max_pca 5 0.05 1.3 500 790.946 877.735 77.475 187
max_pca 10 0.05 1.3 500 151.786 255.976 49 108.025
max_pca 20 0.05 1.3 500 379.634 628.292 76 138
min_pca 1 0.05 1.3 500 2.586 6.26 2 2
min_pca 2 0.05 1.3 500 2.046 0.425 2 2
min_pca 3 0.05 1.3 500 2.04 0.372 2 2
min_pca 5 0.05 1.3 500 2.024 0.153 2 2
min_pca 10 0.05 1.3 500 2.11 0.372 2 2
min_pca 20 0.05 1.3 500 2.45 0.772 2 2
tpca 0.8 0.05 1.3 500 2.024 0.153 2 2
tpca 0.9 0.05 1.3 500 2.024 0.153 2 2
tpca 0.95 0.05 1.3 500 2.054 0.251 2 2
tpca 0.99 0.05 1.3 500 2.07 0.285 2 2
tpca 0.995 0.05 1.3 500 2.108 0.375 2 2
tpca 0.999 0.05 1.3 500 2.132 0.399 2 2
mix 0.03 0.02 0.5 500 521.736 732.988 49 151
mix 0.1 0.02 0.5 500 638.162 757.815 44.425 187.05
mix 0.3 0.02 0.5 500 794.124 781.888 42.475 301.05
mix 1 0.02 0.5 500 871.792 771.25 48.475 474.225
max_pca 1 0.02 0.5 500 1945.17 301.036 483.175 2000
max_pca 2 0.02 0.5 500 1863.408 477.489 160.325 2000
max_pca 3 0.02 0.5 500 1815.724 547.662 130.95 2000
max_pca 5 0.02 0.5 500 1580.446 765.119 113.95 2000
max_pca 10 0.02 0.5 500 728.706 846.346 87.475 183
max_pca 20 0.02 0.5 500 1981.568 183.602 2000 2000
min_pca 1 0.02 0.5 500 15.572 154.577 2 2
min_pca 2 0.02 0.5 500 2.824 4.649 2 2
min_pca 3 0.02 0.5 500 2.882 2.974 2 2
min_pca 5 0.02 0.5 500 3.336 4.001 2 2
min_pca 10 0.02 0.5 500 5.048 6.225 2 3
min_pca 20 0.02 0.5 500 8.722 9.421 3 5
tpca 0.8 0.02 0.5 500 3.336 4.001 2 2
tpca 0.9 0.02 0.5 500 3.336 4.001 2 2
tpca 0.95 0.02 0.5 500 3.916 4.593 2 2
tpca 0.99 0.02 0.5 500 4.21 4.934 2 3
tpca 0.995 0.02 0.5 500 4.962 5.95 2 3
tpca 0.999 0.02 0.5 500 5.402 6.648 2 3
mix 0.03 0.02 0.7 500 71.45 27.51 28 67
mix 0.1 0.02 0.7 500 88.248 36.228 31 81
mix 0.3 0.02 0.7 500 129.446 169.796 30 102.025
mix 1 0.02 0.7 500 285.71 480.353 30 128
max_pca 1 0.02 0.7 500 1957.608 271.107 1983.725 2000
max_pca 2 0.02 0.7 500 1814.374 543.952 147.95 2000
max_pca 3 0.02 0.7 500 1794.928 573.017 148.85 2000
max_pca 5 0.02 0.7 500 1515.41 802.489 126 2000
max_pca 10 0.02 0.7 500 608.67 792.893 75 173
max_pca 20 0.02 0.7 500 1938.684 327.219 212.375 2000
min_pca 1 0.02 0.7 500 15.118 154.529 2 2
min_pca 2 0.02 0.7 500 2.722 4.829 2 2
min_pca 3 0.02 0.7 500 2.774 5.349 2 2
min_pca 5 0.02 0.7 500 2.812 2.52 2 2
min_pca 10 0.02 0.7 500 3.85 3.617 2 3
min_pca 20 0.02 0.7 500 6.346 5.759 3 4
tpca 0.8 0.02 0.7 500 2.812 2.52 2 2
tpca 0.9 0.02 0.7 500 2.812 2.52 2 2
tpca 0.95 0.02 0.7 500 3.114 2.75 2 2
tpca 0.99 0.02 0.7 500 3.29 3.019 2 2
tpca 0.995 0.02 0.7 500 3.804 3.464 2 3
tpca 0.999 0.02 0.7 500 4.08 3.793 2 3
mix 0.03 0.02 1 500 32.842 11.11 15 31
mix 0.1 0.02 1 500 39.718 14.346 16 37
mix 0.3 0.02 1 500 49.966 18.941 18.475 47
mix 1 0.02 1 500 63.374 26.6 20 59
max_pca 1 0.02 1 500 1938.52 315.485 462.825 2000
max_pca 2 0.02 1 500 1792.004 574.468 136.475 2000
max_pca 3 0.02 1 500 1708.224 665.431 126 2000
max_pca 5 0.02 1 500 1400.268 856.495 104.9 2000
max_pca 10 0.02 1 500 508.142 729.642 70.95 160
max_pca 20 0.02 1 500 1814.562 550.902 160.375 2000
min_pca 1 0.02 1 500 16.148 155.117 2 2
min_pca 2 0.02 1 500 2.43 3.394 2 2
min_pca 3 0.02 1 500 2.27 1.345 2 2
min_pca 5 0.02 1 500 2.354 1.566 2 2
min_pca 10 0.02 1 500 2.854 1.981 2 2
min_pca 20 0.02 1 500 4.356 3.01 2 3
tpca 0.8 0.02 1 500 2.354 1.566 2 2
tpca 0.9 0.02 1 500 2.354 1.566 2 2
tpca 0.95 0.02 1 500 2.536 1.764 2 2
tpca 0.99 0.02 1 500 2.592 1.669 2 2
tpca 0.995 0.02 1 500 2.828 1.982 2 2
tpca 0.999 0.02 1 500 2.978 2.097 2 2
mix 0.03 0.02 1.3 500 19.58 5.392 10 19
mix 0.1 0.02 1.3 500 23.806 7.075 12 22
mix 0.3 0.02 1.3 500 29.734 9.497 13.475 28
mix 1 0.02 1.3 500 36.57 12.361 16 35
max_pca 1 0.02 1.3 500 1970.994 220.416 2000 2000
max_pca 2 0.02 1.3 500 1764.068 606.398 144.475 2000
max_pca 3 0.02 1.3 500 1691.014 676.661 142.475 2000
max_pca 5 0.02 1.3 500 1254.436 896.655 94.325 2000
max_pca 10 0.02 1.3 500 337.19 558.266 61.475 146
max_pca 20 0.02 1.3 500 1474.558 827.157 132.95 2000
min_pca 1 0.02 1.3 500 2.922 8.822 2 2
min_pca 2 0.02 1.3 500 2.212 2.212 2 2
min_pca 3 0.02 1.3 500 2.174 1.912 2 2
min_pca 5 0.02 1.3 500 2.138 0.844 2 2
min_pca 10 0.02 1.3 500 2.386 1.327 2 2
min_pca 20 0.02 1.3 500 3.228 1.974 2 3
tpca 0.8 0.02 1.3 500 2.138 0.844 2 2
tpca 0.9 0.02 1.3 500 2.138 0.844 2 2
tpca 0.95 0.02 1.3 500 2.2 0.954 2 2
tpca 0.99 0.02 1.3 500 2.246 1.031 2 2
tpca 0.995 0.02 1.3 500 2.364 1.256 2 2
tpca 0.999 0.02 1.3 500 2.448 1.384 2 2
