method method_param p change_param n_sim edd sd_edd edd_lower edd_upper
mix 0.03 0.98 0 500 1979.512 155.374 1951.7 2000
mix 0.1 0.98 0 500 1979.28 158.931 2000 2000
mix 0.3 0.98 0 500 1976.54 167.893 2000 2000
mix 1 0.98 0 500 1965.328 215.007 1482.075 2000
max_pca 1 0.98 0 500 44.952 12.727 24 43
max_pca 2 0.98 0 500 28.18 6.917 15 28
max_pca 3 0.98 0 500 21.792 4.821 13 21
max_pca 5 0.98 0 500 17.196 3.421 11 17
max_pca 10 0.98 0 500 12.766 2.273 9 13
max_pca 20 0.98 0 500 15.662 2.236 11 15
min_pca 1 0.98 0 500 2.002 0.045 2 2
min_pca 2 0.98 0 500 2 0 2 2
min_pca 3 0.98 0 500 2 0 2 2
min_pca 5 0.98 0 500 2 0 2 2
min_pca 10 0.98 0 500 2 0 2 2
min_pca 20 0.98 0 500 2 0 2 2
tpca 0.8 0.98 0 500 2.002 0.045 2 2
tpca 0.9 0.98 0 500 2.002 0.045 2 2
tpca 0.95 0.98 0 500 2.002 0.045 2 2
tpca 0.99 0.98 0 500 2.002 0.045 2 2
tpca 0.995 0.98 0 500 2.002 0.045 2 2
tpca 0.999 0.98 0 500 2.002 0.045 2 2
mix 0.03 0.98 0.25 500 1970.096 203.994 1992.125 2000
mix 0.1 0.98 0.25 500 1965.038 214.558 1417.875 2000
mix 0.3 0.98 0.25 500 1959.396 231.897 1192.775 2000
mix 1 0.98 0.25 500 1957.314 236.692 1060.575 2000
max_pca 1 0.98 0.25 500 76.692 26.149 38 72
max_pca 2 0.98 0.25 500 47.326 12.924 25 46
max_pca 3 0.98 0.25 500 37.614 9.281 20 36
max_pca 5 0.98 0.25 500 29.446 6.834 16.475 29
max_pca 10 0.98 0.25 500 21.186 4.299 14 21
max_pca 20 0.98 0.25 500 27.1 4.344 19 27
min_pca 1 0.98 0.25 500 2 0 2 2
min_pca 2 0.98 0.25 500 2 0 2 2
min_pca 3 0.98 0.25 500 2 0 2 2
min_pca 5 0.98 0.25 500 2 0 2 2
min_pca 10 0.98 0.25 500 2 0 2 2
min_pca 20 0.98 0.25 500 2 0 2 2
tpca 0.8 0.98 0.25 500 2 0 2 2
tpca 0.9 0.98 0.25 500 2 0 2 2
tpca 0.95 0.98 0.25 500 2 0 2 2
tpca 0.99 0.98 0.25 500 2 0 2 2
tpca 0.995 0.98 0.25 500 2 0 2 2
tpca 0.999 0.98 0.25 500 2 0 2 2
mix 0.03 0.98 0.5 500 1941.886 279.142 889.925 2000
mix 0.1 0.98 0.5 500 1899.124 361.732 417.375 2000
mix 0.3 0.98 0.5 500 1878.198 392.754 369.225 2000
mix 1 0.98 0.5 500 1840.006 439.483 300.75 2000
max_pca 1 0.98 0.5 500 201.418 311.234 61 135
max_pca 2 0.98 0.5 500 85.708 26.777 43 82
max_pca 3 0.98 0.5 500 67.808 21.038 33.475 65
max_pca 5 0.98 0.5 500 50.618 12.952 27.475 49
max_pca 10 0.98 0.5 500 35.866 8.302 21.475 34
max_pca 20 0.98 0.5 500 50.08 8.998 34 49
min_pca 1 0.98 0.5 500 2 0 2 2
min_pca 2 0.98 0.5 500 2 0 2 2
min_pca 3 0.98 0.5 500 2 0 2 2
min_pca 5 0.98 0.5 500 2 0 2 2
min_pca 10 0.98 0.5 500 2 0 2 2
min_pca 20 0.98 0.5 500 2 0 2 2
tpca 0.8 0.98 0.5 500 2 0 2 2
tpca 0.9 0.98 0.5 500 2 0 2 2
tpca 0.95 0.98 0.5 500 2 0 2 2
tpca 0.99 0.98 0.5 500 2 0 2 2
tpca 0.995 0.98 0.5 500 2 0 2 2
tpca 0.999 0.98 0.5 500 2 0 2 2
mix 0.03 0.98 0.75 500 1897.496 348.612 464.75 2000
mix 0.1 0.98 0.75 500 1775.1 507.669 271.375 2000
mix 0.3 0.98 0.75 500 1719.528 550.985 239 2000
mix 1 0.98 0.75 500 1722.014 539.938 253.25 2000
max_pca 1 0.98 0.75 500 1472.94 812.783 103.375 2000
max_pca 2 0.98 0.75 500 515.318 709.641 80.95 178.025
max_pca 3 0.98 0.75 500 236.706 396.039 68.475 140
max_pca 5 0.98 0.75 500 104.08 30.791 53 99.025
max_pca 10 0.98 0.75 500 70.712 19.457 36 68
max_pca 20 0.98 0.75 500 116.484 25.184 75.475 111.025
min_pca 1 0.98 0.75 500 2 0 2 2
min_pca 2 0.98 0.75 500 2 0 2 2
min_pca 3 0.98 0.75 500 2 0 2 2
min_pca 5 0.98 0.75 500 2 0 2 2
min_pca 10 0.98 0.75 500 2 0 2 2
min_pca 20 0.98 0.75 500 2.006 0.077 2 2
tpca 0.8 0.98 0.75 500 2 0 2 2
tpca 0.9 0.98 0.75 500 2 0 2 2
tpca 0.95 0.98 0.75 500 2 0 2 2
tpca 0.99 0.98 0.75 500 2 0 2 2
tpca 0.995 0.98 0.75 500 2 0 2 2
tpca 0.999 0.98 0.75 500 2 0 2 2
mix 0.03 0.95 0 500 1951.69 240.907 1075.925 2000
mix 0.1 0.95 0 500 1956.564 247.285 1134.55 2000
mix 0.3 0.95 0 500 1960.912 223.741 1260.75 2000
mix 1 0.95 0 500 1952.802 246.064 1091.8 2000
max_pca 1 0.95 0 500 51.142 15.722 26.475 48
max_pca 2 0.95 0 500 32.32 8.222 19 31
max_pca 3 0.95 0 500 25.07 5.747 15 24
max_pca 5 0.95 0 500 19.448 3.872 12.475 19
max_pca 10 0.95 0 500 14.296 2.649 9 14
max_pca 20 0.95 0 500 17.67 2.732 12 17
min_pca 1 0.95 0 500 2 0 2 2
min_pca 2 0.95 0 500 2 0 2 2
min_pca 3 0.95 0 500 2 0 2 2
min_pca 5 0.95 0 500 2 0 2 2
min_pca 10 0.95 0 500 2 0 2 2
min_pca 20 0.95 0 500 2 0 2 2
tpca 0.8 0.95 0 500 2 0 2 2
tpca 0.9 0.95 0 500 2 0 2 2
tpca 0.95 0.95 0 500 2 0 2 2
tpca 0.99 0.95 0 500 2 0 2 2
tpca 0.995 0.95 0 500 2 0 2 2
tpca 0.999 0.95 0 500 2 0 2 2
mix 0.03 0.95 0.25 500 1964.36 215.842 1455.575 2000
mix 0.1 0.95 0.25 500 1952.146 242.643 951.3 2000
mix 0.3 0.95 0.25 500 1943.104 256.345 896.325 2000
mix 1 0.95 0.25 500 1952.862 239.308 1004.475 2000
max_pca 1 0.95 0.25 500 86.912 29.559 40.475 82
max_pca 2 0.95 0.25 500 52.968 14.929 26.475 51
max_pca 3 0.95 0.25 500 41.346 10.792 23 40
max_pca 5 0.95 0.25 500 31.338 7.414 18.475 30
max_pca 10 0.95 0.25 500 22.136 4.584 14 22
max_pca 20 0.95 0.25 500 29.12 4.921 20 29
min_pca 1 0.95 0.25 500 2.002 0.045 2 2
min_pca 2 0.95 0.25 500 2 0 2 2
min_pca 3 0.95 0.25 500 2 0 2 2
min_pca 5 0.95 0.25 500 2 0 2 2
min_pca 10 0.95 0.25 500 2 0 2 2
min_pca 20 0.95 0.25 500 2 0 2 2
tpca 0.8 0.95 0.25 500 2.002 0.045 2 2
tpca 0.9 0.95 0.25 500 2.002 0.045 2 2
tpca 0.95 0.95 0.25 500 2.002 0.045 2 2
tpca 0.99 0.95 0.25 500 2.002 0.045 2 2
tpca 0.995 0.95 0.25 500 2.002 0.045 2 2
tpca 0.999 0.95 0.25 500 2.002 0.045 2 2
mix 0.03 0.95 0.5 500 1946.954 263.197 960.05 2000
mix 0.1 0.95 0.5 500 1910.856 339.143 595.175 2000
mix 0.3 0.95 0.5 500 1906.872 337.923 595.175 2000
mix 1 0.95 0.5 500 1888.48 361.104 576.925 2000
max_pca 1 0.95 0.5 500 326.556 525.301 64.9 147
max_pca 2 0.95 0.5 500 95.228 31.847 44.95 90
max_pca 3 0.95 0.5 500 74.22 22.455 34 73
max_pca 5 0.95 0.5 500 54.68 15.498 28 52
max_pca 10 0.95 0.5 500 38.406 9.635 21 37
max_pca 20 0.95 0.5 500 54.98 10.951 34 54
min_pca 1 0.95 0.5 500 2 0 2 2
min_pca 2 0.95 0.5 500 2 0 2 2
min_pca 3 0.95 0.5 500 2 0 2 2
min_pca 5 0.95 0.5 500 2 0 2 2
min_pca 10 0.95 0.5 500 2 0 2 2
min_pca 20 0.95 0.5 500 2 0 2 2
tpca 0.8 0.95 0.5 500 2 0 2 2
tpca 0.9 0.95 0.5 500 2 0 2 2
tpca 0.95 0.95 0.5 500 2 0 2 2
tpca 0.99 0.95 0.5 500 2 0 2 2
tpca 0.995 0.95 0.5 500 2 0 2 2
tpca 0.999 0.95 0.5 500 2 0 2 2
mix 0.03 0.95 0.75 500 1882.252 370.639 485.125 2000
mix 0.1 0.95 0.75 500 1756.806 528.025 189.125 2000
mix 0.3 0.95 0.75 500 1692.612 573.686 174.85 2000
mix 1 0.95 0.75 500 1643.04 615.297 105.85 2000
max_pca 1 0.95 0.75 500 1556.96 769.417 115.275 2000
max_pca 2 0.95 0.75 500 594.408 776.511 73.95 172.025
max_pca 3 0.95 0.75 500 275.274 471.004 66.475 139
max_pca 5 0.95 0.75 500 109.468 35.573 52 106
max_pca 10 0.95 0.75 500 74.94 20.069 39 73
max_pca 20 0.95 0.75 500 127.926 89.753 77.475 120
min_pca 1 0.95 0.75 500 2.002 0.045 2 2
min_pca 2 0.95 0.75 500 2 0 2 2
min_pca 3 0.95 0.75 500 2 0 2 2
min_pca 5 0.95 0.75 500 2 0 2 2
min_pca 10 0.95 0.75 500 2.004 0.063 2 2
min_pca 20 0.95 0.75 500 2.008 0.089 2 2
tpca 0.8 0.95 0.75 500 2.002 0.045 2 2
tpca 0.9 0.95 0.75 500 2.002 0.045 2 2
tpca 0.95 0.95 0.75 500 2.002 0.045 2 2
tpca 0.99 0.95 0.75 500 2.002 0.045 2 2
tpca 0.995 0.95 0.75 500 2.002 0.045 2 2
tpca 0.999 0.95 0.75 500 2.002 0.045 2 2
mix 0.03 0.9 0 500 1961.65 222.886 1399.375 2000
mix 0.1 0.9 0 500 1943.05 257.984 936.825 2000
mix 0.3 0.9 0 500 1940.374 278.676 898.875 2000
mix 1 0.9 0 500 1923.092 316.953 551.925 2000
max_pca 1 0.9 0 500 64.258 22.32 30.475 60
max_pca 2 0.9 0 500 39.142 11.47 21 37
max_pca 3 0.9 0 500 30.352 8.145 16 29
max_pca 5 0.9 0 500 23.456 5.289 14 23
max_pca 10 0.9 0 500 16.93 3.438 11 16
max_pca 20 0.9 0 500 21.14 3.458 15 21
min_pca 1 0.9 0 500 2 0 2 2
min_pca 2 0.9 0 500 2 0 2 2
min_pca 3 0.9 0 500 2 0 2 2
min_pca 5 0.9 0 500 2 0 2 2
min_pca 10 0.9 0 500 2 0 2 2
min_pca 20 0.9 0 500 2 0 2 2
tpca 0.8 0.9 0 500 2 0 2 2
tpca 0.9 0.9 0 500 2 0 2 2
tpca 0.95 0.9 0 500 2 0 2 2
tpca 0.99 0.9 0 500 2 0 2 2
tpca 0.995 0.9 0 500 2 0 2 2
tpca 0.999 0.9 0 500 2 0 2 2
mix 0.03 0.9 0.25 500 1962.842 222.1 1429.975 2000
mix 0.1 0.9 0.25 500 1945.948 260.625 975.95 2000
mix 0.3 0.9 0.25 500 1925.95 302.56 914.225 2000
mix 1 0.9 0.25 500 1929.138 292.213 922.75 2000
max_pca 1 0.9 0.25 500 117.758 127.136 51 101
max_pca 2 0.9 0.25 500 62.044 18.051 32 60
max_pca 3 0.9 0.25 500 49.402 13.426 25 47
max_pca 5 0.9 0.25 500 37.208 9.469 20.475 36
max_pca 10 0.9 0.25 500 26.6 6.047 16 26
max_pca 20 0.9 0.25 500 35.27 6.276 23 35
min_pca 1 0.9 0.25 500 2 0 2 2
min_pca 2 0.9 0.25 500 2 0 2 2
min_pca 3 0.9 0.25 500 2 0 2 2
min_pca 5 0.9 0.25 500 2 0 2 2
min_pca 10 0.9 0.25 500 2 0 2 2
min_pca 20 0.9 0.25 500 2 0 2 2
tpca 0.8 0.9 0.25 500 2 0 2 2
tpca 0.9 0.9 0.25 500 2 0 2 2
tpca 0.95 0.9 0.25 500 2 0 2 2
tpca 0.99 0.9 0.25 500 2 0 2 2
tpca 0.995 0.9 0.25 500 2 0 2 2
tpca 0.999 0.9 0.25 500 2 0 2 2
mix 0.03 0.9 0.5 500 1932.26 266.089 946.9 2000
mix 0.1 0.9 0.5 500 1880.908 364.752 555.7 2000
mix 0.3 0.9 0.5 500 1869.758 395.924 386.6 2000
mix 1 0.9 0.5 500 1830.734 463.682 223.825 2000
max_pca 1 0.9 0.5 500 520.19 711.798 67.475 170
max_pca 2 0.9 0.5 500 108.93 44.564 47 101
max_pca 3 0.9 0.5 500 85.136 27.231 41 81
max_pca 5 0.9 0.5 500 63.806 17.509 34.475 61
max_pca 10 0.9 0.5 500 43.724 10.176 26 43
max_pca 20 0.9 0.5 500 63.206 12.148 42 62
min_pca 1 0.9 0.5 500 2 0 2 2
min_pca 2 0.9 0.5 500 2 0 2 2
min_pca 3 0.9 0.5 500 2 0 2 2
min_pca 5 0.9 0.5 500 2 0 2 2
min_pca 10 0.9 0.5 500 2 0 2 2
min_pca 20 0.9 0.5 500 2 0 2 2
tpca 0.8 0.9 0.5 500 2 0 2 2
tpca 0.9 0.9 0.5 500 2 0 2 2
tpca 0.95 0.9 0.5 500 2 0 2 2
tpca 0.99 0.9 0.5 500 2 0 2 2
tpca 0.995 0.9 0.5 500 2 0 2 2
tpca 0.999 0.9 0.5 500 2 0 2 2
mix 0.03 0.9 0.75 500 1847.358 423.236 386.425 2000
mix 0.1 0.9 0.75 500 1757.996 526.028 238.075 2000
mix 0.3 0.9 0.75 500 1699.516 573.989 198.6 2000
mix 1 0.9 0.75 500 1677.628 577.248 190.475 2000
max_pca 1 0.9 0.75 500 1611.826 734.555 122.85 2000
max_pca 2 0.9 0.75 500 783.672 851.361 82.375 204
max_pca 3 0.9 0.75 500 434.032 647.919 73.475 161.025
max_pca 5 0.9 0.75 500 145.37 193.302 60 117.025
max_pca 10 0.9 0.75 500 81.498 23.944 39 78
max_pca 20 0.9 0.75 500 180.854 275.545 83 135.025
min_pca 1 0.9 0.75 500 2 0 2 2
min_pca 2 0.9 0.75 500 2 0 2 2
min_pca 3 0.9 0.75 500 2 0 2 2
min_pca 5 0.9 0.75 500 2 0 2 2
min_pca 10 0.9 0.75 500 2 0 2 2
min_pca 20 0.9 0.75 500 2.024 0.153 2 2
tpca 0.8 0.9 0.75 500 2 0 2 2
tpca 0.9 0.9 0.75 500 2 0 2 2
tpca 0.95 0.9 0.75 500 2 0 2 2
tpca 0.99 0.9 0.75 500 2 0 2 2
tpca 0.995 0.9 0.75 500 2 0 2 2
tpca 0.999 0.9 0.75 500 2 0 2 2
mix 0.03 0.7 0 500 1907.106 344.8 553.175 2000
mix 0.1 0.7 0 500 1818.054 469.715 230.4 2000
mix 0.3 0.7 0 500 1777.692 518.662 172.475 2000
mix 1 0.7 0 500 1749.882 545.555 144.825 2000
max_pca 1 0.7 0 500 284.594 502.08 47.95 127
max_pca 2 0.7 0 500 81.988 31.564 38 76
max_pca 3 0.7 0 500 64.008 21.28 31 60
max_pca 5 0.7 0 500 48.772 14.043 25 47
max_pca 10 0.7 0 500 34.35 8.286 19 34
max_pca 20 0.7 0 500 46.612 8.871 30 46
min_pca 1 0.7 0 500 2 0 2 2
min_pca 2 0.7 0 500 2 0 2 2
min_pca 3 0.7 0 500 2 0 2 2
min_pca 5 0.7 0 500 2 0 2 2
min_pca 10 0.7 0 500 2 0 2 2
min_pca 20 0.7 0 500 2 0 2 2
tpca 0.8 0.7 0 500 2 0 2 2
tpca 0.9 0.7 0 500 2 0 2 2
tpca 0.95 0.7 0 500 2 0 2 2
tpca 0.99 0.7 0 500 2 0 2 2
tpca 0.995 0.7 0 500 2 0 2 2
tpca 0.999 0.7 0 500 2 0 2 2
mix 0.03 0.7 0.25 500 1869.946 405.734 366.425 2000
mix 0.1 0.7 0.25 500 1796.596 492.702 254.475 2000
mix 0.3 0.7 0.25 500 1769.866 510.432 255.475 2000
mix 1 0.7 0.25 500 1756.59 523.446 246.475 2000
max_pca 1 0.7 0.25 500 751.482 851.71 69 187.05
max_pca 2 0.7 0.25 500 141.044 196.265 51.95 111
max_pca 3 0.7 0.25 500 91.98 29.691 41.475 88.025
max_pca 5 0.7 0.25 500 69.088 19.98 35 66
max_pca 10 0.7 0.25 500 47.884 12.327 25 46
max_pca 20 0.7 0.25 500 70.83 14.932 45 69
min_pca 1 0.7 0.25 500 2 0 2 2
min_pca 2 0.7 0.25 500 2 0 2 2
min_pca 3 0.7 0.25 500 2 0 2 2
min_pca 5 0.7 0.25 500 2 0 2 2
min_pca 10 0.7 0.25 500 2 0 2 2
min_pca 20 0.7 0.25 500 2 0 2 2
tpca 0.8 0.7 0.25 500 2 0 2 2
tpca 0.9 0.7 0.25 500 2 0 2 2
tpca 0.95 0.7 0.25 500 2 0 2 2
tpca 0.99 0.7 0.25 500 2 0 2 2
tpca 0.995 0.7 0.25 500 2 0 2 2
tpca 0.999 0.7 0.25 500 2 0 2 2
mix 0.03 0.7 0.5 500 1879.708 389.822 313.75 2000
mix 0.1 0.7 0.5 500 1781.228 500.252 223.025 2000
mix 0.3 0.7 0.5 500 1687.746 581.23 171.275 2000
mix 1 0.7 0.5 500 1641.68 611.414 122.425 2000
max_pca 1 0.7 0.5 500 1414.988 835.915 95.9 2000
max_pca 2 0.7 0.5 500 459.834 680.895 67.475 163.025
max_pca 3 0.7 0.5 500 222.648 389.973 64 133
max_pca 5 0.7 0.5 500 101.484 32.735 45.475 98
max_pca 10 0.7 0.5 500 69.854 21.104 34 67
max_pca 20 0.7 0.5 500 114.316 27.137 63 110.025
min_pca 1 0.7 0.5 500 2 0 2 2
min_pca 2 0.7 0.5 500 2 0 2 2
min_pca 3 0.7 0.5 500 2 0 2 2
min_pca 5 0.7 0.5 500 2 0 2 2
min_pca 10 0.7 0.5 500 2 0 2 2
min_pca 20 0.7 0.5 500 2.002 0.045 2 2
tpca 0.8 0.7 0.5 500 2 0 2 2
tpca 0.9 0.7 0.5 500 2 0 2 2
tpca 0.95 0.7 0.5 500 2 0 2 2
tpca 0.99 0.7 0.5 500 2 0 2 2
tpca 0.995 0.7 0.5 500 2 0 2 2
tpca 0.999 0.7 0.5 500 2 0 2 2
mix 0.03 0.7 0.75 500 1820.012 463.563 301.875 2000
mix 0.1 0.7 0.75 500 1681.508 587.386 197.8 2000
mix 0.3 0.7 0.75 500 1577.836 644.429 144.7 2000
mix 1 0.7 0.75 500 1516.212 676.935 110.475 2000
max_pca 1 0.7 0.75 500 1848.456 493.197 165.9 2000
max_pca 2 0.7 0.75 500 1384.942 854.266 116.425 2000
max_pca 3 0.7 0.75 500 1062.338 907.097 94.9 308.175
max_pca 5 0.7 0.75 500 467.016 687.105 76 164
max_pca 10 0.7 0.75 500 110.33 38.152 54 105
max_pca 20 0.7 0.75 500 1104.412 911.352 122.475 255.05
min_pca 1 0.7 0.75 500 2 0 2 2
min_pca 2 0.7 0.75 500 2 0 2 2
min_pca 3 0.7 0.75 500 2 0 2 2
min_pca 5 0.7 0.75 500 2 0 2 2
min_pca 10 0.7 0.75 500 2.002 0.045 2 2
min_pca 20 0.7 0.75 500 2.07 0.255 2 2
tpca 0.8 0.7 0.75 500 2 0 2 2
tpca 0.9 0.7 0.75 500 2 0 2 2
tpca 0.95 0.7 0.75 500 2 0 2 2
tpca 0.99 0.7 0.75 500 2 0 2 2
tpca 0.995 0.7 0.75 500 2 0 2 2
tpca 0.999 0.7 0.75 500 2 0 2 2
mix 0.03 0.5 0 500 1832.5 470.989 246.9 2000
mix 0.1 0.5 0 500 1671.758 612.941 103.9 2000
mix 0.3 0.5 0 500 1608.038 653.781 83.85 2000
mix 1 0.5 0 500 1561.83 666.924 86.375 2000
max_pca 1 0.5 0 500 1376.95 854.1 89.425 2000
max_pca 2 0.5 0 500 466.442 689.85 66 158.025
max_pca 3 0.5 0 500 183.468 295.568 54.475 126
max_pca 5 0.5 0 500 99.44 29.82 46.475 95.025
max_pca 10 0.5 0 500 67.196 19.532 32 63.025
max_pca 20 0.5 0 500 107.704 23.689 62.475 106
min_pca 1 0.5 0 500 2 0 2 2
min_pca 2 0.5 0 500 2 0 2 2
min_pca 3 0.5 0 500 2 0 2 2
min_pca 5 0.5 0 500 2 0 2 2
min_pca 10 0.5 0 500 2 0 2 2
min_pca 20 0.5 0 500 2.002 0.045 2 2
tpca 0.8 0.5 0 500 2 0 2 2
tpca 0.9 0.5 0 500 2 0 2 2
tpca 0.95 0.5 0 500 2 0 2 2
tpca 0.99 0.5 0 500 2 0 2 2
tpca 0.995 0.5 0 500 2 0 2 2
tpca 0.999 0.5 0 500 2 0 2 2
mix 0.03 0.5 0.25 500 1817.226 471.46 241.225 2000
mix 0.1 0.5 0.25 500 1645.006 608.937 99 2000
mix 0.3 0.5 0.25 500 1567.66 642.269 134.375 2000
mix 1 0.5 0.25 500 1548.958 654.583 123.075 2000
max_pca 1 0.5 0.25 500 1619.392 730.124 107.85 2000
max_pca 2 0.5 0.25 500 830.942 869.912 82 199
max_pca 3 0.5 0.25 500 524.138 734.201 72.95 162
max_pca 5 0.5 0.25 500 176.358 304.678 60.475 118
max_pca 10 0.5 0.25 500 83.726 23.708 45 80
max_pca 20 0.5 0.25 500 206.622 338.778 87.475 142
min_pca 1 0.5 0.25 500 2.002 0.045 2 2
min_pca 2 0.5 0.25 500 2 0 2 2
min_pca 3 0.5 0.25 500 2 0 2 2
min_pca 5 0.5 0.25 500 2 0 2 2
min_pca 10 0.5 0.25 500 2.002 0.045 2 2
min_pca 20 0.5 0.25 500 2.016 0.126 2 2
tpca 0.8 0.5 0.25 500 2.002 0.045 2 2
tpca 0.9 0.5 0.25 500 2.002 0.045 2 2
tpca 0.95 0.5 0.25 500 2.002 0.045 2 2
tpca 0.99 0.5 0.25 500 2.002 0.045 2 2
tpca 0.995 0.5 0.25 500 2.002 0.045 2 2
tpca 0.999 0.5 0.25 500 2.002 0.045 2 2
mix 0.03 0.5 0.5 500 1790.35 474.516 297.4 2000
mix 0.1 0.5 0.5 500 1655.03 582.537 163.475 2000
mix 0.3 0.5 0.5 500 1550.476 657.251 94.7 2000
mix 1 0.5 0.5 500 1476.962 688.515 83.425 2000
max_pca 1 0.5 0.5 500 1850.688 494.733 143.475 2000
max_pca 2 0.5 0.5 500 1369.956 861.435 102 2000
max_pca 3 0.5 0.5 500 1002.332 905.456 82.95 245.1
max_pca 5 0.5 0.5 500 413.91 634.754 74.475 158
max_pca 10 0.5 0.5 500 109.75 36.489 52.475 104
max_pca 20 0.5 0.5 500 1023.302 913.729 112 206
min_pca 1 0.5 0.5 500 2.002 0.045 2 2
min_pca 2 0.5 0.5 500 2.002 0.045 2 2
min_pca 3 0.5 0.5 500 2.002 0.045 2 2
min_pca 5 0.5 0.5 500 2.002 0.045 2 2
min_pca 10 0.5 0.5 500 2.002 0.045 2 2
min_pca 20 0.5 0.5 500 2.064 0.245 2 2
tpca 0.8 0.5 0.5 500 2.002 0.045 2 2
tpca 0.9 0.5 0.5 500 2.002 0.045 2 2
tpca 0.95 0.5 0.5 500 2.002 0.045 2 2
tpca 0.99 0.5 0.5 500 2.002 0.045 2 2
tpca 0.995 0.5 0.5 500 2.002 0.045 2 2
tpca 0.999 0.5 0.5 500 2.002 0.045 2 2
mix 0.03 0.5 0.75 500 1768.17 518.764 211.225 2000
mix 0.1 0.5 0.75 500 1610.672 629.128 164.375 2000
mix 0.3 0.5 0.75 500 1502.134 678.8 112.45 2000
mix 1 0.5 0.75 500 1426.772 713.103 66.8 1914.025
max_pca 1 0.5 0.75 500 1893.878 420.881 187 2000
max_pca 2 0.5 0.75 500 1613.032 739.532 116.9 2000
max_pca 3 0.5 0.75 500 1437.176 837.741 117.475 2000
max_pca 5 0.5 0.75 500 1039.78 910.427 90 258.025
max_pca 10 0.5 0.75 500 237.272 408.658 65 137
max_pca 20 0.5 0.75 500 1855.426 490.895 182.425 2000
min_pca 1 0.5 0.75 500 2.004 0.063 2 2
min_pca 2 0.5 0.75 500 2.002 0.045 2 2
min_pca 3 0.5 0.75 500 2.002 0.045 2 2
min_pca 5 0.5 0.75 500 2.002 0.045 2 2
min_pca 10 0.5 0.75 500 2.028 0.165 2 2
min_pca 20 0.5 0.75 500 2.246 0.445 2 2
tpca 0.8 0.5 0.75 500 2.004 0.063 2 2
tpca 0.9 0.5 0.75 500 2.004 0.063 2 2
tpca 0.95 0.5 0.75 500 2.004 0.063 2 2
tpca 0.99 0.5 0.75 500 2.004 0.063 2 2
tpca 0.995 0.5 0.75 500 2.004 0.063 2 2
tpca 0.999 0.5 0.75 500 2.004 0.063 2 2
mix 0.03 0.3 0 500 1772.014 490.926 294.9 2000
mix 0.1 0.3 0 500 1617.274 584.393 263.225 2000
mix 0.3 0.3 0 500 1472.064 657.65 143.325 1910.175
mix 1 0.3 0 500 1394.976 692.666 80.85 1630.85
max_pca 1 0.3 0 500 1891.928 410.672 184.175 2000
max_pca 2 0.3 0 500 1519.424 797.514 112.85 2000
max_pca 3 0.3 0 500 1267.95 889.238 105 2000
max_pca 5 0.3 0 500 698.114 834.923 84.475 174.025
max_pca 10 0.3 0 500 136.858 152.511 55 119
max_pca 20 0.3 0 500 1516.212 804.651 142 2000
min_pca 1 0.3 0 500 2.002 0.045 2 2
min_pca 2 0.3 0 500 2 0 2 2
min_pca 3 0.3 0 500 2 0 2 2
min_pca 5 0.3 0 500 2.002 0.045 2 2
min_pca 10 0.3 0 500 2.014 0.118 2 2
min_pca 20 0.3 0 500 2.098 0.298 2 2
tpca 0.8 0.3 0 500 2.002 0.045 2 2
tpca 0.9 0.3 0 500 2.002 0.045 2 2
tpca 0.95 0.3 0 500 2.002 0.045 2 2
tpca 0.99 0.3 0 500 2.002 0.045 2 2
tpca 0.995 0.3 0 500 2.002 0.045 2 2
tpca 0.999 0.3 0 500 2.002 0.045 2 2
mix 0.03 0.3 0.25 500 1777.066 495.9 192 2000
mix 0.1 0.3 0.25 500 1575.592 637.58 128.9 2000
mix 0.3 0.3 0.25 500 1470.69 694.541 89.475 2000
mix 1 0.3 0.25 500 1422.836 697.057 84.475 1791.525
max_pca 1 0.3 0.25 500 1905.484 394.835 191.375 2000
max_pca 2 0.3 0.25 500 1649.932 707.908 150.475 2000
max_pca 3 0.3 0.25 500 1503.622 809.525 114.475 2000
max_pca 5 0.3 0.25 500 948.174 901.576 90.95 213
max_pca 10 0.3 0.25 500 207.496 351.939 66 130.05
max_pca 20 0.3 0.25 500 1764.02 611.154 165.475 2000
min_pca 1 0.3 0.25 500 2.006 0.1 2 2
min_pca 2 0.3 0.25 500 2 0 2 2
min_pca 3 0.3 0.25 500 2.002 0.045 2 2
min_pca 5 0.3 0.25 500 2.002 0.045 2 2
min_pca 10 0.3 0.25 500 2.016 0.141 2 2
min_pca 20 0.3 0.25 500 2.208 0.416 2 2
tpca 0.8 0.3 0.25 500 2.006 0.1 2 2
tpca 0.9 0.3 0.25 500 2.006 0.1 2 2
tpca 0.95 0.3 0.25 500 2.006 0.1 2 2
tpca 0.99 0.3 0.25 500 2.006 0.1 2 2
tpca 0.995 0.3 0.25 500 2.006 0.1 2 2
tpca 0.999 0.3 0.25 500 2.006 0.1 2 2
mix 0.03 0.3 0.5 500 1737.46 526.905 251.375 2000
mix 0.1 0.3 0.5 500 1556.378 629.287 179.275 2000
mix 0.3 0.3 0.5 500 1444.294 674.185 99.425 1777.225
mix 1 0.3 0.5 500 1373.522 686.287 71.325 1551.125
max_pca 1 0.3 0.5 500 1915.084 373.8 196.325 2000
max_pca 2 0.3 0.5 500 1759.818 609.057 137.85 2000
max_pca 3 0.3 0.5 500 1651.652 715.982 128.475 2000
max_pca 5 0.3 0.5 500 1144.988 909.844 94.425 2000
max_pca 10 0.3 0.5 500 308.114 527.813 72.475 146
max_pca 20 0.3 0.5 500 1920.218 372.329 191.8 2000
min_pca 1 0.3 0.5 500 2.008 0.089 2 2
min_pca 2 0.3 0.5 500 2.004 0.063 2 2
min_pca 3 0.3 0.5 500 2.004 0.063 2 2
min_pca 5 0.3 0.5 500 2.008 0.109 2 2
min_pca 10 0.3 0.5 500 2.04 0.206 2 2
min_pca 20 0.3 0.5 500 2.392 0.532 2 2
tpca 0.8 0.3 0.5 500 2.008 0.089 2 2
tpca 0.9 0.3 0.5 500 2.008 0.089 2 2
tpca 0.95 0.3 0.5 500 2.008 0.089 2 2
tpca 0.99 0.3 0.5 500 2.008 0.089 2 2
tpca 0.995 0.3 0.5 500 2.008 0.089 2 2
tpca 0.999 0.3 0.5 500 2.008 0.089 2 2
mix 0.03 0.3 0.75 500 1738.566 540.62 175.9 2000
mix 0.1 0.3 0.75 500 1589.006 638.165 116 2000
mix 0.3 0.3 0.75 500 1476.78 680.703 86.475 1982.225
mix 1 0.3 0.75 500 1369.612 718.62 63.475 1613.125
max_pca 1 0.3 0.75 500 1951.336 288.723 759.775 2000
max_pca 2 0.3 0.75 500 1843.054 506.74 170.375 2000
max_pca 3 0.3 0.75 500 1786.782 583.962 145.95 2000
max_pca 5 0.3 0.75 500 1409.436 850.734 110.8 2000
max_pca 10 0.3 0.75 500 522.768 731.952 83.475 167.025
max_pca 20 0.3 0.75 500 1974.542 213.867 2000 2000
min_pca 1 0.3 0.75 500 2.014 0.134 2 2
min_pca 2 0.3 0.75 500 2.008 0.089 2 2
min_pca 3 0.3 0.75 500 2.02 0.178 2 2
min_pca 5 0.3 0.75 500 2.034 0.212 2 2
min_pca 10 0.3 0.75 500 2.166 0.403 2 2
min_pca 20 0.3 0.75 500 2.982 0.653 2 3
tpca 0.8 0.3 0.75 500 2.014 0.134 2 2
tpca 0.9 0.3 0.75 500 2.014 0.134 2 2
tpca 0.95 0.3 0.75 500 2.014 0.134 2 2
tpca 0.99 0.3 0.75 500 2.014 0.134 2 2
tpca 0.995 0.3 0.75 500 2.014 0.134 2 2
tpca 0.999 0.3 0.75 500 2.014 0.134 2 2
mix 0.03 0.1 0 500 1763.656 525.374 217.475 2000
mix 0.1 0.1 0 500 1575.26 637.865 160.425 2000
mix 0.3 0.1 0 500 1441.684 678.884 123.9 1806.35
mix 1 0.1 0 500 1394.67 688.425 90.475 1666.475
max_pca 1 0.1 0 500 1938.17 316.479 314.5 2000
max_pca 2 0.1 0 500 1788.758 578.841 156.425 2000
max_pca 3 0.1 0 500 1755.264 617.961 147.9 2000
max_pca 5 0.1 0 500 1487.076 815.988 124.95 2000
max_pca 10 0.1 0 500 678.13 822.756 91 181
max_pca 20 0.1 0 500 1985.566 160.92 2000 2000
min_pca 1 0.1 0 500 2.024 0.166 2 2
min_pca 2 0.1 0 500 2.02 0.14 2 2
min_pca 3 0.1 0 500 2.034 0.181 2 2
min_pca 5 0.1 0 500 2.06 0.246 2 2
min_pca 10 0.1 0 500 2.33 0.557 2 2
min_pca 20 0.1 0 500 3.302 0.832 2 3
tpca 0.8 0.1 0 500 2.024 0.166 2 2
tpca 0.9 0.1 0 500 2.024 0.166 2 2
tpca 0.95 0.1 0 500 2.024 0.166 2 2
tpca 0.99 0.1 0 500 2.024 0.166 2 2
tpca 0.995 0.1 0 500 2.024 0.166 2 2
tpca 0.999 0.1 0 500 2.024 0.166 2 2
mix 0.03 0.1 0.25 500 1742.374 526.467 262.275 2000
mix 0.1 0.1 0.25 500 1538.512 645.898 154.8 2000
mix 0.3 0.1 0.25 500 1392.408 688.845 94.9 1634.575
mix 1 0.1 0.25 500 1299.452 716.233 74 1366.025
max_pca 1 0.1 0.25 500 1959.628 246.718 1389.175 2000
max_pca 2 0.1 0.25 500 1876.49 451.403 167.85 2000
max_pca 3 0.1 0.25 500 1826.316 529.448 162.425 2000
max_pca 5 0.1 0.25 500 1594.648 752.853 134.475 2000
max_pca 10 0.1 0.25 500 760.768 856.507 82 187.025
max_pca 20 0.1 0.25 500 1989.22 138.918 2000 2000
min_pca 1 0.1 0.25 500 2.028 0.165 2 2
min_pca 2 0.1 0.25 500 2.026 0.159 2 2
min_pca 3 0.1 0.25 500 2.036 0.186 2 2
min_pca 5 0.1 0.25 500 2.084 0.299 2 2
min_pca 10 0.1 0.25 500 2.448 0.633 2 2
min_pca 20 0.1 0.25 500 3.564 0.971 2 3
tpca 0.8 0.1 0.25 500 2.028 0.165 2 2
tpca 0.9 0.1 0.25 500 2.028 0.165 2 2
tpca 0.95 0.1 0.25 500 2.028 0.165 2 2
tpca 0.99 0.1 0.25 500 2.028 0.165 2 2
tpca 0.995 0.1 0.25 500 2.028 0.165 2 2
tpca 0.999 0.1 0.25 500 2.028 0.165 2 2
mix 0.03 0.1 0.5 500 1734.55 551.541 182.375 2000
mix 0.1 0.1 0.5 500 1552.774 638.233 122.175 2000
mix 0.3 0.1 0.5 500 1398.208 700.94 72.95 1698.45
mix 1 0.1 0.5 500 1321.562 704.084 71.9 1429.025
max_pca 1 0.1 0.5 500 1941.048 315.437 319.7 2000
max_pca 2 0.1 0.5 500 1843.466 500.279 173.125 2000
max_pca 3 0.1 0.5 500 1810.938 546.117 156.95 2000
max_pca 5 0.1 0.5 500 1614.15 741.175 130.95 2000
max_pca 10 0.1 0.5 500 716.51 838.515 98.95 182
max_pca 20 0.1 0.5 500 1992.81 113.572 2000 2000
min_pca 1 0.1 0.5 500 2.046 0.228 2 2
min_pca 2 0.1 0.5 500 2.052 0.24 2 2
min_pca 3 0.1 0.5 500 2.106 0.339 2 2
min_pca 5 0.1 0.5 500 2.218 0.472 2 2
min_pca 10 0.1 0.5 500 2.8 0.816 2 3
min_pca 20 0.1 0.5 500 4.376 1.297 3 4
tpca 0.8 0.1 0.5 500 2.046 0.228 2 2
tpca 0.9 0.1 0.5 500 2.046 0.228 2 2
tpca 0.95 0.1 0.5 500 2.046 0.228 2 2
tpca 0.99 0.1 0.5 500 2.046 0.228 2 2
tpca 0.995 0.1 0.5 500 2.046 0.228 2 2
tpca 0.999 0.1 0.5 500 2.046 0.228 2 2
mix 0.03 0.1 0.75 500 1758 518.543 193.9 2000
mix 0.1 0.1 0.75 500 1517.3 671.548 121 2000
mix 0.3 0.1 0.75 500 1407.53 708.592 98.475 1811.3
mix 1 0.1 0.75 500 1295.026 730.49 91.75 1333.1
max_pca 1 0.1 0.75 500 1970.168 221.395 2000 2000
max_pca 2 0.1 0.75 500 1859.158 480.467 155.425 2000
max_pca 3 0.1 0.75 500 1828.568 533.078 135.425 2000
max_pca 5 0.1 0.75 500 1591.662 761.478 125 2000
max_pca 10 0.1 0.75 500 768.004 863.577 83 180
max_pca 20 0.1 0.75 500 1989.03 141.355 2000 2000
min_pca 1 0.1 0.75 500 2.106 0.409 2 2
min_pca 2 0.1 0.75 500 2.158 0.479 2 2
min_pca 3 0.1 0.75 500 2.27 0.588 2 2
min_pca 5 0.1 0.75 500 2.524 0.817 2 2
min_pca 10 0.1 0.75 500 3.552 1.269 2 3
min_pca 20 0.1 0.75 500 6.276 2.412 3 6
tpca 0.8 0.1 0.75 500 2.106 0.409 2 2
tpca 0.9 0.1 0.75 500 2.106 0.409 2 2
tpca 0.95 0.1 0.75 500 2.106 0.409 2 2
tpca 0.99 0.1 0.75 500 2.106 0.409 2 2
tpca 0.995 0.1 0.75 500 2.106 0.409 2 2
tpca 0.999 0.1 0.75 500 2.106 0.409 2 2
mix 0.03 0.05 0 500 1726.108 561.931 135.275 2000
mix 0.1 0.05 0 500 1539.322 653.665 84 2000
mix 0.3 0.05 0 500 1396.474 697.178 60.475 1648.25
mix 1 0.05 0 500 1322.172 702.371 59 1413
max_pca 1 0.05 0 500 1972.136 212.984 2000 2000
max_pca 2 0.05 0 500 1900.232 410.408 181.95 2000
max_pca 3 0.05 0 500 1842.334 508.578 171.65 2000
max_pca 5 0.05 0 500 1612.11 743.245 132.9 2000
max_pca 10 0.05 0 500 792.988 868.659 89.95 190
max_pca 20 0.05 0 500 1989.186 139.359 2000 2000
min_pca 1 0.05 0 500 2.116 0.437 2 2
min_pca 2 0.05 0 500 2.136 0.471 2 2
min_pca 3 0.05 0 500 2.214 0.627 2 2
min_pca 5 0.05 0 500 2.426 0.816 2 2
min_pca 10 0.05 0 500 3.296 1.497 2 3
min_pca 20 0.05 0 500 5.538 2.778 3 5
tpca 0.8 0.05 0 500 2.116 0.437 2 2
tpca 0.9 0.05 0 500 2.116 0.437 2 2
tpca 0.95 0.05 0 500 2.116 0.437 2 2
tpca 0.99 0.05 0 500 2.116 0.437 2 2
tpca 0.995 0.05 0 500 2.116 0.437 2 2
tpca 0.999 0.05 0 500 2.116 0.437 2 2
mix 0.03 0.05 0.25 500 1717.382 559.511 151.125 2000
mix 0.1 0.05 0.25 500 1527.246 650.593 113.475 2000
mix 0.3 0.05 0.25 500 1368.16 707.533 58.425 1577.65
mix 1 0.05 0.25 500 1265.236 716.758 72.475 1278.35
max_pca 1 0.05 0.25 500 1913.41 371.372 248.45 2000
max_pca 2 0.05 0.25 500 1872.462 457.113 177.95 2000
max_pca 3 0.05 0.25 500 1817.134 543.746 152.85 2000
max_pca 5 0.05 0.25 500 1596.328 753.046 129 2000
max_pca 10 0.05 0.25 500 722.504 838.841 94 185.025
max_pca 20 0.05 0.25 500 1992.912 111.961 2000 2000
min_pca 1 0.05 0.25 500 2.138 0.442 2 2
min_pca 2 0.05 0.25 500 2.202 0.496 2 2
min_pca 3 0.05 0.25 500 2.332 0.647 2 2
min_pca 5 0.05 0.25 500 2.614 0.92 2 2
min_pca 10 0.05 0.25 500 3.722 1.629 2 3
min_pca 20 0.05 0.25 500 6.488 3.3 3 6
tpca 0.8 0.05 0.25 500 2.138 0.442 2 2
tpca 0.9 0.05 0.25 500 2.138 0.442 2 2
tpca 0.95 0.05 0.25 500 2.138 0.442 2 2
tpca 0.99 0.05 0.25 500 2.138 0.442 2 2
tpca 0.995 0.05 0.25 500 2.138 0.442 2 2
tpca 0.999 0.05 0.25 500 2.138 0.442 2 2
mix 0.03 0.05 0.5 500 1783.686 500.017 238.475 2000
mix 0.1 0.05 0.5 500 1545.286 659.36 109.95 2000
mix 0.3 0.05 0.5 500 1403.172 711.477 86.85 1776.15
mix 1 0.05 0.5 500 1307.566 719.864 86.85 1447.125
max_pca 1 0.05 0.5 500 1964.28 241.356 2000 2000
max_pca 2 0.05 0.5 500 1884.248 440.69 180.7 2000
max_pca 3 0.05 0.5 500 1867.37 471.417 158 2000
max_pca 5 0.05 0.5 500 1616.158 739.894 128.95 2000
max_pca 10 0.05 0.5 500 787.534 865.105 92 189
max_pca 20 0.05 0.5 500 1985.488 161.785 2000 2000
min_pca 1 0.05 0.5 500 2.274 0.707 2 2
min_pca 2 0.05 0.5 500 2.376 0.797 2 2
min_pca 3 0.05 0.5 500 2.556 1.045 2 2
min_pca 5 0.05 0.5 500 2.944 1.386 2 2
min_pca 10 0.05 0.5 500 4.502 2.457 2 4
min_pca 20 0.05 0.5 500 8.556 4.827 3 7
tpca 0.8 0.05 0.5 500 2.274 0.707 2 2
tpca 0.9 0.05 0.5 500 2.274 0.707 2 2
tpca 0.95 0.05 0.5 500 2.274 0.707 2 2
tpca 0.99 0.05 0.5 500 2.274 0.707 2 2
tpca 0.995 0.05 0.5 500 2.274 0.707 2 2
tpca 0.999 0.05 0.5 500 2.274 0.707 2 2
mix 0.03 0.05 0.75 500 1728.558 547.773 191.85 2000
mix 0.1 0.05 0.75 500 1534.616 644.028 183.9 2000
mix 0.3 0.05 0.75 500 1399.506 687.688 111.95 1683.15
mix 1 0.05 0.75 500 1333.278 706.775 101.7 1489.025
max_pca 1 0.05 0.75 500 1967.634 233.121 2000 2000
max_pca 2 0.05 0.75 500 1884.328 438.147 172.375 2000
max_pca 3 0.05 0.75 500 1841.012 513.038 162.275 2000
max_pca 5 0.05 0.75 500 1669.898 701.537 124.85 2000
max_pca 10 0.05 0.75 500 780.712 865.695 77 192
max_pca 20 0.05 0.75 500 2000 0 2000 2000
min_pca 1 0.05 0.75 500 2.568 1.041 2 2
min_pca 2 0.05 0.75 500 2.846 1.398 2 2
min_pca 3 0.05 0.75 500 3.21 1.746 2 3
min_pca 5 0.05 0.75 500 4.046 2.374 2 3
min_pca 10 0.05 0.75 500 7.074 4.412 3 6
min_pca 20 0.05 0.75 500 14.896 8.658 5 12
tpca 0.8 0.05 0.75 500 2.568 1.041 2 2
tpca 0.9 0.05 0.75 500 2.568 1.041 2 2
tpca 0.95 0.05 0.75 500 2.568 1.041 2 2
tpca 0.99 0.05 0.75 500 2.568 1.041 2 2
tpca 0.995 0.05 0.75 500 2.568 1.041 2 2
tpca 0.999 0.05 0.75 500 2.568 1.041 2 2
mix 0.03 0.02 0 500 1704.696 577.289 163.7 2000
mix 0.1 0.02 0 500 1500.288 678.544 115.225 2000
mix 0.3 0.02 0 500 1337.964 716.08 87.475 1524.25
mix 1 0.02 0 500 1272.712 724.806 82.425 1328.325
max_pca 1 0.02 0 500 1975.718 200.605 2000 2000
max_pca 2 0.02 0 500 1855.204 486.898 168.475 2000
max_pca 3 0.02 0 500 1851.32 493.188 182.375 2000
max_pca 5 0.02 0 500 1646.088 718.194 125 2000
max_pca 10 0.02 0 500 855.24 887.497 87.475 195
max_pca 20 0.02 0 500 1992.778 114.083 2000 2000
min_pca 1 0.02 0 500 60.986 329.665 2 2
min_pca 2 0.02 0 500 54.46 305.785 2 3
min_pca 3 0.02 0 500 52.66 293.14 2 3
min_pca 5 0.02 0 500 47.554 265.897 2 4
min_pca 10 0.02 0 500 61.558 292.599 3 7
min_pca 20 0.02 0 500 91.892 348.856 4 16.025
tpca 0.8 0.02 0 500 60.986 329.665 2 2
tpca 0.9 0.02 0 500 60.986 329.665 2 2
tpca 0.95 0.02 0 500 60.986 329.665 2 2
tpca 0.99 0.02 0 500 60.986 329.665 2 2
tpca 0.995 0.02 0 500 60.986 329.665 2 2
tpca 0.999 0.02 0 500 60.986 329.665 2 2
mix 0.03 0.02 0.25 500 1676.364 594.371 118.85 2000
mix 0.1 0.02 0.25 500 1443.188 689.437 85.95 1813.525
mix 0.3 0.02 0.25 500 1333.572 707.88 86.475 1459.275
mix 1 0.02 0.25 500 1261.698 726.49 78 1264.1
max_pca 1 0.02 0.25 500 1949.08 290.773 716.325 2000
max_pca 2 0.02 0.25 500 1830.954 521.54 149.475 2000
max_pca 3 0.02 0.25 500 1817.208 541.877 153.75 2000
max_pca 5 0.02 0.25 500 1601.808 749.915 116 2000
max_pca 10 0.02 0.25 500 764.564 859.974 86.475 187.025
max_pca 20 0.02 0.25 500 1992.654 116.038 2000 2000
min_pca 1 0.02 0.25 500 55.014 305.763 2 2
min_pca 2 0.02 0.25 500 51.824 292.954 2 3
min_pca 3 0.02 0.25 500 50.18 279.629 2 3
min_pca 5 0.02 0.25 500 56.626 292.705 2 5
min_pca 10 0.02 0.25 500 61.658 279.124 3 9
min_pca 20 0.02 0.25 500 87.58 315.151 5 20
tpca 0.8 0.02 0.25 500 55.014 305.763 2 2
tpca 0.9 0.02 0.25 500 55.014 305.763 2 2
tpca 0.95 0.02 0.25 500 55.014 305.763 2 2
tpca 0.99 0.02 0.25 500 55.014 305.763 2 2
tpca 0.995 0.02 0.25 500 55.014 305.763 2 2
tpca 0.999 0.02 0.25 500 55.014 305.763 2 2
mix 0.03 0.02 0.5 500 1693.744 569.633 153.9 2000
mix 0.1 0.02 0.5 500 1522.572 660.672 98.025 2000
mix 0.3 0.02 0.5 500 1333.588 718.62 59.275 1467.075
mix 1 0.02 0.5 500 1270.948 742.323 49.95 1352.3
max_pca 1 0.02 0.5 500 1963.03 242.335 1829.375 2000
max_pca 2 0.02 0.5 500 1898.68 416.82 176.425 2000
max_pca 3 0.02 0.5 500 1865.476 473.891 160.425 2000
max_pca 5 0.02 0.5 500 1627.802 733.127 121.475 2000
max_pca 10 0.02 0.5 500 804.294 875.351 90.425 186
max_pca 20 0.02 0.5 500 1992.762 114.328 2000 2000
min_pca 1 0.02 0.5 500 105.848 426.4 2 3
min_pca 2 0.02 0.5 500 96.218 399.794 2 4
min_pca 3 0.02 0.5 500 102.438 408.386 2 5
min_pca 5 0.02 0.5 500 98.932 389.751 2 7
min_pca 10 0.02 0.5 500 121.422 414.819 3 13
min_pca 20 0.02 0.5 500 172.452 480.353 6 30
tpca 0.8 0.02 0.5 500 105.848 426.4 2 3
tpca 0.9 0.02 0.5 500 105.848 426.4 2 3
tpca 0.95 0.02 0.5 500 105.848 426.4 2 3
tpca 0.99 0.02 0.5 500 105.848 426.4 2 3
tpca 0.995 0.02 0.5 500 105.848 426.4 2 3
tpca 0.999 0.02 0.5 500 105.848 426.4 2 3
mix 0.03 0.02 0.75 500 1738.43 533.796 214.475 2000
mix 0.1 0.02 0.75 500 1553.922 653.566 102.175 2000
mix 0.3 0.02 0.75 500 1427.43 691.98 80.425 1856.05
mix 1 0.02 0.75 500 1320.856 709.329 78.475 1414.4
max_pca 1 0.02 0.75 500 1966.906 239.493 2000 2000
max_pca 2 0.02 0.75 500 1857.544 484.081 191.375 2000
max_pca 3 0.02 0.75 500 1813.712 548.169 153.425 2000
max_pca 5 0.02 0.75 500 1624.124 735.228 115.375 2000
max_pca 10 0.02 0.75 500 777.966 863.869 82.95 189
max_pca 20 0.02 0.75 500 1992.79 113.886 2000 2000
min_pca 1 0.02 0.75 500 163.824 527.65 2 5
min_pca 2 0.02 0.75 500 163.732 520.407 2 6
min_pca 3 0.02 0.75 500 171.81 525.926 2 8
min_pca 5 0.02 0.75 500 177.024 524.62 3 12
min_pca 10 0.02 0.75 500 210.14 551.213 4.475 25
min_pca 20 0.02 0.75 500 272.136 603.427 10 51.025
tpca 0.8 0.02 0.75 500 163.824 527.65 2 5
tpca 0.9 0.02 0.75 500 163.824 527.65 2 5
tpca 0.95 0.02 0.75 500 163.824 527.65 2 5
tpca 0.99 0.02 0.75 500 163.824 527.65 2 5
tpca 0.995 0.02 0.75 500 163.824 527.65 2 5
tpca 0.999 0.02 0.75 500 163.824 527.65 2 5
