method method_param p change_param n_sim edd sd_edd edd_lower edd_upper
mix 0.03 0.98 0 500 1988.854 101.642 2000 2000
mix 0.1 0.98 0 500 1986.5 128.999 2000 2000
mix 0.3 0.98 0 500 1980.292 156.408 2000 2000
mix 1 0.98 0 500 1988.09 105.748 2000 2000
max_pca 1 0.98 0 500 45.862 12.407 25 44
max_pca 2 0.98 0 500 30.75 7.305 18 30
max_pca 3 0.98 0 500 25.876 5.317 16 25.025
max_pca 5 0.98 0 500 22.64 4.309 15 22
max_pca 10 0.98 0 500 20.654 3.394 15 20
max_pca 20 0.98 0 500 19.794 3.084 14.475 19
min_pca 1 0.98 0 500 2.016 0.141 2 2
min_pca 2 0.98 0 500 2.004 0.089 2 2
min_pca 3 0.98 0 500 2.004 0.063 2 2
min_pca 5 0.98 0 500 2.004 0.063 2 2
min_pca 10 0.98 0 500 2.016 0.126 2 2
min_pca 20 0.98 0 500 2.334 0.489 2 2
tpca 0.8 0.98 0 500 2.016 0.141 2 2
tpca 0.9 0.98 0 500 2.016 0.141 2 2
tpca 0.95 0.98 0 500 2.016 0.141 2 2
tpca 0.99 0.98 0 500 2.006 0.077 2 2
tpca 0.995 0.98 0 500 2.014 0.134 2 2
tpca 0.999 0.98 0 500 2.02 0.154 2 2
mix 0.03 0.98 0.25 500 1981.852 137.094 2000 2000
mix 0.1 0.98 0.25 500 1979.19 144.903 1813.375 2000
mix 0.3 0.98 0.25 500 1966.67 213.807 1636.475 2000
mix 1 0.98 0.25 500 1959.224 234.731 1309.075 2000
max_pca 1 0.98 0.25 500 84.118 25.294 43 81
max_pca 2 0.98 0.25 500 54.276 14.18 28.475 52
max_pca 3 0.98 0.25 500 45.668 11.13 26 44
max_pca 5 0.98 0.25 500 38.392 8.255 23 37
max_pca 10 0.98 0.25 500 33.086 6.469 21 33
max_pca 20 0.98 0.25 500 29.348 5.249 20 29
min_pca 1 0.98 0.25 500 2.014 0.134 2 2
min_pca 2 0.98 0.25 500 2.004 0.063 2 2
min_pca 3 0.98 0.25 500 2.004 0.063 2 2
min_pca 5 0.98 0.25 500 2.006 0.077 2 2
min_pca 10 0.98 0.25 500 2.034 0.192 2 2
min_pca 20 0.98 0.25 500 2.594 0.512 2 3
tpca 0.8 0.98 0.25 500 2.014 0.134 2 2
tpca 0.9 0.98 0.25 500 2.014 0.134 2 2
tpca 0.95 0.98 0.25 500 2.014 0.134 2 2
tpca 0.99 0.98 0.25 500 2.004 0.063 2 2
tpca 0.995 0.98 0.25 500 2.016 0.126 2 2
tpca 0.999 0.98 0.25 500 2.044 0.215 2 2
mix 0.03 0.98 0.5 500 1968.196 193.408 1525.85 2000
mix 0.1 0.98 0.5 500 1968.908 194.522 1545.9 2000
mix 0.3 0.98 0.5 500 1968.83 179.061 1483.6 2000
mix 1 0.98 0.5 500 1960.114 217.951 1273.525 2000
max_pca 1 0.98 0.5 500 487.862 690.717 73.9 171
max_pca 2 0.98 0.5 500 117.248 125.163 52.475 104.025
max_pca 3 0.98 0.5 500 89.26 26.181 47 84.025
max_pca 5 0.98 0.5 500 70.592 17.612 40.475 68
max_pca 10 0.98 0.5 500 57.186 11.944 36 56
max_pca 20 0.98 0.5 500 46.1 9.03 30.475 45
min_pca 1 0.98 0.5 500 2.026 0.171 2 2
min_pca 2 0.98 0.5 500 2.016 0.126 2 2
min_pca 3 0.98 0.5 500 2.014 0.118 2 2
min_pca 5 0.98 0.5 500 2.022 0.147 2 2
min_pca 10 0.98 0.5 500 2.106 0.308 2 2
min_pca 20 0.98 0.5 500 2.93 0.487 2 3
tpca 0.8 0.98 0.5 500 2.026 0.171 2 2
tpca 0.9 0.98 0.5 500 2.026 0.171 2 2
tpca 0.95 0.98 0.5 500 2.026 0.171 2 2
tpca 0.99 0.98 0.5 500 2.026 0.171 2 2
tpca 0.995 0.98 0.5 500 2.04 0.206 2 2
tpca 0.999 0.98 0.5 500 2.08 0.279 2 2
mix 0.03 0.98 0.75 500 1955.004 249.559 1326.025 2000
mix 0.1 0.98 0.75 500 1939.05 265.813 1126.3 2000
mix 0.3 0.98 0.75 500 1918.282 288.324 741.425 2000
mix 1 0.98 0.75 500 1912.306 305.194 704.825 2000
max_pca 1 0.98 0.75 500 1792.508 570.113 146.375 2000
max_pca 2 0.98 0.75 500 1307.79 878.23 99.85 2000
max_pca 3 0.98 0.75 500 1024.854 909.406 89 241.05
max_pca 5 0.98 0.75 500 408.028 629.829 80.95 159
max_pca 10 0.98 0.75 500 114.35 32.487 62.475 110
max_pca 20 0.98 0.75 500 73.168 15.901 46.475 70
min_pca 1 0.98 0.75 500 2.016 0.126 2 2
min_pca 2 0.98 0.75 500 2.016 0.126 2 2
min_pca 3 0.98 0.75 500 2.014 0.118 2 2
min_pca 5 0.98 0.75 500 2.036 0.186 2 2
min_pca 10 0.98 0.75 500 2.39 0.512 2 2
min_pca 20 0.98 0.75 500 3.664 0.687 3 4
tpca 0.8 0.98 0.75 500 2.016 0.126 2 2
tpca 0.9 0.98 0.75 500 2.016 0.126 2 2
tpca 0.95 0.98 0.75 500 2.016 0.126 2 2
tpca 0.99 0.98 0.75 500 2.028 0.165 2 2
tpca 0.995 0.98 0.75 500 2.064 0.245 2 2
tpca 0.999 0.98 0.75 500 2.242 0.456 2 2
mix 0.03 0.95 0 500 1973.552 168.517 1695.675 2000
mix 0.1 0.95 0 500 1973.864 169.236 1695.675 2000
mix 0.3 0.95 0 500 1973.922 166.338 1670.475 2000
mix 1 0.95 0 500 1967.086 201.278 1413.925 2000
max_pca 1 0.95 0 500 44.498 11.718 23.475 43
max_pca 2 0.95 0 500 30.08 7.033 18 29
max_pca 3 0.95 0 500 25.442 5.19 16.475 25
max_pca 5 0.95 0 500 22.356 4.163 15 22
max_pca 10 0.95 0 500 20.56 3.341 14 20
max_pca 20 0.95 0 500 19.842 3.02 14 19
min_pca 1 0.95 0 500 2.01 0.1 2 2
min_pca 2 0.95 0 500 2.004 0.063 2 2
min_pca 3 0.95 0 500 2.004 0.063 2 2
min_pca 5 0.95 0 500 2.002 0.045 2 2
min_pca 10 0.95 0 500 2.02 0.14 2 2
min_pca 20 0.95 0 500 2.332 0.471 2 2
tpca 0.8 0.95 0 500 2.01 0.1 2 2
tpca 0.9 0.95 0 500 2.01 0.1 2 2
tpca 0.95 0.95 0 500 2.01 0.1 2 2
tpca 0.99 0.95 0 500 2.002 0.045 2 2
tpca 0.995 0.95 0 500 2.016 0.126 2 2
tpca 0.999 0.95 0 500 2.028 0.165 2 2
mix 0.03 0.95 0.25 500 1989.362 107.367 2000 2000
mix 0.1 0.95 0.25 500 1978.316 144.753 1795.975 2000
mix 0.3 0.95 0.25 500 1978.708 136.542 1750.775 2000
mix 1 0.95 0.25 500 1977.998 152.977 2000 2000
max_pca 1 0.95 0.25 500 85.78 29.583 39 81
max_pca 2 0.95 0.25 500 53.724 15.538 27 51
max_pca 3 0.95 0.25 500 45.13 12.12 24.475 43
max_pca 5 0.95 0.25 500 37.982 8.584 22 36
max_pca 10 0.95 0.25 500 32.618 6.009 21.475 32
max_pca 20 0.95 0.25 500 29.348 5.196 20 29
min_pca 1 0.95 0.25 500 2.014 0.118 2 2
min_pca 2 0.95 0.25 500 2.002 0.045 2 2
min_pca 3 0.95 0.25 500 2.002 0.045 2 2
min_pca 5 0.95 0.25 500 2.004 0.063 2 2
min_pca 10 0.95 0.25 500 2.042 0.201 2 2
min_pca 20 0.95 0.25 500 2.534 0.527 2 2
tpca 0.8 0.95 0.25 500 2.014 0.118 2 2
tpca 0.9 0.95 0.25 500 2.014 0.118 2 2
tpca 0.95 0.95 0.25 500 2.014 0.118 2 2
tpca 0.99 0.95 0.25 500 2.006 0.077 2 2
tpca 0.995 0.95 0.25 500 2.022 0.147 2 2
tpca 0.999 0.95 0.25 500 2.036 0.186 2 2
mix 0.03 0.95 0.5 500 1969.642 199.074 1675.3 2000
mix 0.1 0.95 0.5 500 1957.628 238.653 1369.675 2000
mix 0.3 0.95 0.5 500 1957.098 247.274 904.85 2000
mix 1 0.95 0.5 500 1956.212 245.126 1043.975 2000
max_pca 1 0.95 0.5 500 445.574 646.022 68.475 169.025
max_pca 2 0.95 0.5 500 107.534 42.384 44 101
max_pca 3 0.95 0.5 500 88.068 26.48 42.475 84
max_pca 5 0.95 0.5 500 71.772 19.756 39.475 68
max_pca 10 0.95 0.5 500 56.684 12.241 35.475 55
max_pca 20 0.95 0.5 500 45.028 9.1 29 44
min_pca 1 0.95 0.5 500 2.018 0.147 2 2
min_pca 2 0.95 0.5 500 2.008 0.089 2 2
min_pca 3 0.95 0.5 500 2.004 0.063 2 2
min_pca 5 0.95 0.5 500 2.012 0.109 2 2
min_pca 10 0.95 0.5 500 2.108 0.311 2 2
min_pca 20 0.95 0.5 500 2.952 0.441 2 3
tpca 0.8 0.95 0.5 500 2.018 0.147 2 2
tpca 0.9 0.95 0.5 500 2.018 0.147 2 2
tpca 0.95 0.95 0.5 500 2.018 0.147 2 2
tpca 0.99 0.95 0.5 500 2.01 0.1 2 2
tpca 0.995 0.95 0.5 500 2.026 0.159 2 2
tpca 0.999 0.95 0.5 500 2.074 0.262 2 2
mix 0.03 0.95 0.75 500 1950.276 241.66 920.875 2000
mix 0.1 0.95 0.75 500 1943.908 257.636 918.25 2000
mix 0.3 0.95 0.75 500 1920.33 314.504 694.85 2000
mix 1 0.95 0.75 500 1907.558 340.81 646.85 2000
max_pca 1 0.95 0.75 500 1818.546 538.99 149.8 2000
max_pca 2 0.95 0.75 500 1297.732 884.147 102.475 2000
max_pca 3 0.95 0.75 500 1031.498 910.623 100.375 248
max_pca 5 0.95 0.75 500 438.716 663.946 78.475 161
max_pca 10 0.95 0.75 500 112.706 28.161 68 110
max_pca 20 0.95 0.75 500 73.62 15.703 43.475 73
min_pca 1 0.95 0.75 500 2.034 0.212 2 2
min_pca 2 0.95 0.75 500 2.032 0.198 2 2
min_pca 3 0.95 0.75 500 2.042 0.229 2 2
min_pca 5 0.95 0.75 500 2.072 0.281 2 2
min_pca 10 0.95 0.75 500 2.46 0.559 2 2
min_pca 20 0.95 0.75 500 3.642 0.641 3 4
tpca 0.8 0.95 0.75 500 2.034 0.212 2 2
tpca 0.9 0.95 0.75 500 2.034 0.212 2 2
tpca 0.95 0.95 0.75 500 2.034 0.212 2 2
tpca 0.99 0.95 0.75 500 2.054 0.259 2 2
tpca 0.995 0.95 0.75 500 2.1 0.332 2 2
tpca 0.999 0.95 0.75 500 2.29 0.492 2 2
mix 0.03 0.9 0 500 1983.452 130.334 2000 2000
mix 0.1 0.9 0 500 1975.71 173.512 2000 2000
mix 0.3 0.9 0 500 1975.836 164.972 2000 2000
mix 1 0.9 0 500 1980.91 152.748 2000 2000
max_pca 1 0.9 0 500 45.026 11.685 25.475 43
max_pca 2 0.9 0 500 30.04 6.787 18 29
max_pca 3 0.9 0 500 25.602 5.369 15.475 25
max_pca 5 0.9 0 500 22.344 4.361 15 22
max_pca 10 0.9 0 500 20.328 3.386 14 20
max_pca 20 0.9 0 500 19.582 3.068 14 19
min_pca 1 0.9 0 500 2.018 0.147 2 2
min_pca 2 0.9 0 500 2.006 0.077 2 2
min_pca 3 0.9 0 500 2.002 0.045 2 2
min_pca 5 0.9 0 500 2.004 0.063 2 2
min_pca 10 0.9 0 500 2.022 0.147 2 2
min_pca 20 0.9 0 500 2.34 0.478 2 2
tpca 0.8 0.9 0 500 2.018 0.147 2 2
tpca 0.9 0.9 0 500 2.018 0.147 2 2
tpca 0.95 0.9 0 500 2.018 0.147 2 2
tpca 0.99 0.9 0 500 2.008 0.089 2 2
tpca 0.995 0.9 0 500 2.012 0.109 2 2
tpca 0.999 0.9 0 500 2.022 0.147 2 2
mix 0.03 0.9 0.25 500 1965.912 206.405 1402.775 2000
mix 0.1 0.9 0.25 500 1960.23 221.717 1185.425 2000
mix 0.3 0.9 0.25 500 1964.002 213.192 1327.05 2000
mix 1 0.9 0.25 500 1973.366 173.219 1815.175 2000
max_pca 1 0.9 0.25 500 84.174 27.385 35 82
max_pca 2 0.9 0.25 500 54.094 15.49 26 52
max_pca 3 0.9 0.25 500 45.766 11.762 25 44
max_pca 5 0.9 0.25 500 38.574 8.651 22.475 38
max_pca 10 0.9 0.25 500 33.096 6.364 21 32
max_pca 20 0.9 0.25 500 29.576 5.049 20.475 29
min_pca 1 0.9 0.25 500 2.01 0.118 2 2
min_pca 2 0.9 0.25 500 2.004 0.063 2 2
min_pca 3 0.9 0.25 500 2 0 2 2
min_pca 5 0.9 0.25 500 2.004 0.063 2 2
min_pca 10 0.9 0.25 500 2.052 0.222 2 2
min_pca 20 0.9 0.25 500 2.588 0.517 2 3
tpca 0.8 0.9 0.25 500 2.01 0.118 2 2
tpca 0.9 0.9 0.25 500 2.01 0.118 2 2
tpca 0.95 0.9 0.25 500 2.01 0.118 2 2
tpca 0.99 0.9 0.25 500 2.01 0.1 2 2
tpca 0.995 0.9 0.25 500 2.024 0.153 2 2
tpca 0.999 0.9 0.25 500 2.05 0.218 2 2
mix 0.03 0.9 0.5 500 1971.13 186.108 1567.95 2000
mix 0.1 0.9 0.5 500 1971.054 170.999 1515.975 2000
mix 0.3 0.9 0.5 500 1972.032 179.415 1584 2000
mix 1 0.9 0.5 500 1975.87 173.155 2000 2000
max_pca 1 0.9 0.5 500 467.006 662.447 67 172
max_pca 2 0.9 0.5 500 109.092 39.134 49 102.025
max_pca 3 0.9 0.5 500 88.644 25.59 44 85.025
max_pca 5 0.9 0.5 500 71.13 18.384 39 69
max_pca 10 0.9 0.5 500 56.586 12.497 35 55
max_pca 20 0.9 0.5 500 45.13 8.655 29 44
min_pca 1 0.9 0.5 500 2.042 0.246 2 2
min_pca 2 0.9 0.5 500 2.014 0.118 2 2
min_pca 3 0.9 0.5 500 2.016 0.126 2 2
min_pca 5 0.9 0.5 500 2.026 0.159 2 2
min_pca 10 0.9 0.5 500 2.144 0.351 2 2
min_pca 20 0.9 0.5 500 2.994 0.52 2 3
tpca 0.8 0.9 0.5 500 2.042 0.246 2 2
tpca 0.9 0.9 0.5 500 2.042 0.246 2 2
tpca 0.95 0.9 0.5 500 2.042 0.246 2 2
tpca 0.99 0.9 0.5 500 2.038 0.191 2 2
tpca 0.995 0.9 0.5 500 2.062 0.241 2 2
tpca 0.999 0.9 0.5 500 2.124 0.348 2 2
mix 0.03 0.9 0.75 500 1923.07 321.551 539.675 2000
mix 0.1 0.9 0.75 500 1921.73 311.541 655.975 2000
mix 0.3 0.9 0.75 500 1920.186 308.227 686.95 2000
mix 1 0.9 0.75 500 1887.934 366.144 397.525 2000
max_pca 1 0.9 0.75 500 1791.918 563.364 150.475 2000
max_pca 2 0.9 0.75 500 1367.926 864.005 111.475 2000
max_pca 3 0.9 0.75 500 1052.096 909.781 103.9 271.025
max_pca 5 0.9 0.75 500 449.796 674.41 80.95 159
max_pca 10 0.9 0.75 500 114.128 27.148 68.475 110
max_pca 20 0.9 0.75 500 74.126 16.394 45 72
min_pca 1 0.9 0.75 500 2.032 0.187 2 2
min_pca 2 0.9 0.75 500 2.038 0.202 2 2
min_pca 3 0.9 0.75 500 2.05 0.227 2 2
min_pca 5 0.9 0.75 500 2.094 0.299 2 2
min_pca 10 0.9 0.75 500 2.488 0.557 2 2
min_pca 20 0.9 0.75 500 3.768 0.709 3 4
tpca 0.8 0.9 0.75 500 2.032 0.187 2 2
tpca 0.9 0.9 0.75 500 2.032 0.187 2 2
tpca 0.95 0.9 0.75 500 2.032 0.187 2 2
tpca 0.99 0.9 0.75 500 2.07 0.263 2 2
tpca 0.995 0.9 0.75 500 2.102 0.316 2 2
tpca 0.999 0.9 0.75 500 2.324 0.509 2 2
mix 0.03 0.7 0 500 1982.362 128.955 2000 2000
mix 0.1 0.7 0 500 1976.314 164.47 1909.175 2000
mix 0.3 0.7 0 500 1982.858 146.093 2000 2000
mix 1 0.7 0 500 1977.182 164.572 2000 2000
max_pca 1 0.7 0 500 45.718 11.701 22.475 44
max_pca 2 0.7 0 500 29.798 7.014 17 29
max_pca 3 0.7 0 500 25.472 5.602 16 25
max_pca 5 0.7 0 500 22.28 4.532 14 22
max_pca 10 0.7 0 500 20.246 3.397 14 20
max_pca 20 0.7 0 500 19.56 3.044 14 19
min_pca 1 0.7 0 500 2.004 0.063 2 2
min_pca 2 0.7 0 500 2.004 0.063 2 2
min_pca 3 0.7 0 500 2.002 0.045 2 2
min_pca 5 0.7 0 500 2.002 0.045 2 2
min_pca 10 0.7 0 500 2.01 0.1 2 2
min_pca 20 0.7 0 500 2.324 0.477 2 2
tpca 0.8 0.7 0 500 2.004 0.063 2 2
tpca 0.9 0.7 0 500 2.004 0.063 2 2
tpca 0.95 0.7 0 500 2.004 0.063 2 2
tpca 0.99 0.7 0 500 2.006 0.077 2 2
tpca 0.995 0.7 0 500 2.01 0.1 2 2
tpca 0.999 0.7 0 500 2.02 0.14 2 2
mix 0.03 0.7 0.25 500 1971.856 193.022 2000 2000
mix 0.1 0.7 0.25 500 1974.016 199.925 2000 2000
mix 0.3 0.7 0.25 500 1976.544 182.518 1948.05 2000
mix 1 0.7 0.25 500 1979.084 167.021 1990.025 2000
max_pca 1 0.7 0.25 500 87.034 30.305 40.475 83
max_pca 2 0.7 0.25 500 55.368 14.931 29.475 53
max_pca 3 0.7 0.25 500 46.286 12.025 26 45
max_pca 5 0.7 0.25 500 38.566 8.534 24 37
max_pca 10 0.7 0.25 500 32.944 5.809 22 32
max_pca 20 0.7 0.25 500 29.276 4.898 20 29
min_pca 1 0.7 0.25 500 2.016 0.141 2 2
min_pca 2 0.7 0.25 500 2.006 0.077 2 2
min_pca 3 0.7 0.25 500 2 0 2 2
min_pca 5 0.7 0.25 500 2.002 0.045 2 2
min_pca 10 0.7 0.25 500 2.038 0.191 2 2
min_pca 20 0.7 0.25 500 2.604 0.521 2 3
tpca 0.8 0.7 0.25 500 2.016 0.141 2 2
tpca 0.9 0.7 0.25 500 2.016 0.141 2 2
tpca 0.95 0.7 0.25 500 2.016 0.141 2 2
tpca 0.99 0.7 0.25 500 2.004 0.063 2 2
tpca 0.995 0.7 0.25 500 2.02 0.14 2 2
tpca 0.999 0.7 0.25 500 2.042 0.201 2 2
mix 0.03 0.7 0.5 500 1955.844 221.592 1113.8 2000
mix 0.1 0.7 0.5 500 1956.434 231.745 1285.875 2000
mix 0.3 0.7 0.5 500 1948.944 261.009 930.775 2000
mix 1 0.7 0.5 500 1951.844 253.276 954.05 2000
max_pca 1 0.7 0.5 500 482.448 673.624 67.95 172
max_pca 2 0.7 0.5 500 109.27 39.262 51.475 103
max_pca 3 0.7 0.5 500 90.154 25.458 47.475 88
max_pca 5 0.7 0.5 500 71.144 17.358 40 69
max_pca 10 0.7 0.5 500 56.882 11.956 35 56
max_pca 20 0.7 0.5 500 45.82 8.832 28.475 45
min_pca 1 0.7 0.5 500 2.018 0.133 2 2
min_pca 2 0.7 0.5 500 2.01 0.1 2 2
min_pca 3 0.7 0.5 500 2.008 0.089 2 2
min_pca 5 0.7 0.5 500 2.016 0.126 2 2
min_pca 10 0.7 0.5 500 2.112 0.316 2 2
min_pca 20 0.7 0.5 500 2.968 0.464 2 3
tpca 0.8 0.7 0.5 500 2.018 0.133 2 2
tpca 0.9 0.7 0.5 500 2.018 0.133 2 2
tpca 0.95 0.7 0.5 500 2.018 0.133 2 2
tpca 0.99 0.7 0.5 500 2.014 0.118 2 2
tpca 0.995 0.7 0.5 500 2.044 0.205 2 2
tpca 0.999 0.7 0.5 500 2.094 0.299 2 2
mix 0.03 0.7 0.75 500 1932.514 281.165 903 2000
mix 0.1 0.7 0.75 500 1915.97 315.385 637.425 2000
mix 0.3 0.7 0.75 500 1913.77 310.11 771.175 2000
mix 1 0.7 0.75 500 1917.726 315.681 705.225 2000
max_pca 1 0.7 0.75 500 1832.352 512.967 147.95 2000
max_pca 2 0.7 0.75 500 1323.946 869.497 99.75 2000
max_pca 3 0.7 0.75 500 1027.428 908.135 86.9 263.3
max_pca 5 0.7 0.75 500 425.846 648.775 81.9 158
max_pca 10 0.7 0.75 500 115.848 89.037 65 109
max_pca 20 0.7 0.75 500 72.964 14.989 48 71
min_pca 1 0.7 0.75 500 2.05 0.244 2 2
min_pca 2 0.7 0.75 500 2.024 0.153 2 2
min_pca 3 0.7 0.75 500 2.034 0.181 2 2
min_pca 5 0.7 0.75 500 2.07 0.263 2 2
min_pca 10 0.7 0.75 500 2.44 0.558 2 2
min_pca 20 0.7 0.75 500 3.688 0.715 3 4
tpca 0.8 0.7 0.75 500 2.05 0.244 2 2
tpca 0.9 0.7 0.75 500 2.05 0.244 2 2
tpca 0.95 0.7 0.75 500 2.05 0.244 2 2
tpca 0.99 0.7 0.75 500 2.056 0.23 2 2
tpca 0.995 0.7 0.75 500 2.108 0.336 2 2
tpca 0.999 0.7 0.75 500 2.296 0.503 2 2
mix 0.03 0.5 0 500 1978.988 172.988 2000 2000
mix 0.1 0.5 0 500 1976.618 180.966 2000 2000
mix 0.3 0.5 0 500 1973.684 192.888 2000 2000
mix 1 0.5 0 500 1988.588 123.314 2000 2000
max_pca 1 0.5 0 500 45.382 12.671 24.475 44
max_pca 2 0.5 0 500 30.218 7.001 16.475 30
max_pca 3 0.5 0 500 25.66 5.602 16 25
max_pca 5 0.5 0 500 22.398 4.375 15 22
max_pca 10 0.5 0 500 20.282 3.509 14 20
max_pca 20 0.5 0 500 19.732 3.2 14 19
min_pca 1 0.5 0 500 2.012 0.109 2 2
min_pca 2 0.5 0 500 2 0 2 2
min_pca 3 0.5 0 500 2 0 2 2
min_pca 5 0.5 0 500 2 0 2 2
min_pca 10 0.5 0 500 2.014 0.118 2 2
min_pca 20 0.5 0 500 2.372 0.496 2 2
tpca 0.8 0.5 0 500 2.012 0.109 2 2
tpca 0.9 0.5 0 500 2.012 0.109 2 2
tpca 0.95 0.5 0 500 2.012 0.109 2 2
tpca 0.99 0.5 0 500 2.002 0.045 2 2
tpca 0.995 0.5 0 500 2.006 0.077 2 2
tpca 0.999 0.5 0 500 2.02 0.14 2 2
mix 0.03 0.5 0.25 500 1974.402 192.519 2000 2000
mix 0.1 0.5 0.25 500 1961.106 237.291 1413.825 2000
mix 0.3 0.5 0.25 500 1976.572 179.965 2000 2000
mix 1 0.5 0.25 500 1980.406 160.071 2000 2000
max_pca 1 0.5 0.25 500 85.652 28.33 39.475 81
max_pca 2 0.5 0.25 500 54.264 14.57 28 53
max_pca 3 0.5 0.25 500 45.648 11.182 26 44
max_pca 5 0.5 0.25 500 38.238 8.565 23 38
max_pca 10 0.5 0.25 500 33.166 6.241 22 33
max_pca 20 0.5 0.25 500 29.354 5.114 20 29
min_pca 1 0.5 0.25 500 2.018 0.147 2 2
min_pca 2 0.5 0.25 500 2.006 0.077 2 2
min_pca 3 0.5 0.25 500 2.004 0.063 2 2
min_pca 5 0.5 0.25 500 2.002 0.045 2 2
min_pca 10 0.5 0.25 500 2.044 0.205 2 2
min_pca 20 0.5 0.25 500 2.606 0.525 2 3
tpca 0.8 0.5 0.25 500 2.018 0.147 2 2
tpca 0.9 0.5 0.25 500 2.018 0.147 2 2
tpca 0.95 0.5 0.25 500 2.018 0.147 2 2
tpca 0.99 0.5 0.25 500 2.006 0.077 2 2
tpca 0.995 0.5 0.25 500 2.018 0.133 2 2
tpca 0.999 0.5 0.25 500 2.038 0.191 2 2
mix 0.03 0.5 0.5 500 1961.332 235.43 1515.925 2000
mix 0.1 0.5 0.5 500 1962.014 222.579 1533.225 2000
mix 0.3 0.5 0.5 500 1966.006 206.575 1496.55 2000
mix 1 0.5 0.5 500 1959.906 232.244 1257.55 2000
max_pca 1 0.5 0.5 500 569.158 751.943 72 174
max_pca 2 0.5 0.5 500 113.588 97.057 51 101
max_pca 3 0.5 0.5 500 89.146 27.414 46 83
max_pca 5 0.5 0.5 500 71.562 19.498 39.475 68
max_pca 10 0.5 0.5 500 57.086 12.792 35 56
max_pca 20 0.5 0.5 500 46.528 9.089 30.475 45
min_pca 1 0.5 0.5 500 2.022 0.147 2 2
min_pca 2 0.5 0.5 500 2.012 0.109 2 2
min_pca 3 0.5 0.5 500 2.012 0.109 2 2
min_pca 5 0.5 0.5 500 2.014 0.118 2 2
min_pca 10 0.5 0.5 500 2.08 0.272 2 2
min_pca 20 0.5 0.5 500 2.96 0.472 2 3
tpca 0.8 0.5 0.5 500 2.022 0.147 2 2
tpca 0.9 0.5 0.5 500 2.022 0.147 2 2
tpca 0.95 0.5 0.5 500 2.022 0.147 2 2
tpca 0.99 0.5 0.5 500 2.012 0.109 2 2
tpca 0.995 0.5 0.5 500 2.03 0.171 2 2
tpca 0.999 0.5 0.5 500 2.082 0.282 2 2
mix 0.03 0.5 0.75 500 1941.27 272.921 940.2 2000
mix 0.1 0.5 0.75 500 1939.21 276.613 782.55 2000
mix 0.3 0.5 0.75 500 1923.7 299.508 732.3 2000
mix 1 0.5 0.75 500 1900.46 357.709 485.575 2000
max_pca 1 0.5 0.75 500 1800.468 552.913 153.475 2000
max_pca 2 0.5 0.75 500 1333.114 868.134 112.475 2000
max_pca 3 0.5 0.75 500 1092.192 908.02 94 342.1
max_pca 5 0.5 0.75 500 428.578 647.794 84.475 163
max_pca 10 0.5 0.75 500 125.442 148.138 58.475 112
max_pca 20 0.5 0.75 500 74.468 14.866 43.95 74
min_pca 1 0.5 0.75 500 2.056 0.247 2 2
min_pca 2 0.5 0.75 500 2.046 0.21 2 2
min_pca 3 0.5 0.75 500 2.052 0.222 2 2
min_pca 5 0.5 0.75 500 2.088 0.284 2 2
min_pca 10 0.5 0.75 500 2.462 0.556 2 2
min_pca 20 0.5 0.75 500 3.7 0.706 3 4
tpca 0.8 0.5 0.75 500 2.056 0.247 2 2
tpca 0.9 0.5 0.75 500 2.056 0.247 2 2
tpca 0.95 0.5 0.75 500 2.056 0.247 2 2
tpca 0.99 0.5 0.75 500 2.07 0.263 2 2
tpca 0.995 0.5 0.75 500 2.132 0.373 2 2
tpca 0.999 0.5 0.75 500 2.314 0.518 2 2
mix 0.03 0.3 0 500 1929.984 289.955 708.95 2000
mix 0.1 0.3 0 500 1904.428 339.879 607.825 2000
mix 0.3 0.3 0 500 1906.88 323.276 722.5 2000
mix 1 0.3 0 500 1924.272 280.947 882.425 2000
max_pca 1 0.3 0 500 1265.308 886.992 80 2000
max_pca 2 0.3 0 500 512.872 729.118 64.475 159.025
max_pca 3 0.3 0 500 273.282 491.318 63 129
max_pca 5 0.3 0 500 112.848 93.015 55.425 102
max_pca 10 0.3 0 500 78.72 18.073 45.475 76
max_pca 20 0.3 0 500 58.33 12.04 36.475 58
min_pca 1 0.3 0 500 2.012 0.109 2 2
min_pca 2 0.3 0 500 2.01 0.1 2 2
min_pca 3 0.3 0 500 2.018 0.133 2 2
min_pca 5 0.3 0 500 2.026 0.159 2 2
min_pca 10 0.3 0 500 2.23 0.431 2 2
min_pca 20 0.3 0 500 3.236 0.574 2 3
tpca 0.8 0.3 0 500 2.012 0.109 2 2
tpca 0.9 0.3 0 500 2.012 0.109 2 2
tpca 0.95 0.3 0 500 2.012 0.109 2 2
tpca 0.99 0.3 0 500 2.022 0.147 2 2
tpca 0.995 0.3 0 500 2.044 0.205 2 2
tpca 0.999 0.3 0 500 2.14 0.359 2 2
mix 0.03 0.3 0.25 500 1912.92 333.061 493.55 2000
mix 0.1 0.3 0.25 500 1885.1 370.867 440.175 2000
mix 0.3 0.3 0.25 500 1874.942 384.119 457.3 2000
mix 1 0.3 0.25 500 1882.87 364.688 514.35 2000
max_pca 1 0.3 0.25 500 1669.862 685.654 142.425 2000
max_pca 2 0.3 0.25 500 1141.25 905.075 90.425 1049.375
max_pca 3 0.3 0.25 500 797.4 869.793 81.425 192.025
max_pca 5 0.3 0.25 500 286.642 487.275 72.475 147
max_pca 10 0.3 0.25 500 105.768 26.709 61 101.025
max_pca 20 0.3 0.25 500 70.918 15.727 44 69
min_pca 1 0.3 0.25 500 2.046 0.228 2 2
min_pca 2 0.3 0.25 500 2.038 0.202 2 2
min_pca 3 0.3 0.25 500 2.044 0.205 2 2
min_pca 5 0.3 0.25 500 2.084 0.285 2 2
min_pca 10 0.3 0.25 500 2.42 0.573 2 2
min_pca 20 0.3 0.25 500 3.588 0.734 3 3
tpca 0.8 0.3 0.25 500 2.046 0.228 2 2
tpca 0.9 0.3 0.25 500 2.046 0.228 2 2
tpca 0.95 0.3 0.25 500 2.046 0.228 2 2
tpca 0.99 0.3 0.25 500 2.064 0.245 2 2
tpca 0.995 0.3 0.25 500 2.122 0.351 2 2
tpca 0.999 0.3 0.25 500 2.29 0.524 2 2
mix 0.03 0.3 0.5 500 1927.172 291.854 687.45 2000
mix 0.1 0.3 0.5 500 1892.162 359.152 461.75 2000
mix 0.3 0.3 0.5 500 1871.43 388.583 459.375 2000
mix 1 0.3 0.5 500 1882.066 368.304 453.7 2000
max_pca 1 0.3 0.5 500 1920.12 360.559 252.2 2000
max_pca 2 0.3 0.5 500 1737.434 636.193 148.475 2000
max_pca 3 0.3 0.5 500 1580.54 763.304 124 2000
max_pca 5 0.3 0.5 500 1026.838 910.921 104.425 225
max_pca 10 0.3 0.5 500 208.622 348.864 82 137
max_pca 20 0.3 0.5 500 86.384 18.572 53 83
min_pca 1 0.3 0.5 500 2.046 0.219 2 2
min_pca 2 0.3 0.5 500 2.056 0.239 2 2
min_pca 3 0.3 0.5 500 2.076 0.273 2 2
min_pca 5 0.3 0.5 500 2.176 0.407 2 2
min_pca 10 0.3 0.5 500 2.738 0.653 2 3
min_pca 20 0.3 0.5 500 4.382 0.995 3 4
tpca 0.8 0.3 0.5 500 2.046 0.219 2 2
tpca 0.9 0.3 0.5 500 2.046 0.219 2 2
tpca 0.95 0.3 0.5 500 2.046 0.219 2 2
tpca 0.99 0.3 0.5 500 2.106 0.321 2 2
tpca 0.995 0.3 0.5 500 2.212 0.464 2 2
tpca 0.999 0.3 0.5 500 2.476 0.634 2 2
mix 0.03 0.3 0.75 500 1919.794 313.164 706.025 2000
mix 0.1 0.3 0.75 500 1867.09 410.62 327.85 2000
mix 0.3 0.3 0.75 500 1802.366 488.725 233.9 2000
mix 1 0.3 0.75 500 1784.754 493.741 295.65 2000
max_pca 1 0.3 0.75 500 1970.324 213.392 2000 2000
max_pca 2 0.3 0.75 500 1918.882 370.666 208.125 2000
max_pca 3 0.3 0.75 500 1925.64 356.68 202.475 2000
max_pca 5 0.3 0.75 500 1834.412 521.145 165.425 2000
max_pca 10 0.3 0.75 500 1058.76 913.09 114 232.025
max_pca 20 0.3 0.75 500 105.202 26.256 62.475 100
min_pca 1 0.3 0.75 500 2.18 0.502 2 2
min_pca 2 0.3 0.75 500 2.224 0.512 2 2
min_pca 3 0.3 0.75 500 2.312 0.569 2 2
min_pca 5 0.3 0.75 500 2.55 0.719 2 2
min_pca 10 0.3 0.75 500 3.61 1.014 2 3
min_pca 20 0.3 0.75 500 6.48 1.643 4 6
tpca 0.8 0.3 0.75 500 2.18 0.502 2 2
tpca 0.9 0.3 0.75 500 2.18 0.502 2 2
tpca 0.95 0.3 0.75 500 2.18 0.502 2 2
tpca 0.99 0.3 0.75 500 2.334 0.616 2 2
tpca 0.995 0.3 0.75 500 2.54 0.77 2 2
tpca 0.999 0.3 0.75 500 3.136 1.004 2 3
max_pca 1 0.1 0 500 1965.874 237.009 1989.5 2000
max_pca 2 0.1 0 500 1979.66 185.772 2000 2000
max_pca 3 0.1 0 500 1975.034 209.843 2000 2000
max_pca 5 0.1 0 500 1946.43 305.189 304.675 2000
max_pca 10 0.1 0 500 1551.078 782.857 134 2000
max_pca 20 0.1 0 500 123.016 32.253 73.475 118.025
min_pca 1 0.1 0 500 2.308 0.791 2 2
min_pca 2 0.1 0 500 2.468 0.954 2 2
min_pca 3 0.1 0 500 2.646 1.013 2 2
min_pca 5 0.1 0 500 3.076 1.173 2 3
min_pca 10 0.1 0 500 4.72 1.784 2 4
min_pca 20 0.1 0 500 9.426 3.473 5 9
tpca 0.8 0.1 0 500 2.308 0.791 2 2
tpca 0.9 0.1 0 500 2.308 0.791 2 2
tpca 0.95 0.1 0 500 2.308 0.791 2 2
tpca 0.99 0.1 0 500 2.686 1.07 2 2
tpca 0.995 0.1 0 500 3.04 1.256 2 3
tpca 0.999 0.1 0 500 3.998 1.696 2 3
max_pca 1 0.1 0.25 500 1981.856 167.441 2000 2000
max_pca 2 0.1 0.25 500 1966.38 229.196 2000 2000
max_pca 3 0.1 0.25 500 1979.418 187.304 2000 2000
max_pca 5 0.1 0.25 500 1986.64 149.225 2000 2000
max_pca 10 0.1 0.25 500 1678.184 692.416 163.475 2000
max_pca 20 0.1 0.25 500 130.232 89.239 73.475 124.025
min_pca 1 0.1 0.25 500 2.426 0.804 2 2
min_pca 2 0.1 0.25 500 2.638 0.953 2 2
min_pca 3 0.1 0.25 500 2.954 1.184 2 3
min_pca 5 0.1 0.25 500 3.506 1.353 2 3
min_pca 10 0.1 0.25 500 5.702 2.242 3 5
min_pca 20 0.1 0.25 500 11.952 4.439 6 11
tpca 0.8 0.1 0.25 500 2.426 0.804 2 2
tpca 0.9 0.1 0.25 500 2.426 0.804 2 2
tpca 0.95 0.1 0.25 500 2.426 0.804 2 2
tpca 0.99 0.1 0.25 500 2.98 1.184 2 3
tpca 0.995 0.1 0.25 500 3.454 1.423 2 3
tpca 0.999 0.1 0.25 500 4.68 1.94 2 4
max_pca 1 0.1 0.5 500 1966.44 213.52 1616.225 2000
max_pca 2 0.1 0.5 500 1968.646 228.256 2000 2000
max_pca 3 0.1 0.5 500 1975.186 208.845 2000 2000
max_pca 5 0.1 0.5 500 1981.97 179.586 2000 2000
max_pca 10 0.1 0.5 500 1724.786 650.948 161.475 2000
max_pca 20 0.1 0.5 500 140.304 148.402 76.475 123
min_pca 1 0.1 0.5 500 2.634 1.169 2 2
min_pca 2 0.1 0.5 500 2.954 1.231 2 3
min_pca 3 0.1 0.5 500 3.384 1.456 2 3
min_pca 5 0.1 0.5 500 4.218 1.901 2 4
min_pca 10 0.1 0.5 500 7.54 3.49 3 7
min_pca 20 0.1 0.5 500 16.814 6.839 7.475 15
tpca 0.8 0.1 0.5 500 2.634 1.169 2 2
tpca 0.9 0.1 0.5 500 2.634 1.169 2 2
tpca 0.95 0.1 0.5 500 2.634 1.169 2 2
tpca 0.99 0.1 0.5 500 3.408 1.477 2 3
tpca 0.995 0.1 0.5 500 4.036 1.876 2 3
tpca 0.999 0.1 0.5 500 5.82 2.85 3 5
max_pca 1 0.1 0.75 500 1986.308 138.303 2000 2000
max_pca 2 0.1 0.75 500 1971.598 220.556 2000 2000
max_pca 3 0.1 0.75 500 1992.762 114.329 2000 2000
max_pca 5 0.1 0.75 500 1963.99 252.388 2000 2000
max_pca 10 0.1 0.75 500 1730.886 646.505 157.95 2000
max_pca 20 0.1 0.75 500 143.83 170.042 72.475 127
min_pca 1 0.1 0.75 500 3.652 2.416 2 3
min_pca 2 0.1 0.75 500 4.622 3.265 2 4
min_pca 3 0.1 0.75 500 5.59 3.739 2 4
min_pca 5 0.1 0.75 500 7.578 4.786 3 6
min_pca 10 0.1 0.75 500 15.12 9.065 5 13
min_pca 20 0.1 0.75 500 32.504 13.506 13 29
tpca 0.8 0.1 0.75 500 3.652 2.416 2 3
tpca 0.9 0.1 0.75 500 3.652 2.416 2 3
tpca 0.95 0.1 0.75 500 3.652 2.416 2 3
tpca 0.99 0.1 0.75 500 5.64 3.883 2 4
tpca 0.995 0.1 0.75 500 7.24 5.14 2 6
tpca 0.999 0.1 0.75 500 11.406 7.41 3 9
max_pca 1 0.05 0 500 1987.924 118.18 2000 2000
max_pca 2 0.05 0 500 1974.448 210.23 2000 2000
max_pca 3 0.05 0 500 1989.198 139.182 2000 2000
max_pca 5 0.05 0 500 1985.636 160.284 2000 2000
max_pca 10 0.05 0 500 1791.12 577.58 160.475 2000
max_pca 20 0.05 0 500 149.504 171.434 82.475 128
min_pca 1 0.05 0 500 3.564 3.998 2 3
min_pca 2 0.05 0 500 4.234 4.162 2 3
min_pca 3 0.05 0 500 4.988 4.562 2 4
min_pca 5 0.05 0 500 6.568 5.586 2 5
min_pca 10 0.05 0 500 12.64 10.137 4 10
min_pca 20 0.05 0 500 26.83 15.313 8 23
tpca 0.8 0.05 0 500 3.564 3.998 2 3
tpca 0.9 0.05 0 500 3.564 3.998 2 3
tpca 0.95 0.05 0 500 3.564 3.998 2 3
tpca 0.99 0.05 0 500 5.13 5.009 2 4
tpca 0.995 0.05 0 500 6.44 6.25 2 5
tpca 0.999 0.05 0 500 9.69 8.708 3 7
max_pca 1 0.05 0.25 500 1992.896 110.582 2000 2000
max_pca 2 0.05 0.25 500 1983.404 167.782 2000 2000
max_pca 3 0.05 0.25 500 1997.618 53.263 2000 2000
max_pca 5 0.05 0.25 500 1974.772 212.06 2000 2000
max_pca 10 0.05 0.25 500 1814.748 550.342 168.9 2000
max_pca 20 0.05 0.25 500 154.248 206.321 73 129
min_pca 1 0.05 0.25 500 3.982 3.611 2 3
min_pca 2 0.05 0.25 500 5.038 5.166 2 4
min_pca 3 0.05 0.25 500 6.116 5.687 2 4
min_pca 5 0.05 0.25 500 8.066 6.309 2 6
min_pca 10 0.05 0.25 500 16.198 12.369 4 12
min_pca 20 0.05 0.25 500 34.26 17.838 12 29.025
tpca 0.8 0.05 0.25 500 3.982 3.611 2 3
tpca 0.9 0.05 0.25 500 3.982 3.611 2 3
tpca 0.95 0.05 0.25 500 3.982 3.611 2 3
tpca 0.99 0.05 0.25 500 6.238 6.363 2 4
tpca 0.995 0.05 0.25 500 7.876 8.429 2 6
tpca 0.999 0.05 0.25 500 12.178 9.962 3 9
max_pca 1 0.05 0.5 500 1976.772 188.076 2000 2000
max_pca 2 0.05 0.5 500 1985.004 167.18 2000 2000
max_pca 3 0.05 0.5 500 1981.814 181.521 2000 2000
max_pca 5 0.05 0.5 500 1974.606 213.546 2000 2000
max_pca 10 0.05 0.5 500 1865.474 476.483 171.425 2000
max_pca 20 0.05 0.5 500 162.054 236.608 83.475 129
min_pca 1 0.05 0.5 500 9.99 89.704 2 4
min_pca 2 0.05 0.5 500 11.566 89.53 2 5
min_pca 3 0.05 0.5 500 13.288 89.533 2 6
min_pca 5 0.05 0.5 500 16.874 89.708 3 8
min_pca 10 0.05 0.5 500 30.236 90.683 6 19
min_pca 20 0.05 0.5 500 53.622 90.916 16 43
tpca 0.8 0.05 0.5 500 9.99 89.704 2 4
tpca 0.9 0.05 0.5 500 9.99 89.704 2 4
tpca 0.95 0.05 0.5 500 9.99 89.704 2 4
tpca 0.99 0.05 0.5 500 13.644 89.65 2 6
tpca 0.995 0.05 0.5 500 16.554 90.002 3 8
tpca 0.999 0.05 0.5 500 19.71 19.724 4 13
max_pca 1 0.05 0.75 500 1978.458 177.814 2000 2000
max_pca 2 0.05 0.75 500 1990.854 120.298 2000 2000
max_pca 3 0.05 0.75 500 1993.24 106.857 2000 2000
max_pca 5 0.05 0.75 500 1975.02 209.892 2000 2000
max_pca 10 0.05 0.75 500 1807.69 559.174 163 2000
max_pca 20 0.05 0.75 500 171.288 263.571 79 131
min_pca 1 0.05 0.75 500 44.8 250.396 2 6
min_pca 2 0.05 0.75 500 34.782 178.818 3 9
min_pca 3 0.05 0.75 500 51.136 234.228 3 13
min_pca 5 0.05 0.75 500 54 217.013 4 18
min_pca 10 0.05 0.75 500 101.386 300.704 10 42
min_pca 20 0.05 0.75 500 113.934 243.765 26.475 74.025
tpca 0.8 0.05 0.75 500 44.8 250.396 2 6
tpca 0.9 0.05 0.75 500 44.8 250.396 2 6
tpca 0.95 0.05 0.75 500 44.8 250.396 2 6
tpca 0.99 0.05 0.75 500 50.8 234.296 3 13
tpca 0.995 0.05 0.75 500 64.834 264.325 4 17
tpca 0.999 0.05 0.75 500 64.448 216.468 6 28.025
max_pca 1 0.02 0 500 1977.58 191.236 2000 2000
max_pca 2 0.02 0 500 1988.5 138.333 2000 2000
max_pca 3 0.02 0 500 1988.998 141.774 2000 2000
max_pca 5 0.02 0 500 1982.546 174.377 2000 2000
max_pca 10 0.02 0 500 1825.836 535.108 164.95 2000
max_pca 20 0.02 0 500 179.752 288.162 77 130
min_pca 1 0.02 0 500 344.694 734.441 2 9
min_pca 2 0.02 0 500 380.734 760.131 2 14
min_pca 3 0.02 0 500 408.986 777.191 3 18
min_pca 5 0.02 0 500 400.594 761.322 3 30
min_pca 10 0.02 0 500 506.352 818.234 7 61.05
min_pca 20 0.02 0 500 439.888 738.012 19 96.025
tpca 0.8 0.02 0 500 344.694 734.441 2 9
tpca 0.9 0.02 0 500 344.694 734.441 2 9
tpca 0.95 0.02 0 500 344.694 734.441 2 9
tpca 0.99 0.02 0 500 393.484 764.506 3 18
tpca 0.995 0.02 0 500 407.736 768.065 3 26
tpca 0.999 0.02 0 500 379.36 730.359 5 42
max_pca 1 0.02 0.25 500 1971.836 204.35 2000 2000
max_pca 2 0.02 0.25 500 1984.166 159.315 2000 2000
max_pca 3 0.02 0.25 500 1989.58 134.376 2000 2000
max_pca 5 0.02 0.25 500 1989.394 136.739 2000 2000
max_pca 10 0.02 0.25 500 1776.612 594.574 171.475 2000
max_pca 20 0.02 0.25 500 163.074 236.566 83 129
min_pca 1 0.02 0.25 500 362.434 747.664 2 13
min_pca 2 0.02 0.25 500 402.822 775.001 3 19.025
min_pca 3 0.02 0.25 500 443.808 799.127 4 27
min_pca 5 0.02 0.25 500 436.458 783.568 4.475 39
min_pca 10 0.02 0.25 500 567.25 846.722 11 76.025
min_pca 20 0.02 0.25 500 507.466 780.684 32 112
tpca 0.8 0.02 0.25 500 362.434 747.664 2 13
tpca 0.9 0.02 0.25 500 362.434 747.664 2 13
tpca 0.95 0.02 0.25 500 362.434 747.664 2 13
tpca 0.99 0.02 0.25 500 430.994 790.952 3 27
tpca 0.995 0.02 0.25 500 467.27 810.81 4 35
tpca 0.999 0.02 0.25 500 397.262 737.666 7.475 54
max_pca 1 0.02 0.5 500 1981.03 177.052 2000 2000
max_pca 2 0.02 0.5 500 1987.676 143.328 2000 2000
max_pca 3 0.02 0.5 500 1996.708 73.611 2000 2000
max_pca 5 0.02 0.5 500 1982.862 172.59 2000 2000
max_pca 10 0.02 0.5 500 1843.734 510.091 167.475 2000
max_pca 20 0.02 0.5 500 167.882 250.491 81.475 131
min_pca 1 0.02 0.5 500 554.79 875.874 2 18
min_pca 2 0.02 0.5 500 604.242 893.641 3 28
min_pca 3 0.02 0.5 500 681.486 922.676 4 44
min_pca 5 0.02 0.5 500 655.422 902.994 6 60.025
min_pca 10 0.02 0.5 500 784.63 929.135 13.475 113
min_pca 20 0.02 0.5 500 717.774 885.302 36.475 135.025
tpca 0.8 0.02 0.5 500 554.79 875.874 2 18
tpca 0.9 0.02 0.5 500 554.79 875.874 2 18
tpca 0.95 0.02 0.5 500 554.79 875.874 2 18
tpca 0.99 0.02 0.5 500 624.722 897.742 3 40
tpca 0.995 0.02 0.5 500 671.828 912.753 5.475 58
tpca 0.999 0.02 0.5 500 600.178 866.186 9 77
max_pca 1 0.02 0.75 500 1981.69 161.423 2000 2000
max_pca 2 0.02 0.75 500 1970.556 214.604 2000 2000
max_pca 3 0.02 0.75 500 1991.91 109.044 2000 2000
max_pca 5 0.02 0.75 500 1974.746 212.26 2000 2000
max_pca 10 0.02 0.75 500 1783.968 585.843 171.425 2000
max_pca 20 0.02 0.75 500 170.638 264.017 73.475 129
min_pca 1 0.02 0.75 500 902.544 974.341 3 72.05
min_pca 2 0.02 0.75 500 972.776 972.877 4 130
min_pca 3 0.02 0.75 500 1044.142 969.123 6 183
min_pca 5 0.02 0.75 500 1014.17 960.45 9.475 181.025
min_pca 10 0.02 0.75 500 1241.466 930.581 23 2000
min_pca 20 0.02 0.75 500 1163.504 929.948 54.9 2000
tpca 0.8 0.02 0.75 500 902.544 974.341 3 72.05
tpca 0.9 0.02 0.75 500 902.544 974.341 3 72.05
tpca 0.95 0.02 0.75 500 902.544 974.341 3 72.05
tpca 0.99 0.02 0.75 500 1002.012 968.321 6 170.025
tpca 0.995 0.02 0.75 500 1081.818 965.023 7 254.75
tpca 0.999 0.02 0.75 500 953.8 948.195 15 173.025
