data_dim axes n_training window_size n_sim threshold arl_est arl_lower arl_upper
100 91-92-93-94-95-96-97-98-99-100 200 200 96 21 100 80 120
100 91-92-93-94-95-96-97-98-99-100 200 200 96 22.386 100 80 120
100 91-92-93-94-95-96-97-98-99-100 200 200 96 23.86348 100 80 120
100 91-92-93-94-95-96-97-98-99-100 200 200 96 25.43847 100 80 120
100 91-92-93-94-95-96-97-98-99-100 200 200 96 27.1174 100 80 120
100 91-92-93-94-95-96-97-98-99-100 200 200 96 28.90715 100 80 120
100 91-92-93-94-95-96-97-98-99-100 200 200 96 30.81502 100 80 120
100 91-92-93-94-95-96-97-98-99-100 200 200 96 32.84882 100 80 120
100 91-92-93-94-95-96-97-98-99-100 200 200 96 35.01684 100 80 120
100 91-92-93-94-95-96-97-98-99-100 200 200 96 37.32795 100 80 120
100 91-92-93-94-95-96-97-98-99-100 200 200 96 39.79159 100 80 120
100 91-92-93-94-95-96-97-98-99-100 200 200 96 42.41784 100 80 120
100 91-92-93-94-95-96-97-98-99-100 200 200 96 45.21742 100 80 120
100 91-92-93-94-95-96-97-98-99-100 200 200 96 48.20177 100 80 120
100 91-92-93-94-95-96-97-98-99-100 200 200 96 51.38308 100 80 120
100 91-92-93-94-95-96-97-98-99-100 200 200 96 54.77437 100 80 120
100 91-92-93-94-95-96-97-98-99-100 200 200 96 58.38947 100 80 120
100 91-92-93-94-95-96-97-98-99-100 200 200 96 62.24318 100 80 120
100 91-92-93-94-95-96-97-98-99-100 200 200 96 66.35123 100 80 120
100 91-92-93-94-95-96-97-98-99-100 200 200 96 70.73041 100 80 120
100 91-92-93-94-95-96-97-98-99-100 200 200 96 75.39862 100 80 120
100 91-92-93-94-95-96-97-98-99-100 200 200 96 80.37493 100 80 120
100 91-92-93-94-95-96-97-98-99-100 200 200 96 85.67967 100 80 120
100 91-92-93-94-95-96-97-98-99-100 200 200 96 91.33453 100 80 120
100 91-92-93-94-95-96-97-98-99-100 200 200 96 97.36261 100 80 120
100 91-92-93-94-95-96-97-98-99-100 200 200 96 103.78854 100 80 120
100 91-92-93-94-95-96-97-98-99-100 200 200 96 110.63859 100 80 120
100 91-92-93-94-95-96-97-98-99-100 200 200 96 117.94073 100 80 120
100 91-92-93-94-95-96-97-98-99-100 200 200 96 125.72482 100 80 120
100 91-92-93-94-95-96-97-98-99-100 200 200 96 134.02266 100 80 120
100 91-92-93-94-95-96-97-98-99-100 200 200 96 142.86815 100 80 120
100 91-92-93-94-95-96-97-98-99-100 200 200 96 152.29745 100 80 120
100 91-92-93-94-95-96-97-98-99-100 200 200 96 162.34908 100 80 120
100 91-92-93-94-95-96-97-98-99-100 200 200 96 173.06412 100 80 120
100 91-92-93-94-95-96-97-98-99-100 200 200 96 184.48636 100 80 120
100 91-92-93-94-95-96-97-98-99-100 200 200 96 196.66246 100 80 120
100 91-92-93-94-95-96-97-98-99-100 200 200 96 209.64218 100 80 120
100 91-92-93-94-95-96-97-98-99-100 200 200 96 223.47856 100 80 120
100 91-92-93-94-95-96-97-98-99-100 200 200 96 238.22815 100 80 120
100 91-92-93-94-95-96-97-98-99-100 200 200 96 253.9512 100 80 120
100 91-92-93-94-95-96-97-98-99-100 200 200 96 270.71198 100 80 120
100 91-92-93-94-95-96-97-98-99-100 200 200 96 288.57898 100 80 120
100 91-92-93-94-95-96-97-98-99-100 200 200 96 307.62519 100 80 120
100 91-92-93-94-95-96-97-98-99-100 200 200 96 327.92845 100 80 120
100 91-92-93-94-95-96-97-98-99-100 200 200 96 349.57173 104 83 125
100 91-92-93-94-95-96-97-98-99-100 200 200 96 372.63414 125 100 150
100 91-92-93-94-95-96-97-98-99-100 200 200 96 397.16589 218 174 262
100 91-92-93-94-95-96-97-98-99-100 200 200 96 423.0664 505 404 606
100 91-92-93-94-95-96-97-98-99-100 200 200 96 449.8465 1067 853 1281
100 91-92-93-94-95-96-97-98-99-100 200 200 96 476.63636 4800 3839 5761
100 91-92-93-94-95-96-97-98-99-100 200 200 96 493.15975 48000 38398 57602
100 91-92-93-94-95-96-97-98-99-100 200 200 96 368.22595 126 100 152
100 91-92-93-94-95-96-97-98-99-100 200 200 96 392.46504 168 134 202
100 91-92-93-94-95-96-97-98-99-100 200 200 96 418.18981 331 264 398
100 91-92-93-94-95-96-97-98-99-100 200 200 96 445.14633 1600 1280 1920
100 91-92-93-94-95-96-97-98-99-100 200 200 96 470.07452 48000 38398 57602
100 91-92-93-94-95-96-97-98-99-100 200 200 96 350.98898 110 88 132
100 91-92-93-94-95-96-97-98-99-100 200 200 96 374.13085 133 106 160
100 91-92-93-94-95-96-97-98-99-100 200 200 96 398.74118 178 142 214
100 91-92-93-94-95-96-97-98-99-100 200 200 96 424.85075 400 320 480
100 91-92-93-94-95-96-97-98-99-100 200 200 96 452.0412 1600 1280 1920
100 91-92-93-94-95-96-97-98-99-100 200 200 96 477.3555 9600 7679 11521
100 91-92-93-94-95-96-97-98-99-100 200 200 384 477.3555 5486 4937 6035
100 91-92-93-94-95-96-97-98-99-100 200 200 384 484.53811 19200 17279 21121
100 91-92-93-94-95-96-97-98-99-100 200 200 384 469.67894 4800 4319 5281
100 91-92-93-94-95-96-97-98-99-100 200 200 384 477.82005 6400 5759 7041
100 91-92-93-94-95-96-97-98-99-100 200 200 384 483.55389 4267 3840 4694
100 91-92-93-94-95-96-97-98-99-100 200 200 384 492.7946 19200 17279 21121
100 91-92-93-94-95-96-97-98-99-100 200 200 384 477.68223 5486 4937 6035
100 91-92-93-94-95-96-97-98-99-100 200 200 384 484.86976 12800 11519 14081
100 91-92-93-94-95-96-97-98-99-100 200 200 384 480.34431 4267 3840 4694
100 91-92-93-94-95-96-97-98-99-100 200 200 384 489.52369 38400 34559 42241
100 91-92-93-94-95-96-97-98-99-100 200 200 384 443.18211 1011 909 1113
100 91-92-93-94-95-96-97-98-99-100 200 200 384 456.46132 1477 1329 1625
100 91-92-93-94-95-96-97-98-99-100 200 200 384 469.42939 3840 3455 4225
100 91-92-93-94-95-96-97-98-99-100 200 200 384 479.06834 4800 4319 5281
100 91-92-93-94-95-96-97-98-99-100 200 200 384 487.37219 38400 34559 42241
100 91-92-93-94-95-96-97-98-99-100 200 200 384 441.23429 873 785 961
100 91-92-93-94-95-96-97-98-99-100 200 200 384 454.65811 2400 2160 2640
100 91-92-93-94-95-96-97-98-99-100 200 200 384 466.17611 2259 2033 2485
100 91-92-93-94-95-96-97-98-99-100 200 200 384 478.20501 5486 4937 6035
100 91-92-93-94-95-96-97-98-99-100 200 200 384 485.4004 12800 11519 14081
100 91-92-93-94-95-96-97-98-99-100 200 200 384 480.87 19200 17279 21121
100 91-92-93-94-95-96-97-98-99-100 200 200 384 466.12332 4800 4319 5281
100 91-92-93-94-95-96-97-98-99-100 200 200 384 474.20279 4267 3840 4694
100 91-92-93-94-95-96-97-98-99-100 200 200 384 483.26481 5486 4937 6035
100 91-92-93-94-95-96-97-98-99-100 200 200 384 490.53633 19200 17279 21121
100 91-92-93-94-95-96-97-98-99-100 200 200 384 475.49322 7680 6911 8449
100 91-92-93-94-95-96-97-98-99-100 200 200 384 479.17036 5486 4937 6035
100 91-92-93-94-95-96-97-98-99-100 200 200 384 486.38028 12800 11519 14081
100 91-92-93-94-95-96-97-98-99-100 200 200 384 481.84073 9600 8639 10561
100 91-92-93-94-95-96-97-98-99-100 200 200 1537 481.84073 10979 10430 11528
100 91-92-93-94-95-96-97-98-99-100 200 200 1537 481.05453 10247 9734 10760
100 91-92-93-94-95-96-97-98-99-100 200 200 6146 481.05453 7495 7307 7683
100 91-92-93-94-95-96-97-98-99-100 200 200 6146 482.05873 8656 8439 8873
100 91-92-93-94-95-96-97-98-99-100 200 200 6146 482.59864 8195 7990 8400
100 91-92-93-94-95-96-97-98-99-100 200 200 6146 483.32454 8907 8684 9130
100 91-92-93-94-95-96-97-98-99-100 200 200 6146 483.76477 7780 7585 7975
100 91-92-93-94-95-96-97-98-99-100 200 200 6146 484.65974 7780 7585 7975
100 91-92-93-94-95-96-97-98-99-100 200 200 6146 485.55636 9173 8943 9403
100 91-92-93-94-95-96-97-98-99-100 200 200 6146 485.89099 8907 8684 9130
100 91-92-93-94-95-96-97-98-99-100 200 200 6146 486.33355 9038 8812 9264
100 91-92-93-94-95-96-97-98-99-100 200 200 6146 486.72343 11596 11306 11886
100 91-92-93-94-95-96-97-98-99-100 200 200 6146 486.07609 11596 11306 11886
100 91-92-93-94-95-96-97-98-99-100 200 200 6146 485.42961 9455 9218 9692
100 91-92-93-94-95-96-97-98-99-100 200 200 6146 485.65007 12051 11749 12353
100 91-92-93-94-95-96-97-98-99-100 200 200 6146 484.82002 10417 10156 10678
100 91-92-93-94-95-96-97-98-99-100 200 200 6146 484.65154 8907 8684 9130
100 91-92-93-94-95-96-97-98-99-100 200 200 6146 485.09298 7682 7489 7875
100 91-92-93-94-95-96-97-98-99-100 200 200 6146 486.03002 9756 9512 10000
