data_dim axes n_training window_size n_sim threshold arl_est arl_lower arl_upper
100 100-99-98-95-97-96-94-93-92-91-89-83-82-85-86-87-88-90 200 200 96 30.6 100 80 120
100 100-99-98-95-97-96-94-93-92-91-89-83-82-85-86-87-88-90 200 200 96 32.6196 100 80 120
100 100-99-98-95-97-96-94-93-92-91-89-83-82-85-86-87-88-90 200 200 96 34.77249 100 80 120
100 100-99-98-95-97-96-94-93-92-91-89-83-82-85-86-87-88-90 200 200 96 37.06748 100 80 120
100 100-99-98-95-97-96-94-93-92-91-89-83-82-85-86-87-88-90 200 200 96 39.51393 100 80 120
100 100-99-98-95-97-96-94-93-92-91-89-83-82-85-86-87-88-90 200 200 96 42.12185 100 80 120
100 100-99-98-95-97-96-94-93-92-91-89-83-82-85-86-87-88-90 200 200 96 44.90189 100 80 120
100 100-99-98-95-97-96-94-93-92-91-89-83-82-85-86-87-88-90 200 200 96 47.86542 100 80 120
100 100-99-98-95-97-96-94-93-92-91-89-83-82-85-86-87-88-90 200 200 96 51.02454 100 80 120
100 100-99-98-95-97-96-94-93-92-91-89-83-82-85-86-87-88-90 200 200 96 54.39216 100 80 120
100 100-99-98-95-97-96-94-93-92-91-89-83-82-85-86-87-88-90 200 200 96 57.98204 100 80 120
100 100-99-98-95-97-96-94-93-92-91-89-83-82-85-86-87-88-90 200 200 96 61.80885 100 80 120
100 100-99-98-95-97-96-94-93-92-91-89-83-82-85-86-87-88-90 200 200 96 65.88824 100 80 120
100 100-99-98-95-97-96-94-93-92-91-89-83-82-85-86-87-88-90 200 200 96 70.23686 100 80 120
100 100-99-98-95-97-96-94-93-92-91-89-83-82-85-86-87-88-90 200 200 96 74.87249 100 80 120
100 100-99-98-95-97-96-94-93-92-91-89-83-82-85-86-87-88-90 200 200 96 79.81408 100 80 120
100 100-99-98-95-97-96-94-93-92-91-89-83-82-85-86-87-88-90 200 200 96 85.08181 100 80 120
100 100-99-98-95-97-96-94-93-92-91-89-83-82-85-86-87-88-90 200 200 96 90.69721 100 80 120
100 100-99-98-95-97-96-94-93-92-91-89-83-82-85-86-87-88-90 200 200 96 96.68322 100 80 120
100 100-99-98-95-97-96-94-93-92-91-89-83-82-85-86-87-88-90 200 200 96 103.06431 100 80 120
100 100-99-98-95-97-96-94-93-92-91-89-83-82-85-86-87-88-90 200 200 96 109.86656 100 80 120
100 100-99-98-95-97-96-94-93-92-91-89-83-82-85-86-87-88-90 200 200 96 117.11775 100 80 120
100 100-99-98-95-97-96-94-93-92-91-89-83-82-85-86-87-88-90 200 200 96 124.84752 100 80 120
100 100-99-98-95-97-96-94-93-92-91-89-83-82-85-86-87-88-90 200 200 96 133.08746 100 80 120
100 100-99-98-95-97-96-94-93-92-91-89-83-82-85-86-87-88-90 200 200 96 141.87123 100 80 120
100 100-99-98-95-97-96-94-93-92-91-89-83-82-85-86-87-88-90 200 200 96 151.23473 100 80 120
100 100-99-98-95-97-96-94-93-92-91-89-83-82-85-86-87-88-90 200 200 96 161.21623 100 80 120
100 100-99-98-95-97-96-94-93-92-91-89-83-82-85-86-87-88-90 200 200 96 171.8565 100 80 120
100 100-99-98-95-97-96-94-93-92-91-89-83-82-85-86-87-88-90 200 200 96 183.19902 100 80 120
100 100-99-98-95-97-96-94-93-92-91-89-83-82-85-86-87-88-90 200 200 96 195.29016 100 80 120
100 100-99-98-95-97-96-94-93-92-91-89-83-82-85-86-87-88-90 200 200 96 208.17931 100 80 120
100 100-99-98-95-97-96-94-93-92-91-89-83-82-85-86-87-88-90 200 200 96 221.91915 100 80 120
100 100-99-98-95-97-96-94-93-92-91-89-83-82-85-86-87-88-90 200 200 96 236.56581 100 80 120
100 100-99-98-95-97-96-94-93-92-91-89-83-82-85-86-87-88-90 200 200 96 252.17915 100 80 120
100 100-99-98-95-97-96-94-93-92-91-89-83-82-85-86-87-88-90 200 200 96 268.82298 100 80 120
100 100-99-98-95-97-96-94-93-92-91-89-83-82-85-86-87-88-90 200 200 96 286.56529 100 80 120
100 100-99-98-95-97-96-94-93-92-91-89-83-82-85-86-87-88-90 200 200 96 305.4786 100 80 120
100 100-99-98-95-97-96-94-93-92-91-89-83-82-85-86-87-88-90 200 200 96 325.64019 100 80 120
100 100-99-98-95-97-96-94-93-92-91-89-83-82-85-86-87-88-90 200 200 96 347.13244 100 80 120
100 100-99-98-95-97-96-94-93-92-91-89-83-82-85-86-87-88-90 200 200 96 370.04318 100 80 120
100 100-99-98-95-97-96-94-93-92-91-89-83-82-85-86-87-88-90 200 200 96 394.46603 100 80 120
100 100-99-98-95-97-96-94-93-92-91-89-83-82-85-86-87-88-90 200 200 96 420.50079 100 80 120
100 100-99-98-95-97-96-94-93-92-91-89-83-82-85-86-87-88-90 200 200 96 448.25384 100 80 120
100 100-99-98-95-97-96-94-93-92-91-89-83-82-85-86-87-88-90 200 200 96 477.8386 100 80 120
100 100-99-98-95-97-96-94-93-92-91-89-83-82-85-86-87-88-90 200 200 96 509.37595 104 83 125
100 100-99-98-95-97-96-94-93-92-91-89-83-82-85-86-87-88-90 200 200 96 542.98118 117 93 141
100 100-99-98-95-97-96-94-93-92-91-89-83-82-85-86-87-88-90 200 200 96 578.7564 152 121 183
100 100-99-98-95-97-96-94-93-92-91-89-83-82-85-86-87-88-90 200 200 96 616.75368 331 264 398
100 100-99-98-95-97-96-94-93-92-91-89-83-82-85-86-87-88-90 200 200 96 656.50962 873 698 1048
100 100-99-98-95-97-96-94-93-92-91-89-83-82-85-86-87-88-90 200 200 96 696.45605 4800 3839 5761
100 100-99-98-95-97-96-94-93-92-91-89-83-82-85-86-87-88-90 200 200 96 720.59986 48000 38398 57602
100 100-99-98-95-97-96-94-93-92-91-89-83-82-85-86-87-88-90 200 200 96 538.04789 113 90 136
100 100-99-98-95-97-96-94-93-92-91-89-83-82-85-86-87-88-90 200 200 96 573.51242 160 128 192
100 100-99-98-95-97-96-94-93-92-91-89-83-82-85-86-87-88-90 200 200 96 611.13484 267 213 321
100 100-99-98-95-97-96-94-93-92-91-89-83-82-85-86-87-88-90 200 200 96 650.78934 1600 1280 1920
100 100-99-98-95-97-96-94-93-92-91-89-83-82-85-86-87-88-90 200 200 96 687.23354 9600 7679 11521
100 100-99-98-95-97-96-94-93-92-91-89-83-82-85-86-87-88-90 200 200 384 687.23354 2743 2468 3018
100 100-99-98-95-97-96-94-93-92-91-89-83-82-85-86-87-88-90 200 200 384 703.85772 19200 17279 21121
100 100-99-98-95-97-96-94-93-92-91-89-83-82-85-86-87-88-90 200 200 384 682.27275 3200 2879 3521
100 100-99-98-95-97-96-94-93-92-91-89-83-82-85-86-87-88-90 200 200 384 697.7376 4800 4319 5281
100 100-99-98-95-97-96-94-93-92-91-89-83-82-85-86-87-88-90 200 200 384 709.83172 19200 17279 21121
100 100-99-98-95-97-96-94-93-92-91-89-83-82-85-86-87-88-90 200 200 384 688.06355 7680 6911 8449
100 100-99-98-95-97-96-94-93-92-91-89-83-82-85-86-87-88-90 200 200 384 693.38457 4267 3840 4694
100 100-99-98-95-97-96-94-93-92-91-89-83-82-85-86-87-88-90 200 200 384 706.63515 19200 17279 21121
100 100-99-98-95-97-96-94-93-92-91-89-83-82-85-86-87-88-90 200 200 384 684.96501 3840 3455 4225
100 100-99-98-95-97-96-94-93-92-91-89-83-82-85-86-87-88-90 200 200 384 699.02962 7680 6911 8449
100 100-99-98-95-97-96-94-93-92-91-89-83-82-85-86-87-88-90 200 200 384 704.43545 12800 11519 14081
100 100-99-98-95-97-96-94-93-92-91-89-83-82-85-86-87-88-90 200 200 384 697.86072 7680 6911 8449
100 100-99-98-95-97-96-94-93-92-91-89-83-82-85-86-87-88-90 200 200 384 703.25751 12800 11519 14081
100 100-99-98-95-97-96-94-93-92-91-89-83-82-85-86-87-88-90 200 200 384 696.69377 19200 17279 21121
100 100-99-98-95-97-96-94-93-92-91-89-83-82-85-86-87-88-90 200 200 384 675.3285 1920 1728 2112
100 100-99-98-95-97-96-94-93-92-91-89-83-82-85-86-87-88-90 200 200 384 693.51734 4267 3840 4694
100 100-99-98-95-97-96-94-93-92-91-89-83-82-85-86-87-88-90 200 200 384 706.77046 19200 17279 21121
100 100-99-98-95-97-96-94-93-92-91-89-83-82-85-86-87-88-90 200 200 384 685.09617 3200 2879 3521
100 100-99-98-95-97-96-94-93-92-91-89-83-82-85-86-87-88-90 200 200 384 700.62501 7680 6911 8449
100 100-99-98-95-97-96-94-93-92-91-89-83-82-85-86-87-88-90 200 200 384 706.04318 9600 8639 10561
100 100-99-98-95-97-96-94-93-92-91-89-83-82-85-86-87-88-90 200 200 1537 706.04318 10247 9734 10760
100 100-99-98-95-97-96-94-93-92-91-89-83-82-85-86-87-88-90 200 200 6146 706.04318 10417 10156 10678
100 100-99-98-95-97-96-94-93-92-91-89-83-82-85-86-87-88-90 200 200 6146 705.79783 10243 9986 10500
