data_dim axes n_training window_size n_sim threshold arl_est arl_lower arl_upper
100 100-99-98-97-96-95-94-93-91-92-90-89-88 200 200 96 24.6 100 80 120
100 100-99-98-97-96-95-94-93-91-92-90-89-88 200 200 96 26.2236 100 80 120
100 100-99-98-97-96-95-94-93-91-92-90-89-88 200 200 96 27.95436 100 80 120
100 100-99-98-97-96-95-94-93-91-92-90-89-88 200 200 96 29.79935 100 80 120
100 100-99-98-97-96-95-94-93-91-92-90-89-88 200 200 96 31.7661 100 80 120
100 100-99-98-97-96-95-94-93-91-92-90-89-88 200 200 96 33.86266 100 80 120
100 100-99-98-97-96-95-94-93-91-92-90-89-88 200 200 96 36.0976 100 80 120
100 100-99-98-97-96-95-94-93-91-92-90-89-88 200 200 96 38.48004 100 80 120
100 100-99-98-97-96-95-94-93-91-92-90-89-88 200 200 96 41.01973 100 80 120
100 100-99-98-97-96-95-94-93-91-92-90-89-88 200 200 96 43.72703 100 80 120
100 100-99-98-97-96-95-94-93-91-92-90-89-88 200 200 96 46.61301 100 80 120
100 100-99-98-97-96-95-94-93-91-92-90-89-88 200 200 96 49.68947 100 80 120
100 100-99-98-97-96-95-94-93-91-92-90-89-88 200 200 96 52.96897 100 80 120
100 100-99-98-97-96-95-94-93-91-92-90-89-88 200 200 96 56.46493 100 80 120
100 100-99-98-97-96-95-94-93-91-92-90-89-88 200 200 96 60.19161 100 80 120
100 100-99-98-97-96-95-94-93-91-92-90-89-88 200 200 96 64.16426 100 80 120
100 100-99-98-97-96-95-94-93-91-92-90-89-88 200 200 96 68.3991 100 80 120
100 100-99-98-97-96-95-94-93-91-92-90-89-88 200 200 96 72.91344 100 80 120
100 100-99-98-97-96-95-94-93-91-92-90-89-88 200 200 96 77.72573 100 80 120
100 100-99-98-97-96-95-94-93-91-92-90-89-88 200 200 96 82.85562 100 80 120
100 100-99-98-97-96-95-94-93-91-92-90-89-88 200 200 96 88.3241 100 80 120
100 100-99-98-97-96-95-94-93-91-92-90-89-88 200 200 96 94.15349 100 80 120
100 100-99-98-97-96-95-94-93-91-92-90-89-88 200 200 96 100.36762 100 80 120
100 100-99-98-97-96-95-94-93-91-92-90-89-88 200 200 96 106.99188 100 80 120
100 100-99-98-97-96-95-94-93-91-92-90-89-88 200 200 96 114.05334 100 80 120
100 100-99-98-97-96-95-94-93-91-92-90-89-88 200 200 96 121.58086 100 80 120
100 100-99-98-97-96-95-94-93-91-92-90-89-88 200 200 96 129.6052 100 80 120
100 100-99-98-97-96-95-94-93-91-92-90-89-88 200 200 96 138.15914 100 80 120
100 100-99-98-97-96-95-94-93-91-92-90-89-88 200 200 96 147.27765 100 80 120
100 100-99-98-97-96-95-94-93-91-92-90-89-88 200 200 96 156.99797 100 80 120
100 100-99-98-97-96-95-94-93-91-92-90-89-88 200 200 96 167.35984 100 80 120
100 100-99-98-97-96-95-94-93-91-92-90-89-88 200 200 96 178.40559 100 80 120
100 100-99-98-97-96-95-94-93-91-92-90-89-88 200 200 96 190.18036 100 80 120
100 100-99-98-97-96-95-94-93-91-92-90-89-88 200 200 96 202.73226 100 80 120
100 100-99-98-97-96-95-94-93-91-92-90-89-88 200 200 96 216.11259 100 80 120
100 100-99-98-97-96-95-94-93-91-92-90-89-88 200 200 96 230.37602 100 80 120
100 100-99-98-97-96-95-94-93-91-92-90-89-88 200 200 96 245.58084 100 80 120
100 100-99-98-97-96-95-94-93-91-92-90-89-88 200 200 96 261.78917 100 80 120
100 100-99-98-97-96-95-94-93-91-92-90-89-88 200 200 96 279.06726 100 80 120
100 100-99-98-97-96-95-94-93-91-92-90-89-88 200 200 96 297.4857 100 80 120
100 100-99-98-97-96-95-94-93-91-92-90-89-88 200 200 96 317.11975 100 80 120
100 100-99-98-97-96-95-94-93-91-92-90-89-88 200 200 96 338.04966 100 80 120
100 100-99-98-97-96-95-94-93-91-92-90-89-88 200 200 96 360.36093 100 80 120
100 100-99-98-97-96-95-94-93-91-92-90-89-88 200 200 96 384.14476 100 80 120
100 100-99-98-97-96-95-94-93-91-92-90-89-88 200 200 96 409.49831 100 80 120
100 100-99-98-97-96-95-94-93-91-92-90-89-88 200 200 96 436.5252 100 80 120
100 100-99-98-97-96-95-94-93-91-92-90-89-88 200 200 96 465.33586 103 82 124
100 100-99-98-97-96-95-94-93-91-92-90-89-88 200 200 96 496.03872 122 97 147
100 100-99-98-97-96-95-94-93-91-92-90-89-88 200 200 96 528.70452 135 108 162
100 100-99-98-97-96-95-94-93-91-92-90-89-88 200 200 96 563.47566 259 207 311
100 100-99-98-97-96-95-94-93-91-92-90-89-88 200 200 96 600.06777 1371 1096 1646
100 100-99-98-97-96-95-94-93-91-92-90-89-88 200 200 96 634.58767 1600 1280 1920
100 100-99-98-97-96-95-94-93-91-92-90-89-88 200 200 96 670.12458 48000 38398 57602
100 100-99-98-97-96-95-94-93-91-92-90-89-88 200 200 96 500.35968 112 89 135
100 100-99-98-97-96-95-94-93-91-92-90-89-88 200 200 96 533.34339 157 125 189
100 100-99-98-97-96-95-94-93-91-92-90-89-88 200 200 96 568.34139 343 274 412
100 100-99-98-97-96-95-94-93-91-92-90-89-88 200 200 96 604.93121 960 768 1152
100 100-99-98-97-96-95-94-93-91-92-90-89-88 200 200 96 641.38839 48000 38398 57602
100 100-99-98-97-96-95-94-93-91-92-90-89-88 200 200 96 478.90333 107 85 129
100 100-99-98-97-96-95-94-93-91-92-90-89-88 200 200 96 510.4886 123 98 148
100 100-99-98-97-96-95-94-93-91-92-90-89-88 200 200 96 544.10258 196 156 236
100 100-99-98-97-96-95-94-93-91-92-90-89-88 200 200 96 579.66512 436 348 524
100 100-99-98-97-96-95-94-93-91-92-90-89-88 200 200 96 616.62457 1920 1536 2304
100 100-99-98-97-96-95-94-93-91-92-90-89-88 200 200 96 649.84008 9600 7679 11521
100 100-99-98-97-96-95-94-93-91-92-90-89-88 200 200 384 649.84008 12800 11519 14081
100 100-99-98-97-96-95-94-93-91-92-90-89-88 200 200 384 643.77491 9600 8639 10561
100 100-99-98-97-96-95-94-93-91-92-90-89-88 200 200 1537 643.77491 9041 8589 9493
100 100-99-98-97-96-95-94-93-91-92-90-89-88 200 200 1537 644.80387 5489 5214 5764
100 100-99-98-97-96-95-94-93-91-92-90-89-88 200 200 1537 649.65172 17078 16224 17932
100 100-99-98-97-96-95-94-93-91-92-90-89-88 200 200 1537 641.988 8089 7684 8494
100 100-99-98-97-96-95-94-93-91-92-90-89-88 200 200 1537 644.03273 8089 7684 8494
100 100-99-98-97-96-95-94-93-91-92-90-89-88 200 200 1537 646.08397 9606 9125 10087
100 100-99-98-97-96-95-94-93-91-92-90-89-88 200 200 6146 646.08397 7682 7489 7875
100 100-99-98-97-96-95-94-93-91-92-90-89-88 200 200 6146 647.33199 10782 10512 11052
100 100-99-98-97-96-95-94-93-91-92-90-89-88 200 200 6146 646.91015 10597 10332 10862
100 100-99-98-97-96-95-94-93-91-92-90-89-88 200 200 6146 646.58831 9913 9665 10161
