data_dim axes n_training window_size n_sim threshold arl_est arl_lower arl_upper
100 81-82-83-84-85-86-87-88-89-90-91-92-93-94-95-96-97-98-99-100 200 200 96 33 100 80 120
100 81-82-83-84-85-86-87-88-89-90-91-92-93-94-95-96-97-98-99-100 200 200 96 35.178 100 80 120
100 81-82-83-84-85-86-87-88-89-90-91-92-93-94-95-96-97-98-99-100 200 200 96 37.49975 100 80 120
100 81-82-83-84-85-86-87-88-89-90-91-92-93-94-95-96-97-98-99-100 200 200 96 39.97473 100 80 120
100 81-82-83-84-85-86-87-88-89-90-91-92-93-94-95-96-97-98-99-100 200 200 96 42.61306 100 80 120
100 81-82-83-84-85-86-87-88-89-90-91-92-93-94-95-96-97-98-99-100 200 200 96 45.42553 100 80 120
100 81-82-83-84-85-86-87-88-89-90-91-92-93-94-95-96-97-98-99-100 200 200 96 48.42361 100 80 120
100 81-82-83-84-85-86-87-88-89-90-91-92-93-94-95-96-97-98-99-100 200 200 96 51.61957 100 80 120
100 81-82-83-84-85-86-87-88-89-90-91-92-93-94-95-96-97-98-99-100 200 200 96 55.02646 100 80 120
100 81-82-83-84-85-86-87-88-89-90-91-92-93-94-95-96-97-98-99-100 200 200 96 58.65821 100 80 120
100 81-82-83-84-85-86-87-88-89-90-91-92-93-94-95-96-97-98-99-100 200 200 96 62.52965 100 80 120
100 81-82-83-84-85-86-87-88-89-90-91-92-93-94-95-96-97-98-99-100 200 200 96 66.65661 100 80 120
100 81-82-83-84-85-86-87-88-89-90-91-92-93-94-95-96-97-98-99-100 200 200 96 71.05594 100 80 120
100 81-82-83-84-85-86-87-88-89-90-91-92-93-94-95-96-97-98-99-100 200 200 96 75.74563 100 80 120
100 81-82-83-84-85-86-87-88-89-90-91-92-93-94-95-96-97-98-99-100 200 200 96 80.74485 100 80 120
100 81-82-83-84-85-86-87-88-89-90-91-92-93-94-95-96-97-98-99-100 200 200 96 86.074 100 80 120
100 81-82-83-84-85-86-87-88-89-90-91-92-93-94-95-96-97-98-99-100 200 200 96 91.75489 100 80 120
100 81-82-83-84-85-86-87-88-89-90-91-92-93-94-95-96-97-98-99-100 200 200 96 97.81071 100 80 120
100 81-82-83-84-85-86-87-88-89-90-91-92-93-94-95-96-97-98-99-100 200 200 96 104.26622 100 80 120
100 81-82-83-84-85-86-87-88-89-90-91-92-93-94-95-96-97-98-99-100 200 200 96 111.14779 100 80 120
100 81-82-83-84-85-86-87-88-89-90-91-92-93-94-95-96-97-98-99-100 200 200 96 118.48354 100 80 120
100 81-82-83-84-85-86-87-88-89-90-91-92-93-94-95-96-97-98-99-100 200 200 96 126.30346 100 80 120
100 81-82-83-84-85-86-87-88-89-90-91-92-93-94-95-96-97-98-99-100 200 200 96 134.63949 100 80 120
100 81-82-83-84-85-86-87-88-89-90-91-92-93-94-95-96-97-98-99-100 200 200 96 143.52569 100 80 120
100 81-82-83-84-85-86-87-88-89-90-91-92-93-94-95-96-97-98-99-100 200 200 96 152.99839 100 80 120
100 81-82-83-84-85-86-87-88-89-90-91-92-93-94-95-96-97-98-99-100 200 200 96 163.09628 100 80 120
100 81-82-83-84-85-86-87-88-89-90-91-92-93-94-95-96-97-98-99-100 200 200 96 173.86064 100 80 120
100 81-82-83-84-85-86-87-88-89-90-91-92-93-94-95-96-97-98-99-100 200 200 96 185.33544 100 80 120
100 81-82-83-84-85-86-87-88-89-90-91-92-93-94-95-96-97-98-99-100 200 200 96 197.56758 100 80 120
100 81-82-83-84-85-86-87-88-89-90-91-92-93-94-95-96-97-98-99-100 200 200 96 210.60704 100 80 120
100 81-82-83-84-85-86-87-88-89-90-91-92-93-94-95-96-97-98-99-100 200 200 96 224.5071 100 80 120
100 81-82-83-84-85-86-87-88-89-90-91-92-93-94-95-96-97-98-99-100 200 200 96 239.32457 100 80 120
100 81-82-83-84-85-86-87-88-89-90-91-92-93-94-95-96-97-98-99-100 200 200 96 255.11999 100 80 120
100 81-82-83-84-85-86-87-88-89-90-91-92-93-94-95-96-97-98-99-100 200 200 96 271.95791 100 80 120
100 81-82-83-84-85-86-87-88-89-90-91-92-93-94-95-96-97-98-99-100 200 200 96 289.90713 100 80 120
100 81-82-83-84-85-86-87-88-89-90-91-92-93-94-95-96-97-98-99-100 200 200 96 309.041 100 80 120
100 81-82-83-84-85-86-87-88-89-90-91-92-93-94-95-96-97-98-99-100 200 200 96 329.43771 100 80 120
100 81-82-83-84-85-86-87-88-89-90-91-92-93-94-95-96-97-98-99-100 200 200 96 351.1806 100 80 120
100 81-82-83-84-85-86-87-88-89-90-91-92-93-94-95-96-97-98-99-100 200 200 96 374.35852 100 80 120
100 81-82-83-84-85-86-87-88-89-90-91-92-93-94-95-96-97-98-99-100 200 200 96 399.06618 100 80 120
100 81-82-83-84-85-86-87-88-89-90-91-92-93-94-95-96-97-98-99-100 200 200 96 425.40455 100 80 120
100 81-82-83-84-85-86-87-88-89-90-91-92-93-94-95-96-97-98-99-100 200 200 96 453.48125 100 80 120
100 81-82-83-84-85-86-87-88-89-90-91-92-93-94-95-96-97-98-99-100 200 200 96 483.41101 102 81 123
100 81-82-83-84-85-86-87-88-89-90-91-92-93-94-95-96-97-98-99-100 200 200 96 515.30969 101 80 122
100 81-82-83-84-85-86-87-88-89-90-91-92-93-94-95-96-97-98-99-100 200 200 96 549.31669 114 91 137
100 81-82-83-84-85-86-87-88-89-90-91-92-93-94-95-96-97-98-99-100 200 200 96 585.52033 145 116 174
100 81-82-83-84-85-86-87-88-89-90-91-92-93-94-95-96-97-98-99-100 200 200 96 623.98901 218 174 262
100 81-82-83-84-85-86-87-88-89-90-91-92-93-94-95-96-97-98-99-100 200 200 96 664.68142 960 768 1152
100 81-82-83-84-85-86-87-88-89-90-91-92-93-94-95-96-97-98-99-100 200 200 96 704.73955 2400 1920 2880
100 81-82-83-84-85-86-87-88-89-90-91-92-93-94-95-96-97-98-99-100 200 200 96 740.44635 48000 38398 57602
100 81-82-83-84-85-86-87-88-89-90-91-92-93-94-95-96-97-98-99-100 200 200 96 552.86661 105 84 126
100 81-82-83-84-85-86-87-88-89-90-91-92-93-94-95-96-97-98-99-100 200 200 96 589.33738 130 104 156
100 81-82-83-84-85-86-87-88-89-90-91-92-93-94-95-96-97-98-99-100 200 200 96 628.11578 274 219 329
100 81-82-83-84-85-86-87-88-89-90-91-92-93-94-95-96-97-98-99-100 200 200 96 668.8428 1371 1096 1646
100 81-82-83-84-85-86-87-88-89-90-91-92-93-94-95-96-97-98-99-100 200 200 96 707.3191 4800 3839 5761
100 81-82-83-84-85-86-87-88-89-90-91-92-93-94-95-96-97-98-99-100 200 200 96 731.8395 48000 38398 57602
100 81-82-83-84-85-86-87-88-89-90-91-92-93-94-95-96-97-98-99-100 200 200 96 546.44016 113 90 136
100 81-82-83-84-85-86-87-88-89-90-91-92-93-94-95-96-97-98-99-100 200 200 96 582.45785 133 106 160
100 81-82-83-84-85-86-87-88-89-90-91-92-93-94-95-96-97-98-99-100 200 200 96 620.77193 229 183 275
100 81-82-83-84-85-86-87-88-89-90-91-92-93-94-95-96-97-98-99-100 200 200 96 661.20901 565 452 678
100 81-82-83-84-85-86-87-88-89-90-91-92-93-94-95-96-97-98-99-100 200 200 96 702.79906 4800 3839 5761
100 81-82-83-84-85-86-87-88-89-90-91-92-93-94-95-96-97-98-99-100 200 200 96 727.16276 9600 7679 11521
100 81-82-83-84-85-86-87-88-89-90-91-92-93-94-95-96-97-98-99-100 200 200 384 727.16276 7680 6911 8449
100 81-82-83-84-85-86-87-88-89-90-91-92-93-94-95-96-97-98-99-100 200 200 384 732.78615 19200 17279 21121
100 81-82-83-84-85-86-87-88-89-90-91-92-93-94-95-96-97-98-99-100 200 200 384 710.31404 4267 3840 4694
100 81-82-83-84-85-86-87-88-89-90-91-92-93-94-95-96-97-98-99-100 200 200 384 723.88814 7680 6911 8449
100 81-82-83-84-85-86-87-88-89-90-91-92-93-94-95-96-97-98-99-100 200 200 384 729.48621 12800 11519 14081
100 81-82-83-84-85-86-87-88-89-90-91-92-93-94-95-96-97-98-99-100 200 200 384 722.67767 9600 8639 10561
100 81-82-83-84-85-86-87-88-89-90-91-92-93-94-95-96-97-98-99-100 200 200 1537 722.67767 13973 13274 14672
100 81-82-83-84-85-86-87-88-89-90-91-92-93-94-95-96-97-98-99-100 200 200 1537 717.89234 6986 6636 7336
100 81-82-83-84-85-86-87-88-89-90-91-92-93-94-95-96-97-98-99-100 200 200 1537 721.49855 6683 6348 7018
100 81-82-83-84-85-86-87-88-89-90-91-92-93-94-95-96-97-98-99-100 200 200 1537 725.48724 8539 8112 8966
100 81-82-83-84-85-86-87-88-89-90-91-92-93-94-95-96-97-98-99-100 200 200 1537 727.2538 15370 14601 16139
100 81-82-83-84-85-86-87-88-89-90-91-92-93-94-95-96-97-98-99-100 200 200 1537 720.74488 12808 12167 13449
100 81-82-83-84-85-86-87-88-89-90-91-92-93-94-95-96-97-98-99-100 200 200 1537 717.37179 5912 5616 6208
100 81-82-83-84-85-86-87-88-89-90-91-92-93-94-95-96-97-98-99-100 200 200 1537 722.25949 10247 9734 10760
100 81-82-83-84-85-86-87-88-89-90-91-92-93-94-95-96-97-98-99-100 200 200 6146 722.25949 7780 7585 7975
100 81-82-83-84-85-86-87-88-89-90-91-92-93-94-95-96-97-98-99-100 200 200 6146 723.59567 7879 7682 8076
100 81-82-83-84-85-86-87-88-89-90-91-92-93-94-95-96-97-98-99-100 200 200 6146 724.87462 9756 9512 10000
