data_dim axes n_training window_size n_sim threshold arl_est arl_lower arl_upper
100 100-99-98-96-97-92-95-89-94-88-91-93-90 200 200 96 24.6 100 80 120
100 100-99-98-96-97-92-95-89-94-88-91-93-90 200 200 96 26.2236 100 80 120
100 100-99-98-96-97-92-95-89-94-88-91-93-90 200 200 96 27.95436 100 80 120
100 100-99-98-96-97-92-95-89-94-88-91-93-90 200 200 96 29.79935 100 80 120
100 100-99-98-96-97-92-95-89-94-88-91-93-90 200 200 96 31.7661 100 80 120
100 100-99-98-96-97-92-95-89-94-88-91-93-90 200 200 96 33.86266 100 80 120
100 100-99-98-96-97-92-95-89-94-88-91-93-90 200 200 96 36.0976 100 80 120
100 100-99-98-96-97-92-95-89-94-88-91-93-90 200 200 96 38.48004 100 80 120
100 100-99-98-96-97-92-95-89-94-88-91-93-90 200 200 96 41.01973 100 80 120
100 100-99-98-96-97-92-95-89-94-88-91-93-90 200 200 96 43.72703 100 80 120
100 100-99-98-96-97-92-95-89-94-88-91-93-90 200 200 96 46.61301 100 80 120
100 100-99-98-96-97-92-95-89-94-88-91-93-90 200 200 96 49.68947 100 80 120
100 100-99-98-96-97-92-95-89-94-88-91-93-90 200 200 96 52.96897 100 80 120
100 100-99-98-96-97-92-95-89-94-88-91-93-90 200 200 96 56.46493 100 80 120
100 100-99-98-96-97-92-95-89-94-88-91-93-90 200 200 96 60.19161 100 80 120
100 100-99-98-96-97-92-95-89-94-88-91-93-90 200 200 96 64.16426 100 80 120
100 100-99-98-96-97-92-95-89-94-88-91-93-90 200 200 96 68.3991 100 80 120
100 100-99-98-96-97-92-95-89-94-88-91-93-90 200 200 96 72.91344 100 80 120
100 100-99-98-96-97-92-95-89-94-88-91-93-90 200 200 96 77.72573 100 80 120
100 100-99-98-96-97-92-95-89-94-88-91-93-90 200 200 96 82.85562 100 80 120
100 100-99-98-96-97-92-95-89-94-88-91-93-90 200 200 96 88.3241 100 80 120
100 100-99-98-96-97-92-95-89-94-88-91-93-90 200 200 96 94.15349 100 80 120
100 100-99-98-96-97-92-95-89-94-88-91-93-90 200 200 96 100.36762 100 80 120
100 100-99-98-96-97-92-95-89-94-88-91-93-90 200 200 96 106.99188 100 80 120
100 100-99-98-96-97-92-95-89-94-88-91-93-90 200 200 96 114.05334 100 80 120
100 100-99-98-96-97-92-95-89-94-88-91-93-90 200 200 96 121.58086 100 80 120
100 100-99-98-96-97-92-95-89-94-88-91-93-90 200 200 96 129.6052 100 80 120
100 100-99-98-96-97-92-95-89-94-88-91-93-90 200 200 96 138.15914 100 80 120
100 100-99-98-96-97-92-95-89-94-88-91-93-90 200 200 96 147.27765 100 80 120
100 100-99-98-96-97-92-95-89-94-88-91-93-90 200 200 96 156.99797 100 80 120
100 100-99-98-96-97-92-95-89-94-88-91-93-90 200 200 96 167.35984 100 80 120
100 100-99-98-96-97-92-95-89-94-88-91-93-90 200 200 96 178.40559 100 80 120
100 100-99-98-96-97-92-95-89-94-88-91-93-90 200 200 96 190.18036 100 80 120
100 100-99-98-96-97-92-95-89-94-88-91-93-90 200 200 96 202.73226 100 80 120
100 100-99-98-96-97-92-95-89-94-88-91-93-90 200 200 96 216.11259 100 80 120
100 100-99-98-96-97-92-95-89-94-88-91-93-90 200 200 96 230.37602 100 80 120
100 100-99-98-96-97-92-95-89-94-88-91-93-90 200 200 96 245.58084 100 80 120
100 100-99-98-96-97-92-95-89-94-88-91-93-90 200 200 96 261.78917 100 80 120
100 100-99-98-96-97-92-95-89-94-88-91-93-90 200 200 96 279.06726 100 80 120
100 100-99-98-96-97-92-95-89-94-88-91-93-90 200 200 96 297.4857 100 80 120
100 100-99-98-96-97-92-95-89-94-88-91-93-90 200 200 96 317.11975 100 80 120
100 100-99-98-96-97-92-95-89-94-88-91-93-90 200 200 96 338.04966 100 80 120
100 100-99-98-96-97-92-95-89-94-88-91-93-90 200 200 96 360.36093 100 80 120
100 100-99-98-96-97-92-95-89-94-88-91-93-90 200 200 96 384.14476 100 80 120
100 100-99-98-96-97-92-95-89-94-88-91-93-90 200 200 96 409.49831 100 80 120
100 100-99-98-96-97-92-95-89-94-88-91-93-90 200 200 96 436.5252 101 80 122
100 100-99-98-96-97-92-95-89-94-88-91-93-90 200 200 96 465.33295 105 84 126
100 100-99-98-96-97-92-95-89-94-88-91-93-90 200 200 96 496.02941 114 91 137
100 100-99-98-96-97-92-95-89-94-88-91-93-90 200 200 96 528.72106 196 156 236
100 100-99-98-96-97-92-95-89-94-88-91-93-90 200 200 96 563.27827 480 384 576
100 100-99-98-96-97-92-95-89-94-88-91-93-90 200 200 96 599.02766 2400 1920 2880
100 100-99-98-96-97-92-95-89-94-88-91-93-90 200 200 96 629.3784 4800 3839 5761
100 100-99-98-96-97-92-95-89-94-88-91-93-90 200 200 96 651.19685 48000 38398 57602
100 100-99-98-96-97-92-95-89-94-88-91-93-90 200 200 96 486.22698 113 90 136
100 100-99-98-96-97-92-95-89-94-88-91-93-90 200 200 96 518.27582 196 156 236
100 100-99-98-96-97-92-95-89-94-88-91-93-90 200 200 96 552.15033 505 404 606
100 100-99-98-96-97-92-95-89-94-88-91-93-90 200 200 96 587.10144 1067 853 1281
100 100-99-98-96-97-92-95-89-94-88-91-93-90 200 200 96 622.06529 9600 7679 11521
100 100-99-98-96-97-92-95-89-94-88-91-93-90 200 200 384 622.06529 12800 11519 14081
100 100-99-98-96-97-92-95-89-94-88-91-93-90 200 200 384 616.25935 2560 2304 2816
100 100-99-98-96-97-92-95-89-94-88-91-93-90 200 200 384 631.54258 6400 5759 7041
100 100-99-98-96-97-92-95-89-94-88-91-93-90 200 200 384 639.12109 12800 11519 14081
100 100-99-98-96-97-92-95-89-94-88-91-93-90 200 200 384 633.15596 9600 8639 10561
100 100-99-98-96-97-92-95-89-94-88-91-93-90 200 200 1537 633.15596 19212 18251 20173
100 100-99-98-96-97-92-95-89-94-88-91-93-90 200 200 1537 623.43491 7685 7300 8070
100 100-99-98-96-97-92-95-89-94-88-91-93-90 200 200 1537 625.84033 6683 6348 7018
100 100-99-98-96-97-92-95-89-94-88-91-93-90 200 200 1537 629.30018 8089 7684 8494
100 100-99-98-96-97-92-95-89-94-88-91-93-90 200 200 1537 631.3045 10979 10430 11528
100 100-99-98-96-97-92-95-89-94-88-91-93-90 200 200 1537 630.27442 13973 13274 14672
100 100-99-98-96-97-92-95-89-94-88-91-93-90 200 200 1537 626.10096 7685 7300 8070
100 100-99-98-96-97-92-95-89-94-88-91-93-90 200 200 1537 628.51666 6986 6636 7336
100 100-99-98-96-97-92-95-89-94-88-91-93-90 200 200 1537 631.67391 8539 8112 8966
100 100-99-98-96-97-92-95-89-94-88-91-93-90 200 200 1537 633.21204 12808 12167 13449
100 100-99-98-96-97-92-95-89-94-88-91-93-90 200 200 1537 630.24861 19212 18251 20173
100 100-99-98-96-97-92-95-89-94-88-91-93-90 200 200 1537 620.57219 5300 5035 5565
100 100-99-98-96-97-92-95-89-94-88-91-93-90 200 200 1537 625.43334 4803 4562 5044
100 100-99-98-96-97-92-95-89-94-88-91-93-90 200 200 1537 630.85063 8539 8112 8966
100 100-99-98-96-97-92-95-89-94-88-91-93-90 200 200 1537 632.38675 8539 8112 8966
100 100-99-98-96-97-92-95-89-94-88-91-93-90 200 200 1537 633.92662 12808 12167 13449
100 100-99-98-96-97-92-95-89-94-88-91-93-90 200 200 1537 630.95984 15370 14601 16139
100 100-99-98-96-97-92-95-89-94-88-91-93-90 200 200 1537 625.31275 6986 6636 7336
100 100-99-98-96-97-92-95-89-94-88-91-93-90 200 200 1537 628.4539 6404 6083 6725
100 100-99-98-96-97-92-95-89-94-88-91-93-90 200 200 1537 632.22044 10247 9734 10760
100 100-99-98-96-97-92-95-89-94-88-91-93-90 200 200 6146 632.22044 9756 9512 10000
