data_dim axes n_training window_size n_sim threshold arl_est arl_lower arl_upper
100 81-82-83-84-85-86-87-88-89-90-91-92-93-94-95-96-97-98-99-100 200 200 96 33 100 80 120
100 81-82-83-84-85-86-87-88-89-90-91-92-93-94-95-96-97-98-99-100 200 200 96 35.178 100 80 120
100 81-82-83-84-85-86-87-88-89-90-91-92-93-94-95-96-97-98-99-100 200 200 96 37.49975 100 80 120
100 81-82-83-84-85-86-87-88-89-90-91-92-93-94-95-96-97-98-99-100 200 200 96 39.97473 100 80 120
100 81-82-83-84-85-86-87-88-89-90-91-92-93-94-95-96-97-98-99-100 200 200 96 42.61306 100 80 120
100 81-82-83-84-85-86-87-88-89-90-91-92-93-94-95-96-97-98-99-100 200 200 96 45.42553 100 80 120
100 81-82-83-84-85-86-87-88-89-90-91-92-93-94-95-96-97-98-99-100 200 200 96 48.42361 100 80 120
100 81-82-83-84-85-86-87-88-89-90-91-92-93-94-95-96-97-98-99-100 200 200 96 51.61957 100 80 120
100 81-82-83-84-85-86-87-88-89-90-91-92-93-94-95-96-97-98-99-100 200 200 96 55.02646 100 80 120
100 81-82-83-84-85-86-87-88-89-90-91-92-93-94-95-96-97-98-99-100 200 200 96 58.65821 100 80 120
100 81-82-83-84-85-86-87-88-89-90-91-92-93-94-95-96-97-98-99-100 200 200 96 62.52965 100 80 120
100 81-82-83-84-85-86-87-88-89-90-91-92-93-94-95-96-97-98-99-100 200 200 96 66.65661 100 80 120
100 81-82-83-84-85-86-87-88-89-90-91-92-93-94-95-96-97-98-99-100 200 200 96 71.05594 100 80 120
100 81-82-83-84-85-86-87-88-89-90-91-92-93-94-95-96-97-98-99-100 200 200 96 75.74563 100 80 120
100 81-82-83-84-85-86-87-88-89-90-91-92-93-94-95-96-97-98-99-100 200 200 96 80.74485 100 80 120
100 81-82-83-84-85-86-87-88-89-90-91-92-93-94-95-96-97-98-99-100 200 200 96 86.074 100 80 120
100 81-82-83-84-85-86-87-88-89-90-91-92-93-94-95-96-97-98-99-100 200 200 96 91.75489 100 80 120
100 81-82-83-84-85-86-87-88-89-90-91-92-93-94-95-96-97-98-99-100 200 200 96 97.81071 100 80 120
100 81-82-83-84-85-86-87-88-89-90-91-92-93-94-95-96-97-98-99-100 200 200 96 104.26622 100 80 120
100 81-82-83-84-85-86-87-88-89-90-91-92-93-94-95-96-97-98-99-100 200 200 96 111.14779 100 80 120
100 81-82-83-84-85-86-87-88-89-90-91-92-93-94-95-96-97-98-99-100 200 200 96 118.48354 100 80 120
100 81-82-83-84-85-86-87-88-89-90-91-92-93-94-95-96-97-98-99-100 200 200 96 126.30346 100 80 120
100 81-82-83-84-85-86-87-88-89-90-91-92-93-94-95-96-97-98-99-100 200 200 96 134.63949 100 80 120
100 81-82-83-84-85-86-87-88-89-90-91-92-93-94-95-96-97-98-99-100 200 200 96 143.52569 100 80 120
100 81-82-83-84-85-86-87-88-89-90-91-92-93-94-95-96-97-98-99-100 200 200 96 152.99839 100 80 120
100 81-82-83-84-85-86-87-88-89-90-91-92-93-94-95-96-97-98-99-100 200 200 96 163.09628 100 80 120
100 81-82-83-84-85-86-87-88-89-90-91-92-93-94-95-96-97-98-99-100 200 200 96 173.86064 100 80 120
100 81-82-83-84-85-86-87-88-89-90-91-92-93-94-95-96-97-98-99-100 200 200 96 185.33544 100 80 120
100 81-82-83-84-85-86-87-88-89-90-91-92-93-94-95-96-97-98-99-100 200 200 96 197.56758 100 80 120
100 81-82-83-84-85-86-87-88-89-90-91-92-93-94-95-96-97-98-99-100 200 200 96 210.60704 100 80 120
100 81-82-83-84-85-86-87-88-89-90-91-92-93-94-95-96-97-98-99-100 200 200 96 224.5071 100 80 120
100 81-82-83-84-85-86-87-88-89-90-91-92-93-94-95-96-97-98-99-100 200 200 96 239.32457 100 80 120
100 81-82-83-84-85-86-87-88-89-90-91-92-93-94-95-96-97-98-99-100 200 200 96 255.11999 100 80 120
100 81-82-83-84-85-86-87-88-89-90-91-92-93-94-95-96-97-98-99-100 200 200 96 271.95791 100 80 120
100 81-82-83-84-85-86-87-88-89-90-91-92-93-94-95-96-97-98-99-100 200 200 96 289.90713 100 80 120
100 81-82-83-84-85-86-87-88-89-90-91-92-93-94-95-96-97-98-99-100 200 200 96 309.041 100 80 120
100 81-82-83-84-85-86-87-88-89-90-91-92-93-94-95-96-97-98-99-100 200 200 96 329.43771 100 80 120
100 81-82-83-84-85-86-87-88-89-90-91-92-93-94-95-96-97-98-99-100 200 200 96 351.1806 100 80 120
100 81-82-83-84-85-86-87-88-89-90-91-92-93-94-95-96-97-98-99-100 200 200 96 374.35852 100 80 120
100 81-82-83-84-85-86-87-88-89-90-91-92-93-94-95-96-97-98-99-100 200 200 96 399.06618 100 80 120
100 81-82-83-84-85-86-87-88-89-90-91-92-93-94-95-96-97-98-99-100 200 200 96 425.40455 100 80 120
100 81-82-83-84-85-86-87-88-89-90-91-92-93-94-95-96-97-98-99-100 200 200 96 453.48125 100 80 120
100 81-82-83-84-85-86-87-88-89-90-91-92-93-94-95-96-97-98-99-100 200 200 96 483.41101 100 80 120
100 81-82-83-84-85-86-87-88-89-90-91-92-93-94-95-96-97-98-99-100 200 200 96 515.31614 100 80 120
100 81-82-83-84-85-86-87-88-89-90-91-92-93-94-95-96-97-98-99-100 200 200 96 549.327 100 80 120
100 81-82-83-84-85-86-87-88-89-90-91-92-93-94-95-96-97-98-99-100 200 200 96 585.58258 100 80 120
100 81-82-83-84-85-86-87-88-89-90-91-92-93-94-95-96-97-98-99-100 200 200 96 624.23103 102 81 123
100 81-82-83-84-85-86-87-88-89-90-91-92-93-94-95-96-97-98-99-100 200 200 96 665.42196 110 88 132
100 81-82-83-84-85-86-87-88-89-90-91-92-93-94-95-96-97-98-99-100 200 200 96 709.29545 160 128 192
100 81-82-83-84-85-86-87-88-89-90-91-92-93-94-95-96-97-98-99-100 200 200 96 755.82523 384 307 461
100 81-82-83-84-85-86-87-88-89-90-91-92-93-94-95-96-97-98-99-100 200 200 96 804.27866 1920 1536 2304
100 81-82-83-84-85-86-87-88-89-90-91-92-93-94-95-96-97-98-99-100 200 200 96 847.60247 9600 7679 11521
100 81-82-83-84-85-86-87-88-89-90-91-92-93-94-95-96-97-98-99-100 200 200 384 847.60247 19200 17279 21121
100 81-82-83-84-85-86-87-88-89-90-91-92-93-94-95-96-97-98-99-100 200 200 384 821.60933 4267 3840 4694
100 81-82-83-84-85-86-87-88-89-90-91-92-93-94-95-96-97-98-99-100 200 200 384 837.31029 4800 4319 5281
100 81-82-83-84-85-86-87-88-89-90-91-92-93-94-95-96-97-98-99-100 200 200 384 851.82366 19200 17279 21121
100 81-82-83-84-85-86-87-88-89-90-91-92-93-94-95-96-97-98-99-100 200 200 384 825.70107 4800 4319 5281
100 81-82-83-84-85-86-87-88-89-90-91-92-93-94-95-96-97-98-99-100 200 200 384 840.01322 5486 4937 6035
100 81-82-83-84-85-86-87-88-89-90-91-92-93-94-95-96-97-98-99-100 200 200 384 852.65262 7680 6911 8449
100 81-82-83-84-85-86-87-88-89-90-91-92-93-94-95-96-97-98-99-100 200 200 384 859.24647 19200 17279 21121
100 81-82-83-84-85-86-87-88-89-90-91-92-93-94-95-96-97-98-99-100 200 200 384 832.89624 7680 6911 8449
100 81-82-83-84-85-86-87-88-89-90-91-92-93-94-95-96-97-98-99-100 200 200 384 839.33731 192000 172796 211204
100 81-82-83-84-85-86-87-88-89-90-91-92-93-94-95-96-97-98-99-100 200 200 384 330.13934 100 90 110
100 81-82-83-84-85-86-87-88-89-90-91-92-93-94-95-96-97-98-99-100 200 200 384 341.03394 100 90 110
100 81-82-83-84-85-86-87-88-89-90-91-92-93-94-95-96-97-98-99-100 200 200 384 352.28806 100 90 110
100 81-82-83-84-85-86-87-88-89-90-91-92-93-94-95-96-97-98-99-100 200 200 384 363.91357 100 90 110
100 81-82-83-84-85-86-87-88-89-90-91-92-93-94-95-96-97-98-99-100 200 200 384 375.92271 100 90 110
100 81-82-83-84-85-86-87-88-89-90-91-92-93-94-95-96-97-98-99-100 200 200 384 388.32816 100 90 110
100 81-82-83-84-85-86-87-88-89-90-91-92-93-94-95-96-97-98-99-100 200 200 384 401.14299 100 90 110
100 81-82-83-84-85-86-87-88-89-90-91-92-93-94-95-96-97-98-99-100 200 200 384 414.38071 100 90 110
100 81-82-83-84-85-86-87-88-89-90-91-92-93-94-95-96-97-98-99-100 200 200 384 428.05527 100 90 110
100 81-82-83-84-85-86-87-88-89-90-91-92-93-94-95-96-97-98-99-100 200 200 384 442.1811 100 90 110
100 81-82-83-84-85-86-87-88-89-90-91-92-93-94-95-96-97-98-99-100 200 200 384 456.77307 100 90 110
100 81-82-83-84-85-86-87-88-89-90-91-92-93-94-95-96-97-98-99-100 200 200 384 471.84659 100 90 110
100 81-82-83-84-85-86-87-88-89-90-91-92-93-94-95-96-97-98-99-100 200 200 384 487.41752 100 90 110
100 81-82-83-84-85-86-87-88-89-90-91-92-93-94-95-96-97-98-99-100 200 200 384 503.5023 100 90 110
100 81-82-83-84-85-86-87-88-89-90-91-92-93-94-95-96-97-98-99-100 200 200 384 520.11788 100 90 110
100 81-82-83-84-85-86-87-88-89-90-91-92-93-94-95-96-97-98-99-100 200 200 384 537.28177 100 90 110
100 81-82-83-84-85-86-87-88-89-90-91-92-93-94-95-96-97-98-99-100 200 200 384 555.01207 100 90 110
100 81-82-83-84-85-86-87-88-89-90-91-92-93-94-95-96-97-98-99-100 200 200 384 573.32746 100 90 110
100 81-82-83-84-85-86-87-88-89-90-91-92-93-94-95-96-97-98-99-100 200 200 384 592.24727 100 90 110
100 81-82-83-84-85-86-87-88-89-90-91-92-93-94-95-96-97-98-99-100 200 200 384 611.79143 102 91 113
100 81-82-83-84-85-86-87-88-89-90-91-92-93-94-95-96-97-98-99-100 200 200 384 631.97647 103 92 114
100 81-82-83-84-85-86-87-88-89-90-91-92-93-94-95-96-97-98-99-100 200 200 384 652.82537 108 97 119
100 81-82-83-84-85-86-87-88-89-90-91-92-93-94-95-96-97-98-99-100 200 200 384 674.3512 112 100 124
100 81-82-83-84-85-86-87-88-89-90-91-92-93-94-95-96-97-98-99-100 200 200 384 696.57782 137 123 151
100 81-82-83-84-85-86-87-88-89-90-91-92-93-94-95-96-97-98-99-100 200 200 384 719.47897 189 170 208
100 81-82-83-84-85-86-87-88-89-90-91-92-93-94-95-96-97-98-99-100 200 200 384 743.00833 242 217 267
100 81-82-83-84-85-86-87-88-89-90-91-92-93-94-95-96-97-98-99-100 200 200 384 767.17592 610 549 671
100 81-82-83-84-85-86-87-88-89-90-91-92-93-94-95-96-97-98-99-100 200 200 384 791.18853 1200 1080 1320
100 81-82-83-84-85-86-87-88-89-90-91-92-93-94-95-96-97-98-99-100 200 200 384 814.39672 2021 1818 2224
100 81-82-83-84-85-86-87-88-89-90-91-92-93-94-95-96-97-98-99-100 200 200 384 836.05696 7680 6911 8449
100 81-82-83-84-85-86-87-88-89-90-91-92-93-94-95-96-97-98-99-100 200 200 384 842.52247 6400 5759 7041
100 81-82-83-84-85-86-87-88-89-90-91-92-93-94-95-96-97-98-99-100 200 200 384 852.63274 38400 34559 42241
100 81-82-83-84-85-86-87-88-89-90-91-92-93-94-95-96-97-98-99-100 200 200 384 771.91684 619 557 681
100 81-82-83-84-85-86-87-88-89-90-91-92-93-94-95-96-97-98-99-100 200 200 384 796.05468 1920 1728 2112
100 81-82-83-84-85-86-87-88-89-90-91-92-93-94-95-96-97-98-99-100 200 200 384 817.49508 1920 1728 2112
100 81-82-83-84-85-86-87-88-89-90-91-92-93-94-95-96-97-98-99-100 200 200 384 839.51295 3840 3455 4225
100 81-82-83-84-85-86-87-88-89-90-91-92-93-94-95-96-97-98-99-100 200 200 384 856.75095 192000 172796 211204
100 81-82-83-84-85-86-87-88-89-90-91-92-93-94-95-96-97-98-99-100 200 200 384 336.98871 100 90 110
100 81-82-83-84-85-86-87-88-89-90-91-92-93-94-95-96-97-98-99-100 200 200 384 348.10933 100 90 110
100 81-82-83-84-85-86-87-88-89-90-91-92-93-94-95-96-97-98-99-100 200 200 384 359.59694 100 90 110
100 81-82-83-84-85-86-87-88-89-90-91-92-93-94-95-96-97-98-99-100 200 200 384 371.46364 100 90 110
100 81-82-83-84-85-86-87-88-89-90-91-92-93-94-95-96-97-98-99-100 200 200 384 383.72194 100 90 110
100 81-82-83-84-85-86-87-88-89-90-91-92-93-94-95-96-97-98-99-100 200 200 384 396.38477 100 90 110
100 81-82-83-84-85-86-87-88-89-90-91-92-93-94-95-96-97-98-99-100 200 200 384 409.46546 100 90 110
100 81-82-83-84-85-86-87-88-89-90-91-92-93-94-95-96-97-98-99-100 200 200 384 422.97782 100 90 110
100 81-82-83-84-85-86-87-88-89-90-91-92-93-94-95-96-97-98-99-100 200 200 384 436.93609 100 90 110
100 81-82-83-84-85-86-87-88-89-90-91-92-93-94-95-96-97-98-99-100 200 200 384 451.35498 100 90 110
100 81-82-83-84-85-86-87-88-89-90-91-92-93-94-95-96-97-98-99-100 200 200 384 466.2497 100 90 110
100 81-82-83-84-85-86-87-88-89-90-91-92-93-94-95-96-97-98-99-100 200 200 384 481.63594 100 90 110
100 81-82-83-84-85-86-87-88-89-90-91-92-93-94-95-96-97-98-99-100 200 200 384 497.52992 100 90 110
100 81-82-83-84-85-86-87-88-89-90-91-92-93-94-95-96-97-98-99-100 200 200 384 513.94841 100 90 110
100 81-82-83-84-85-86-87-88-89-90-91-92-93-94-95-96-97-98-99-100 200 200 384 530.90871 100 90 110
100 81-82-83-84-85-86-87-88-89-90-91-92-93-94-95-96-97-98-99-100 200 200 384 548.4287 100 90 110
100 81-82-83-84-85-86-87-88-89-90-91-92-93-94-95-96-97-98-99-100 200 200 384 566.52684 100 90 110
100 81-82-83-84-85-86-87-88-89-90-91-92-93-94-95-96-97-98-99-100 200 200 384 585.22223 100 90 110
100 81-82-83-84-85-86-87-88-89-90-91-92-93-94-95-96-97-98-99-100 200 200 384 604.53456 101 90 112
100 81-82-83-84-85-86-87-88-89-90-91-92-93-94-95-96-97-98-99-100 200 200 384 624.48219 102 91 113
100 81-82-83-84-85-86-87-88-89-90-91-92-93-94-95-96-97-98-99-100 200 200 384 645.08594 105 94 116
100 81-82-83-84-85-86-87-88-89-90-91-92-93-94-95-96-97-98-99-100 200 200 384 666.36302 113 101 125
100 81-82-83-84-85-86-87-88-89-90-91-92-93-94-95-96-97-98-99-100 200 200 384 688.32412 128 115 141
100 81-82-83-84-85-86-87-88-89-90-91-92-93-94-95-96-97-98-99-100 200 200 384 710.97458 159 143 175
100 81-82-83-84-85-86-87-88-89-90-91-92-93-94-95-96-97-98-99-100 200 200 384 734.29691 248 223 273
100 81-82-83-84-85-86-87-88-89-90-91-92-93-94-95-96-97-98-99-100 200 200 384 758.16646 427 384 470
100 81-82-83-84-85-86-87-88-89-90-91-92-93-94-95-96-97-98-99-100 200 200 384 782.35955 817 735 899
100 81-82-83-84-85-86-87-88-89-90-91-92-93-94-95-96-97-98-99-100 200 200 384 806.30758 2743 2468 3018
100 81-82-83-84-85-86-87-88-89-90-91-92-93-94-95-96-97-98-99-100 200 200 384 825.81216 6400 5759 7041
100 81-82-83-84-85-86-87-88-89-90-91-92-93-94-95-96-97-98-99-100 200 200 384 835.7219 12800 11519 14081
100 81-82-83-84-85-86-87-88-89-90-91-92-93-94-95-96-97-98-99-100 200 200 384 827.92183 3840 3455 4225
100 81-82-83-84-85-86-87-88-89-90-91-92-93-94-95-96-97-98-99-100 200 200 384 844.92183 7680 6911 8449
100 81-82-83-84-85-86-87-88-89-90-91-92-93-94-95-96-97-98-99-100 200 200 384 851.45589 19200 17279 21121
100 81-82-83-84-85-86-87-88-89-90-91-92-93-94-95-96-97-98-99-100 200 200 384 825.34457 6400 5759 7041
100 81-82-83-84-85-86-87-88-89-90-91-92-93-94-95-96-97-98-99-100 200 200 384 835.24871 19200 17279 21121
100 81-82-83-84-85-86-87-88-89-90-91-92-93-94-95-96-97-98-99-100 200 200 384 809.63441 2400 2160 2640
100 81-82-83-84-85-86-87-88-89-90-91-92-93-94-95-96-97-98-99-100 200 200 384 830.14515 3200 2879 3521
100 81-82-83-84-85-86-87-88-89-90-91-92-93-94-95-96-97-98-99-100 200 200 384 848.96178 12800 11519 14081
100 81-82-83-84-85-86-87-88-89-90-91-92-93-94-95-96-97-98-99-100 200 200 384 841.03813 9600 8639 10561
100 81-82-83-84-85-86-87-88-89-90-91-92-93-94-95-96-97-98-99-100 200 200 1537 841.03813 10979 10430 11528
100 81-82-83-84-85-86-87-88-89-90-91-92-93-94-95-96-97-98-99-100 200 200 1537 839.66584 7319 6953 7685
100 81-82-83-84-85-86-87-88-89-90-91-92-93-94-95-96-97-98-99-100 200 200 1537 843.41775 6683 6348 7018
100 81-82-83-84-85-86-87-88-89-90-91-92-93-94-95-96-97-98-99-100 200 200 1537 848.08044 11823 11231 12415
100 81-82-83-84-85-86-87-88-89-90-91-92-93-94-95-96-97-98-99-100 200 200 1537 845.50369 9606 9125 10087
100 81-82-83-84-85-86-87-88-89-90-91-92-93-94-95-96-97-98-99-100 200 200 6146 845.50369 11596 11306 11886
100 81-82-83-84-85-86-87-88-89-90-91-92-93-94-95-96-97-98-99-100 200 200 6146 844.37917 13361 13026 13696
100 81-82-83-84-85-86-87-88-89-90-91-92-93-94-95-96-97-98-99-100 200 200 6146 842.0142 10075 9823 10327
