data_dim axes n_training window_size n_sim threshold arl_est arl_lower arl_upper
100 100-99-97-98-96-95-92-93-94-91-89-90-86-87 200 200 96 25.8 100 80 120
100 100-99-97-98-96-95-92-93-94-91-89-90-86-87 200 200 96 27.5028 100 80 120
100 100-99-97-98-96-95-92-93-94-91-89-90-86-87 200 200 96 29.31798 100 80 120
100 100-99-97-98-96-95-92-93-94-91-89-90-86-87 200 200 96 31.25297 100 80 120
100 100-99-97-98-96-95-92-93-94-91-89-90-86-87 200 200 96 33.31567 100 80 120
100 100-99-97-98-96-95-92-93-94-91-89-90-86-87 200 200 96 35.5145 100 80 120
100 100-99-97-98-96-95-92-93-94-91-89-90-86-87 200 200 96 37.85846 100 80 120
100 100-99-97-98-96-95-92-93-94-91-89-90-86-87 200 200 96 40.35712 100 80 120
100 100-99-97-98-96-95-92-93-94-91-89-90-86-87 200 200 96 43.02069 100 80 120
100 100-99-97-98-96-95-92-93-94-91-89-90-86-87 200 200 96 45.86005 100 80 120
100 100-99-97-98-96-95-92-93-94-91-89-90-86-87 200 200 96 48.88682 100 80 120
100 100-99-97-98-96-95-92-93-94-91-89-90-86-87 200 200 96 52.11335 100 80 120
100 100-99-97-98-96-95-92-93-94-91-89-90-86-87 200 200 96 55.55283 100 80 120
100 100-99-97-98-96-95-92-93-94-91-89-90-86-87 200 200 96 59.21931 100 80 120
100 100-99-97-98-96-95-92-93-94-91-89-90-86-87 200 200 96 63.12779 100 80 120
100 100-99-97-98-96-95-92-93-94-91-89-90-86-87 200 200 96 67.29422 100 80 120
100 100-99-97-98-96-95-92-93-94-91-89-90-86-87 200 200 96 71.73564 100 80 120
100 100-99-97-98-96-95-92-93-94-91-89-90-86-87 200 200 96 76.47019 100 80 120
100 100-99-97-98-96-95-92-93-94-91-89-90-86-87 200 200 96 81.51723 100 80 120
100 100-99-97-98-96-95-92-93-94-91-89-90-86-87 200 200 96 86.89736 100 80 120
100 100-99-97-98-96-95-92-93-94-91-89-90-86-87 200 200 96 92.63259 100 80 120
100 100-99-97-98-96-95-92-93-94-91-89-90-86-87 200 200 96 98.74634 100 80 120
100 100-99-97-98-96-95-92-93-94-91-89-90-86-87 200 200 96 105.2636 100 80 120
100 100-99-97-98-96-95-92-93-94-91-89-90-86-87 200 200 96 112.211 100 80 120
100 100-99-97-98-96-95-92-93-94-91-89-90-86-87 200 200 96 119.61692 100 80 120
100 100-99-97-98-96-95-92-93-94-91-89-90-86-87 200 200 96 127.51164 100 80 120
100 100-99-97-98-96-95-92-93-94-91-89-90-86-87 200 200 96 135.92741 100 80 120
100 100-99-97-98-96-95-92-93-94-91-89-90-86-87 200 200 96 144.89861 100 80 120
100 100-99-97-98-96-95-92-93-94-91-89-90-86-87 200 200 96 154.46192 100 80 120
100 100-99-97-98-96-95-92-93-94-91-89-90-86-87 200 200 96 164.65641 100 80 120
100 100-99-97-98-96-95-92-93-94-91-89-90-86-87 200 200 96 175.52373 100 80 120
100 100-99-97-98-96-95-92-93-94-91-89-90-86-87 200 200 96 187.1083 100 80 120
100 100-99-97-98-96-95-92-93-94-91-89-90-86-87 200 200 96 199.45745 100 80 120
100 100-99-97-98-96-95-92-93-94-91-89-90-86-87 200 200 96 212.62164 100 80 120
100 100-99-97-98-96-95-92-93-94-91-89-90-86-87 200 200 96 226.65467 100 80 120
100 100-99-97-98-96-95-92-93-94-91-89-90-86-87 200 200 96 241.61387 100 80 120
100 100-99-97-98-96-95-92-93-94-91-89-90-86-87 200 200 96 257.56039 100 80 120
100 100-99-97-98-96-95-92-93-94-91-89-90-86-87 200 200 96 274.55938 100 80 120
100 100-99-97-98-96-95-92-93-94-91-89-90-86-87 200 200 96 292.6803 100 80 120
100 100-99-97-98-96-95-92-93-94-91-89-90-86-87 200 200 96 311.99719 100 80 120
100 100-99-97-98-96-95-92-93-94-91-89-90-86-87 200 200 96 332.58901 100 80 120
100 100-99-97-98-96-95-92-93-94-91-89-90-86-87 200 200 96 354.53988 100 80 120
100 100-99-97-98-96-95-92-93-94-91-89-90-86-87 200 200 96 377.93952 100 80 120
100 100-99-97-98-96-95-92-93-94-91-89-90-86-87 200 200 96 402.88352 100 80 120
100 100-99-97-98-96-95-92-93-94-91-89-90-86-87 200 200 96 429.47384 100 80 120
100 100-99-97-98-96-95-92-93-94-91-89-90-86-87 200 200 96 457.81911 100 80 120
100 100-99-97-98-96-95-92-93-94-91-89-90-86-87 200 200 96 488.03517 103 82 124
100 100-99-97-98-96-95-92-93-94-91-89-90-86-87 200 200 96 520.23573 104 83 125
100 100-99-97-98-96-95-92-93-94-91-89-90-86-87 200 200 96 554.55742 137 109 165
100 100-99-97-98-96-95-92-93-94-91-89-90-86-87 200 200 96 591.02142 253 202 304
100 100-99-97-98-96-95-92-93-94-91-89-90-86-87 200 200 96 629.42599 686 548 824
100 100-99-97-98-96-95-92-93-94-91-89-90-86-87 200 200 96 668.50915 48000 38398 57602
100 100-99-97-98-96-95-92-93-94-91-89-90-86-87 200 200 96 499.1535 104 83 125
100 100-99-97-98-96-95-92-93-94-91-89-90-86-87 200 200 96 532.08432 109 87 131
100 100-99-97-98-96-95-92-93-94-91-89-90-86-87 200 200 96 567.16996 163 130 196
100 100-99-97-98-96-95-92-93-94-91-89-90-86-87 200 200 96 604.36496 356 284 428
100 100-99-97-98-96-95-92-93-94-91-89-90-86-87 200 200 96 643.2216 1600 1280 1920
100 100-99-97-98-96-95-92-93-94-91-89-90-86-87 200 200 96 679.24201 1920 1536 2304
100 100-99-97-98-96-95-92-93-94-91-89-90-86-87 200 200 96 715.83051 48000 38398 57602
100 100-99-97-98-96-95-92-93-94-91-89-90-86-87 200 200 96 534.48678 113 90 136
100 100-99-97-98-96-95-92-93-94-91-89-90-86-87 200 200 96 569.71659 152 121 183
100 100-99-97-98-96-95-92-93-94-91-89-90-86-87 200 200 96 607.12038 369 295 443
100 100-99-97-98-96-95-92-93-94-91-89-90-86-87 200 200 96 646.10156 4800 3839 5761
100 100-99-97-98-96-95-92-93-94-91-89-90-86-87 200 200 96 668.49974 9600 7679 11521
100 100-99-97-98-96-95-92-93-94-91-89-90-86-87 200 200 384 668.49974 5486 4937 6035
100 100-99-97-98-96-95-92-93-94-91-89-90-86-87 200 200 384 678.55844 6400 5759 7041
100 100-99-97-98-96-95-92-93-94-91-89-90-86-87 200 200 384 686.70114 9600 8639 10561
100 100-99-97-98-96-95-92-93-94-91-89-90-86-87 200 200 1537 686.70114 8539 8112 8966
100 100-99-97-98-96-95-92-93-94-91-89-90-86-87 200 200 1537 688.37325 9606 9125 10087
100 100-99-97-98-96-95-92-93-94-91-89-90-86-87 200 200 6146 688.37325 10975 10700 11250
100 100-99-97-98-96-95-92-93-94-91-89-90-86-87 200 200 6146 687.81395 12804 12483 13125
100 100-99-97-98-96-95-92-93-94-91-89-90-86-87 200 200 6146 686.20676 10243 9986 10500
