data_dim axes n_training window_size n_sim threshold arl_est arl_lower arl_upper
100 96-97-98-99-100 200 200 96 15 100 80 120
100 96-97-98-99-100 200 200 96 15.99 100 80 120
100 96-97-98-99-100 200 200 96 17.04534 100 80 120
100 96-97-98-99-100 200 200 96 18.17033 100 80 120
100 96-97-98-99-100 200 200 96 19.36957 100 80 120
100 96-97-98-99-100 200 200 96 20.64797 100 80 120
100 96-97-98-99-100 200 200 96 22.01073 100 80 120
100 96-97-98-99-100 200 200 96 23.46344 100 80 120
100 96-97-98-99-100 200 200 96 25.01203 100 80 120
100 96-97-98-99-100 200 200 96 26.66282 100 80 120
100 96-97-98-99-100 200 200 96 28.42257 100 80 120
100 96-97-98-99-100 200 200 96 30.29846 100 80 120
100 96-97-98-99-100 200 200 96 32.29816 100 80 120
100 96-97-98-99-100 200 200 96 34.42983 100 80 120
100 96-97-98-99-100 200 200 96 36.7022 100 80 120
100 96-97-98-99-100 200 200 96 39.12455 100 80 120
100 96-97-98-99-100 200 200 96 41.70677 100 80 120
100 96-97-98-99-100 200 200 96 44.45941 100 80 120
100 96-97-98-99-100 200 200 96 47.39374 100 80 120
100 96-97-98-99-100 200 200 96 50.52172 100 80 120
100 96-97-98-99-100 200 200 96 53.85616 100 80 120
100 96-97-98-99-100 200 200 96 57.41066 100 80 120
100 96-97-98-99-100 200 200 96 61.19977 100 80 120
100 96-97-98-99-100 200 200 96 65.23895 100 80 120
100 96-97-98-99-100 200 200 96 69.54472 100 80 120
100 96-97-98-99-100 200 200 96 74.13467 100 80 120
100 96-97-98-99-100 200 200 96 79.02756 100 80 120
100 96-97-98-99-100 200 200 96 84.24338 100 80 120
100 96-97-98-99-100 200 200 96 89.80344 100 80 120
100 96-97-98-99-100 200 200 96 95.73047 100 80 120
100 96-97-98-99-100 200 200 96 102.04868 100 80 120
100 96-97-98-99-100 200 200 96 108.78389 100 80 120
100 96-97-98-99-100 200 200 96 115.96363 100 80 120
100 96-97-98-99-100 200 200 96 123.61723 100 80 120
100 96-97-98-99-100 200 200 96 131.77597 100 80 120
100 96-97-98-99-100 200 200 96 140.47318 100 80 120
100 96-97-98-99-100 200 200 96 149.74441 103 82 124
100 96-97-98-99-100 200 200 96 159.62455 108 86 130
100 96-97-98-99-100 200 200 96 170.15126 120 96 144
100 96-97-98-99-100 200 200 96 181.35855 130 104 156
100 96-97-98-99-100 200 200 96 193.29195 155 124 186
100 96-97-98-99-100 200 200 96 205.97834 240 192 288
100 96-97-98-99-100 200 200 96 219.38066 343 274 412
100 96-97-98-99-100 200 200 96 233.50439 960 768 1152
100 96-97-98-99-100 200 200 96 247.57692 3200 2559 3841
100 96-97-98-99-100 200 200 96 258.80041 9600 7679 11521
100 96-97-98-99-100 200 200 384 258.80041 6400 5759 7041
100 96-97-98-99-100 200 200 384 261.90601 5486 4937 6035
100 96-97-98-99-100 200 200 384 265.84683 7680 6911 8449
100 96-97-98-99-100 200 200 384 267.90271 19200 17279 21121
100 96-97-98-99-100 200 200 384 259.68703 9600 8639 10561
100 96-97-98-99-100 200 200 1537 259.68703 4658 4425 4891
100 96-97-98-99-100 200 200 1537 261.99911 5300 5035 5565
100 96-97-98-99-100 200 200 1537 264.05143 9606 9125 10087
100 96-97-98-99-100 200 200 6146 264.05143 7317 7134 7500
100 96-97-98-99-100 200 200 6146 264.64181 7982 7782 8182
100 96-97-98-99-100 200 200 6146 265.08685 9312 9079 9545
100 96-97-98-99-100 200 200 6146 265.23883 7317 7134 7500
100 96-97-98-99-100 200 200 6146 265.83186 7879 7682 8076
100 96-97-98-99-100 200 200 6146 266.30172 10417 10156 10678
100 96-97-98-99-100 200 200 6146 266.20918 9173 8943 9403
100 96-97-98-99-100 200 200 6146 266.39264 7682 7489 7875
100 96-97-98-99-100 200 200 6146 266.90722 9455 9218 9692
100 96-97-98-99-100 200 200 6146 267.02844 10075 9823 10327
