data_dim axes n_training window_size n_sim threshold arl_est arl_lower arl_upper
100 99-98-100-97-96-95-94-93-91-92-90-89 200 200 96 23.4 100 80 120
100 99-98-100-97-96-95-94-93-91-92-90-89 200 200 96 24.9444 100 80 120
100 99-98-100-97-96-95-94-93-91-92-90-89 200 200 96 26.59073 100 80 120
100 99-98-100-97-96-95-94-93-91-92-90-89 200 200 96 28.34572 100 80 120
100 99-98-100-97-96-95-94-93-91-92-90-89 200 200 96 30.21654 100 80 120
100 99-98-100-97-96-95-94-93-91-92-90-89 200 200 96 32.21083 100 80 120
100 99-98-100-97-96-95-94-93-91-92-90-89 200 200 96 34.33674 100 80 120
100 99-98-100-97-96-95-94-93-91-92-90-89 200 200 96 36.60297 100 80 120
100 99-98-100-97-96-95-94-93-91-92-90-89 200 200 96 39.01876 100 80 120
100 99-98-100-97-96-95-94-93-91-92-90-89 200 200 96 41.594 100 80 120
100 99-98-100-97-96-95-94-93-91-92-90-89 200 200 96 44.33921 100 80 120
100 99-98-100-97-96-95-94-93-91-92-90-89 200 200 96 47.26559 100 80 120
100 99-98-100-97-96-95-94-93-91-92-90-89 200 200 96 50.38512 100 80 120
100 99-98-100-97-96-95-94-93-91-92-90-89 200 200 96 53.71054 100 80 120
100 99-98-100-97-96-95-94-93-91-92-90-89 200 200 96 57.25544 100 80 120
100 99-98-100-97-96-95-94-93-91-92-90-89 200 200 96 61.03429 100 80 120
100 99-98-100-97-96-95-94-93-91-92-90-89 200 200 96 65.06256 100 80 120
100 99-98-100-97-96-95-94-93-91-92-90-89 200 200 96 69.35669 100 80 120
100 99-98-100-97-96-95-94-93-91-92-90-89 200 200 96 73.93423 100 80 120
100 99-98-100-97-96-95-94-93-91-92-90-89 200 200 96 78.81389 100 80 120
100 99-98-100-97-96-95-94-93-91-92-90-89 200 200 96 84.0156 100 80 120
100 99-98-100-97-96-95-94-93-91-92-90-89 200 200 96 89.56063 100 80 120
100 99-98-100-97-96-95-94-93-91-92-90-89 200 200 96 95.47164 100 80 120
100 99-98-100-97-96-95-94-93-91-92-90-89 200 200 96 101.77276 100 80 120
100 99-98-100-97-96-95-94-93-91-92-90-89 200 200 96 108.48977 100 80 120
100 99-98-100-97-96-95-94-93-91-92-90-89 200 200 96 115.65009 100 80 120
100 99-98-100-97-96-95-94-93-91-92-90-89 200 200 96 123.283 100 80 120
100 99-98-100-97-96-95-94-93-91-92-90-89 200 200 96 131.41967 100 80 120
100 99-98-100-97-96-95-94-93-91-92-90-89 200 200 96 140.09337 100 80 120
100 99-98-100-97-96-95-94-93-91-92-90-89 200 200 96 149.33953 100 80 120
100 99-98-100-97-96-95-94-93-91-92-90-89 200 200 96 159.19594 100 80 120
100 99-98-100-97-96-95-94-93-91-92-90-89 200 200 96 169.70288 100 80 120
100 99-98-100-97-96-95-94-93-91-92-90-89 200 200 96 180.90327 100 80 120
100 99-98-100-97-96-95-94-93-91-92-90-89 200 200 96 192.84288 100 80 120
100 99-98-100-97-96-95-94-93-91-92-90-89 200 200 96 205.57051 100 80 120
100 99-98-100-97-96-95-94-93-91-92-90-89 200 200 96 219.13817 100 80 120
100 99-98-100-97-96-95-94-93-91-92-90-89 200 200 96 233.60128 100 80 120
100 99-98-100-97-96-95-94-93-91-92-90-89 200 200 96 249.01897 100 80 120
100 99-98-100-97-96-95-94-93-91-92-90-89 200 200 96 265.45422 100 80 120
100 99-98-100-97-96-95-94-93-91-92-90-89 200 200 96 282.9742 100 80 120
100 99-98-100-97-96-95-94-93-91-92-90-89 200 200 96 301.6505 100 80 120
100 99-98-100-97-96-95-94-93-91-92-90-89 200 200 96 321.55943 101 80 122
100 99-98-100-97-96-95-94-93-91-92-90-89 200 200 96 342.78021 103 82 124
100 99-98-100-97-96-95-94-93-91-92-90-89 200 200 96 365.39685 113 90 136
100 99-98-100-97-96-95-94-93-91-92-90-89 200 200 96 389.48137 143 114 172
100 99-98-100-97-96-95-94-93-91-92-90-89 200 200 96 415.07549 274 219 329
100 99-98-100-97-96-95-94-93-91-92-90-89 200 200 96 441.98898 873 698 1048
100 99-98-100-97-96-95-94-93-91-92-90-89 200 200 96 468.88254 1600 1280 1920
100 99-98-100-97-96-95-94-93-91-92-90-89 200 200 96 495.13996 48000 38398 57602
100 99-98-100-97-96-95-94-93-91-92-90-89 200 200 96 369.70451 128 102 154
100 99-98-100-97-96-95-94-93-91-92-90-89 200 200 96 394.03599 163 130 196
100 99-98-100-97-96-95-94-93-91-92-90-89 200 200 96 419.87687 320 256 384
100 99-98-100-97-96-95-94-93-91-92-90-89 200 200 96 446.97293 565 452 678
100 99-98-100-97-96-95-94-93-91-92-90-89 200 200 96 475.08752 2400 1920 2880
100 99-98-100-97-96-95-94-93-91-92-90-89 200 200 96 499.15862 48000 38398 57602
100 99-98-100-97-96-95-94-93-91-92-90-89 200 200 96 372.70511 128 102 154
100 99-98-100-97-96-95-94-93-91-92-90-89 200 200 96 397.23407 155 124 186
100 99-98-100-97-96-95-94-93-91-92-90-89 200 200 96 423.30587 320 256 384
100 99-98-100-97-96-95-94-93-91-92-90-89 200 200 96 450.62321 600 480 720
100 99-98-100-97-96-95-94-93-91-92-90-89 200 200 96 478.86226 2400 1920 2880
100 99-98-100-97-96-95-94-93-91-92-90-89 200 200 96 503.12462 9600 7679 11521
100 99-98-100-97-96-95-94-93-91-92-90-89 200 200 384 503.12462 7680 6911 8449
100 99-98-100-97-96-95-94-93-91-92-90-89 200 200 384 507.01545 19200 17279 21121
100 99-98-100-97-96-95-94-93-91-92-90-89 200 200 384 491.46697 19200 17279 21121
100 99-98-100-97-96-95-94-93-91-92-90-89 200 200 384 476.39532 2133 1919 2347
100 99-98-100-97-96-95-94-93-91-92-90-89 200 200 384 488.88799 4800 4319 5281
100 99-98-100-97-96-95-94-93-91-92-90-89 200 200 384 497.36205 6400 5759 7041
100 99-98-100-97-96-95-94-93-91-92-90-89 200 200 384 503.33039 19200 17279 21121
100 99-98-100-97-96-95-94-93-91-92-90-89 200 200 384 487.89493 2954 2658 3250
100 99-98-100-97-96-95-94-93-91-92-90-89 200 200 384 499.35395 12800 11519 14081
100 99-98-100-97-96-95-94-93-91-92-90-89 200 200 384 494.69332 7680 6911 8449
100 99-98-100-97-96-95-94-93-91-92-90-89 200 200 384 498.51895 7680 6911 8449
100 99-98-100-97-96-95-94-93-91-92-90-89 200 200 384 502.37416 5486 4937 6035
100 99-98-100-97-96-95-94-93-91-92-90-89 200 200 384 509.93322 192000 172796 211204
100 99-98-100-97-96-95-94-93-91-92-90-89 200 200 384 200.57373 100 90 110
100 99-98-100-97-96-95-94-93-91-92-90-89 200 200 384 207.19266 100 90 110
100 99-98-100-97-96-95-94-93-91-92-90-89 200 200 384 214.03002 100 90 110
100 99-98-100-97-96-95-94-93-91-92-90-89 200 200 384 221.09301 100 90 110
100 99-98-100-97-96-95-94-93-91-92-90-89 200 200 384 228.38908 100 90 110
100 99-98-100-97-96-95-94-93-91-92-90-89 200 200 384 235.92592 100 90 110
100 99-98-100-97-96-95-94-93-91-92-90-89 200 200 384 243.71148 100 90 110
100 99-98-100-97-96-95-94-93-91-92-90-89 200 200 384 251.75396 100 90 110
100 99-98-100-97-96-95-94-93-91-92-90-89 200 200 384 260.06184 100 90 110
100 99-98-100-97-96-95-94-93-91-92-90-89 200 200 384 268.64388 100 90 110
100 99-98-100-97-96-95-94-93-91-92-90-89 200 200 384 277.50913 100 90 110
100 99-98-100-97-96-95-94-93-91-92-90-89 200 200 384 286.66693 100 90 110
100 99-98-100-97-96-95-94-93-91-92-90-89 200 200 384 296.12694 101 90 112
100 99-98-100-97-96-95-94-93-91-92-90-89 200 200 384 305.89814 100 90 110
100 99-98-100-97-96-95-94-93-91-92-90-89 200 200 384 315.99278 100 90 110
100 99-98-100-97-96-95-94-93-91-92-90-89 200 200 384 326.42054 102 91 113
100 99-98-100-97-96-95-94-93-91-92-90-89 200 200 384 337.19024 103 92 114
100 99-98-100-97-96-95-94-93-91-92-90-89 200 200 384 348.31415 106 95 117
100 99-98-100-97-96-95-94-93-91-92-90-89 200 200 384 359.80155 113 101 125
100 99-98-100-97-96-95-94-93-91-92-90-89 200 200 384 371.65941 120 108 132
100 99-98-100-97-96-95-94-93-91-92-90-89 200 200 384 383.89939 138 124 152
100 99-98-100-97-96-95-94-93-91-92-90-89 200 200 384 396.51944 175 157 193
100 99-98-100-97-96-95-94-93-91-92-90-89 200 200 384 409.50545 215 193 237
100 99-98-100-97-96-95-94-93-91-92-90-89 200 200 384 422.86216 298 268 328
100 99-98-100-97-96-95-94-93-91-92-90-89 200 200 384 436.53752 436 392 480
100 99-98-100-97-96-95-94-93-91-92-90-89 200 200 384 450.45433 698 628 768
100 99-98-100-97-96-95-94-93-91-92-90-89 200 200 384 464.42142 1164 1047 1281
100 99-98-100-97-96-95-94-93-91-92-90-89 200 200 384 478.10018 3840 3455 4225
100 99-98-100-97-96-95-94-93-91-92-90-89 200 200 384 487.91717 7680 6911 8449
100 99-98-100-97-96-95-94-93-91-92-90-89 200 200 384 491.6904 12800 11519 14081
100 99-98-100-97-96-95-94-93-91-92-90-89 200 200 384 487.10129 4267 3840 4694
100 99-98-100-97-96-95-94-93-91-92-90-89 200 200 384 496.40979 12800 11519 14081
100 99-98-100-97-96-95-94-93-91-92-90-89 200 200 384 491.77663 4800 4319 5281
100 99-98-100-97-96-95-94-93-91-92-90-89 200 200 384 500.30076 12800 11519 14081
100 99-98-100-97-96-95-94-93-91-92-90-89 200 200 384 495.63129 38400 34559 42241
100 99-98-100-97-96-95-94-93-91-92-90-89 200 200 384 448.71153 893 803 983
100 99-98-100-97-96-95-94-93-91-92-90-89 200 200 384 462.33291 985 886 1084
100 99-98-100-97-96-95-94-93-91-92-90-89 200 200 384 476.22602 2743 2468 3018
100 99-98-100-97-96-95-94-93-91-92-90-89 200 200 384 487.74592 2400 2160 2640
100 99-98-100-97-96-95-94-93-91-92-90-89 200 200 384 500.10215 6400 5759 7041
100 99-98-100-97-96-95-94-93-91-92-90-89 200 200 384 506.10338 38400 34559 42241
100 99-98-100-97-96-95-94-93-91-92-90-89 200 200 384 458.19226 1011 909 1113
100 99-98-100-97-96-95-94-93-91-92-90-89 200 200 384 471.92123 1324 1191 1457
100 99-98-100-97-96-95-94-93-91-92-90-89 200 200 384 485.56919 3491 3141 3841
100 99-98-100-97-96-95-94-93-91-92-90-89 200 200 384 496.10442 7680 6911 8449
100 99-98-100-97-96-95-94-93-91-92-90-89 200 200 384 499.94096 7680 6911 8449
100 99-98-100-97-96-95-94-93-91-92-90-89 200 200 384 503.80717 9600 8639 10561
100 99-98-100-97-96-95-94-93-91-92-90-89 200 200 1537 503.80717 8539 8112 8966
100 99-98-100-97-96-95-94-93-91-92-90-89 200 200 1537 505.03394 15370 14601 16139
100 99-98-100-97-96-95-94-93-91-92-90-89 200 200 1537 500.51389 10247 9734 10760
100 99-98-100-97-96-95-94-93-91-92-90-89 200 200 6146 500.51389 8780 8560 9000
100 99-98-100-97-96-95-94-93-91-92-90-89 200 200 6146 501.02275 8305 8097 8513
100 99-98-100-97-96-95-94-93-91-92-90-89 200 200 6146 501.73044 10975 10700 11250
100 99-98-100-97-96-95-94-93-91-92-90-89 200 200 6146 501.32278 9312 9079 9545
100 99-98-100-97-96-95-94-93-91-92-90-89 200 200 6146 501.61021 10243 9986 10500
