data_dim axes n_training window_size n_sim threshold arl_est arl_lower arl_upper
100 97-98-96-99-95-100 200 200 96 16.2 100 80 120
100 97-98-96-99-95-100 200 200 96 17.2692 100 80 120
100 97-98-96-99-95-100 200 200 96 18.40897 100 80 120
100 97-98-96-99-95-100 200 200 96 19.62396 100 80 120
100 97-98-96-99-95-100 200 200 96 20.91914 100 80 120
100 97-98-96-99-95-100 200 200 96 22.2998 100 80 120
100 97-98-96-99-95-100 200 200 96 23.77159 100 80 120
100 97-98-96-99-95-100 200 200 96 25.34052 100 80 120
100 97-98-96-99-95-100 200 200 96 27.01299 100 80 120
100 97-98-96-99-95-100 200 200 96 28.79585 100 80 120
100 97-98-96-99-95-100 200 200 96 30.69637 100 80 120
100 97-98-96-99-95-100 200 200 96 32.72233 100 80 120
100 97-98-96-99-95-100 200 200 96 34.88201 100 80 120
100 97-98-96-99-95-100 200 200 96 37.18422 100 80 120
100 97-98-96-99-95-100 200 200 96 39.63838 100 80 120
100 97-98-96-99-95-100 200 200 96 42.25451 100 80 120
100 97-98-96-99-95-100 200 200 96 45.04331 100 80 120
100 97-98-96-99-95-100 200 200 96 48.01617 100 80 120
100 97-98-96-99-95-100 200 200 96 51.18523 100 80 120
100 97-98-96-99-95-100 200 200 96 54.56346 100 80 120
100 97-98-96-99-95-100 200 200 96 58.16465 100 80 120
100 97-98-96-99-95-100 200 200 96 62.00352 100 80 120
100 97-98-96-99-95-100 200 200 96 66.09575 100 80 120
100 97-98-96-99-95-100 200 200 96 70.45807 100 80 120
100 97-98-96-99-95-100 200 200 96 75.1083 100 80 120
100 97-98-96-99-95-100 200 200 96 80.06545 100 80 120
100 97-98-96-99-95-100 200 200 96 85.34977 100 80 120
100 97-98-96-99-95-100 200 200 96 90.98285 100 80 120
100 97-98-96-99-95-100 200 200 96 96.98772 100 80 120
100 97-98-96-99-95-100 200 200 96 103.38891 100 80 120
100 97-98-96-99-95-100 200 200 96 110.21258 100 80 120
100 97-98-96-99-95-100 200 200 96 117.48661 100 80 120
100 97-98-96-99-95-100 200 200 96 125.24072 100 80 120
100 97-98-96-99-95-100 200 200 96 133.50661 100 80 120
100 97-98-96-99-95-100 200 200 96 142.31805 100 80 120
100 97-98-96-99-95-100 200 200 96 151.71104 102 81 123
100 97-98-96-99-95-100 200 200 96 161.72194 108 86 130
100 97-98-96-99-95-100 200 200 96 172.38697 120 96 144
100 97-98-96-99-95-100 200 200 96 183.74152 117 93 141
100 97-98-96-99-95-100 200 200 96 195.84764 143 114 172
100 97-98-96-99-95-100 200 200 96 208.71744 213 170 256
100 97-98-96-99-95-100 200 200 96 222.33556 369 295 443
100 97-98-96-99-95-100 200 200 96 236.61098 738 590 886
100 97-98-96-99-95-100 200 200 96 251.22092 4800 3839 5761
100 97-98-96-99-95-100 200 200 96 259.92991 48000 38398 57602
100 97-98-96-99-95-100 200 200 96 194.081 145 116 174
100 97-98-96-99-95-100 200 200 96 206.83212 229 183 275
100 97-98-96-99-95-100 200 200 96 220.30517 320 256 384
100 97-98-96-99-95-100 200 200 96 234.52219 565 452 678
100 97-98-96-99-95-100 200 200 96 249.27364 3200 2559 3841
100 97-98-96-99-95-100 200 200 96 260.57405 4800 3839 5761
100 97-98-96-99-95-100 200 200 96 269.60728 4800 3839 5761
100 97-98-96-99-95-100 200 200 96 278.95366 48000 38398 57602
100 97-98-96-99-95-100 200 200 96 208.2854 218 174 262
100 97-98-96-99-95-100 200 200 96 221.86839 457 365 549
100 97-98-96-99-95-100 200 200 96 235.98365 457 365 549
100 97-98-96-99-95-100 200 200 96 250.99693 2400 1920 2880
100 97-98-96-99-95-100 200 200 96 263.71411 48000 38398 57602
100 97-98-96-99-95-100 200 200 96 196.90654 150 120 180
100 97-98-96-99-95-100 200 200 96 209.83673 209 167 251
100 97-98-96-99-95-100 200 200 96 223.53348 320 256 384
100 97-98-96-99-95-100 200 200 96 237.95884 565 452 678
100 97-98-96-99-95-100 200 200 96 252.92645 4800 3839 5761
100 97-98-96-99-95-100 200 200 96 261.69456 48000 38398 57602
100 97-98-96-99-95-100 200 200 96 195.39861 152 121 183
100 97-98-96-99-95-100 200 200 96 208.22718 218 174 262
100 97-98-96-99-95-100 200 200 96 221.80637 274 219 329
100 97-98-96-99-95-100 200 200 96 236.18829 686 548 824
100 97-98-96-99-95-100 200 200 96 250.85401 1920 1536 2304
100 97-98-96-99-95-100 200 200 96 264.36668 9600 7679 11521
100 97-98-96-99-95-100 200 200 384 264.36668 3840 3455 4225
100 97-98-96-99-95-100 200 200 384 269.79501 4800 4319 5281
100 97-98-96-99-95-100 200 200 384 274.47146 12800 11519 14081
100 97-98-96-99-95-100 200 200 384 271.90972 3491 3141 3841
100 97-98-96-99-95-100 200 200 384 277.80926 6400 5759 7041
100 97-98-96-99-95-100 200 200 384 281.14297 12800 11519 14081
100 97-98-96-99-95-100 200 200 384 278.51897 12800 11519 14081
100 97-98-96-99-95-100 200 200 384 275.91946 38400 34559 42241
100 97-98-96-99-95-100 200 200 384 249.79908 1670 1503 1837
100 97-98-96-99-95-100 200 200 384 256.73517 3200 2879 3521
100 97-98-96-99-95-100 200 200 384 262.5545 2954 2658 3250
100 97-98-96-99-95-100 200 200 384 268.72103 4267 3840 4694
100 97-98-96-99-95-100 200 200 384 273.85629 7680 6911 8449
100 97-98-96-99-95-100 200 200 384 275.97411 12800 11519 14081
100 97-98-96-99-95-100 200 200 384 273.39835 9600 8639 10561
100 97-98-96-99-95-100 200 200 1537 273.39835 12808 12167 13449
100 97-98-96-99-95-100 200 200 1537 272.11885 8539 8112 8966
100 97-98-96-99-95-100 200 200 1537 272.78146 12808 12167 13449
100 97-98-96-99-95-100 200 200 1537 271.50484 9041 8589 9493
100 97-98-96-99-95-100 200 200 1537 271.93879 9606 9125 10087
100 97-98-96-99-95-100 200 200 6146 271.93879 7982 7782 8182
100 97-98-96-99-95-100 200 200 6146 272.39611 9603 9362 9844
100 97-98-96-99-95-100 200 200 6146 272.48622 10075 9823 10327
