data_dim axes n_training window_size n_sim threshold arl_est arl_lower arl_upper
100 99-100 200 200 96 11.4 100 80 120
100 99-100 200 200 96 12.1524 100 80 120
100 99-100 200 200 96 12.95446 100 80 120
100 99-100 200 200 96 13.80945 100 80 120
100 99-100 200 200 96 14.72088 100 80 120
100 99-100 200 200 96 15.69245 100 80 120
100 99-100 200 200 96 16.72816 100 80 120
100 99-100 200 200 96 17.83221 100 80 120
100 99-100 200 200 96 19.00914 100 80 120
100 99-100 200 200 96 20.26374 100 80 120
100 99-100 200 200 96 21.60115 100 80 120
100 99-100 200 200 96 23.02683 100 80 120
100 99-100 200 200 96 24.5466 100 80 120
100 99-100 200 200 96 26.16667 100 80 120
100 99-100 200 200 96 27.89367 100 80 120
100 99-100 200 200 96 29.73466 100 80 120
100 99-100 200 200 96 31.69714 100 80 120
100 99-100 200 200 96 33.78916 101 80 122
100 99-100 200 200 96 36.01901 100 80 120
100 99-100 200 200 96 38.39627 100 80 120
100 99-100 200 200 96 40.93042 104 83 125
100 99-100 200 200 96 43.63074 101 80 122
100 99-100 200 200 96 46.51008 108 86 130
100 99-100 200 200 96 49.57726 110 88 132
100 99-100 200 200 96 52.84606 112 89 135
100 99-100 200 200 96 56.32967 110 88 132
100 99-100 200 200 96 60.04367 122 97 147
100 99-100 200 200 96 63.99775 150 120 180
100 99-100 200 200 96 68.20026 196 156 236
100 99-100 200 200 96 72.65783 209 167 251
100 99-100 200 200 96 77.40045 274 219 329
100 99-100 200 200 96 82.4191 417 333 501
100 99-100 200 200 96 87.68458 640 512 768
100 99-100 200 200 96 93.1561 565 452 678
100 99-100 200 200 96 99.01562 3200 2559 3841
100 99-100 200 200 96 103.50432 2400 1920 2880
100 99-100 200 200 96 108.74854 48000 38398 57602
100 99-100 200 200 96 81.19891 436 348 524
100 99-100 200 200 96 86.37616 640 512 768
100 99-100 200 200 96 91.76603 686 548 824
100 99-100 200 200 96 97.46409 1920 1536 2304
100 99-100 200 200 96 102.71415 3200 2559 3841
100 99-100 200 200 96 107.37053 48000 38398 57602
100 99-100 200 200 96 80.16999 331 264 398
100 99-100 200 200 96 85.33775 457 365 549
100 99-100 200 200 96 90.76694 738 590 886
100 99-100 200 200 96 96.37149 1920 1536 2304
100 99-100 200 200 96 101.56271 3200 2559 3841
100 99-100 200 200 96 106.16688 3200 2559 3841
100 99-100 200 200 96 110.97978 48000 38398 57602
100 99-100 200 200 96 82.8649 480 384 576
100 99-100 200 200 96 88.12406 1200 960 1440
100 99-100 200 200 96 93.29401 1920 1536 2304
100 99-100 200 200 96 98.31944 1920 1536 2304
100 99-100 200 200 96 103.61558 2400 1920 2880
100 99-100 200 200 96 108.86544 9600 7679 11521
100 99-100 200 200 384 108.86544 19200 17279 21121
100 99-100 200 200 384 105.5269 5486 4937 6035
100 99-100 200 200 384 107.11473 3491 3141 3841
100 99-100 200 200 384 109.43876 38400 34559 42241
100 99-100 200 200 384 99.07856 2133 1919 2347
100 99-100 200 200 384 101.67673 3840 3455 4225
100 99-100 200 200 384 103.76449 2259 2033 2485
100 99-100 200 200 384 106.44196 4800 4319 5281
100 99-100 200 200 384 108.28695 4267 3840 4694
100 99-100 200 200 384 110.35632 12800 11519 14081
100 99-100 200 200 384 109.32633 9600 8639 10561
100 99-100 200 200 1537 109.32633 9606 9125 10087
100 99-100 200 200 6146 109.32633 7879 7682 8076
100 99-100 200 200 6146 109.51956 7588 7398 7778
100 99-100 200 200 6146 109.73969 7405 7219 7591
100 99-100 200 200 6146 109.97701 8907 8684 9130
100 99-100 200 200 6146 110.07718 9603 9362 9844
100 99-100 200 200 6146 110.11359 7588 7398 7778
100 99-100 200 200 6146 110.33492 8195 7990 8400
100 99-100 200 200 6146 110.50088 8087 7884 8290
100 99-100 200 200 6146 110.67704 11175 10895 11455
100 99-100 200 200 6146 110.56867 8780 8560 9000
100 99-100 200 200 6146 110.68108 7495 7307 7683
100 99-100 200 200 6146 110.91213 11175 10895 11455
100 99-100 200 200 6146 110.80353 9173 8943 9403
100 99-100 200 200 6146 110.87989 11175 10895 11455
100 99-100 200 200 6146 110.77132 7064 6887 7241
100 99-100 200 200 6146 111.04234 10597 10332 10862
100 99-100 200 200 6146 110.9871 8419 8208 8630
100 99-100 200 200 6146 111.13332 13077 12750 13404
100 99-100 200 200 6146 110.84836 10782 10512 11052
100 99-100 200 200 6146 110.77612 9913 9665 10161
