data_dim axes n_training window_size n_sim threshold arl_est arl_lower arl_upper
100 1-2-3-4-5-6-7-8-9-10-11-12-13-14-15-16-17-18-19-20 200 200 96 33 101 80 122
100 1-2-3-4-5-6-7-8-9-10-11-12-13-14-15-16-17-18-19-20 200 200 96 35.17778 116 92 140
100 1-2-3-4-5-6-7-8-9-10-11-12-13-14-15-16-17-18-19-20 200 200 96 37.49576 139 111 167
100 1-2-3-4-5-6-7-8-9-10-11-12-13-14-15-16-17-18-19-20 200 200 96 39.96073 234 187 281
100 1-2-3-4-5-6-7-8-9-10-11-12-13-14-15-16-17-18-19-20 200 200 96 42.56244 417 333 501
100 1-2-3-4-5-6-7-8-9-10-11-12-13-14-15-16-17-18-19-20 200 200 96 45.28162 1371 1096 1646
100 1-2-3-4-5-6-7-8-9-10-11-12-13-14-15-16-17-18-19-20 200 200 96 47.88652 1600 1280 1920
100 1-2-3-4-5-6-7-8-9-10-11-12-13-14-15-16-17-18-19-20 200 200 96 50.56816 48000 38398 57602
100 1-2-3-4-5-6-7-8-9-10-11-12-13-14-15-16-17-18-19-20 200 200 96 37.75756 143 114 172
100 1-2-3-4-5-6-7-8-9-10-11-12-13-14-15-16-17-18-19-20 200 200 96 40.23873 310 248 372
100 1-2-3-4-5-6-7-8-9-10-11-12-13-14-15-16-17-18-19-20 200 200 96 42.83816 436 348 524
100 1-2-3-4-5-6-7-8-9-10-11-12-13-14-15-16-17-18-19-20 200 200 96 45.56952 960 768 1152
100 1-2-3-4-5-6-7-8-9-10-11-12-13-14-15-16-17-18-19-20 200 200 96 48.31584 9600 7679 11521
100 1-2-3-4-5-6-7-8-9-10-11-12-13-14-15-16-17-18-19-20 200 200 384 48.31584 2954 2658 3250
100 1-2-3-4-5-6-7-8-9-10-11-12-13-14-15-16-17-18-19-20 200 200 384 49.45062 2743 2468 3018
100 1-2-3-4-5-6-7-8-9-10-11-12-13-14-15-16-17-18-19-20 200 200 384 50.64683 6400 5759 7041
100 1-2-3-4-5-6-7-8-9-10-11-12-13-14-15-16-17-18-19-20 200 200 384 51.25459 3200 2879 3521
100 1-2-3-4-5-6-7-8-9-10-11-12-13-14-15-16-17-18-19-20 200 200 384 52.41636 12800 11519 14081
100 1-2-3-4-5-6-7-8-9-10-11-12-13-14-15-16-17-18-19-20 200 200 384 51.92714 4267 3840 4694
100 1-2-3-4-5-6-7-8-9-10-11-12-13-14-15-16-17-18-19-20 200 200 384 52.91947 9600 8639 10561
100 1-2-3-4-5-6-7-8-9-10-11-12-13-14-15-16-17-18-19-20 200 200 1537 52.91947 8539 8112 8966
100 1-2-3-4-5-6-7-8-9-10-11-12-13-14-15-16-17-18-19-20 200 200 1537 53.04833 12808 12167 13449
100 1-2-3-4-5-6-7-8-9-10-11-12-13-14-15-16-17-18-19-20 200 200 1537 52.80006 6404 6083 6725
100 1-2-3-4-5-6-7-8-9-10-11-12-13-14-15-16-17-18-19-20 200 200 1537 53.11651 19212 18251 20173
100 1-2-3-4-5-6-7-8-9-10-11-12-13-14-15-16-17-18-19-20 200 200 1537 52.301 9041 8589 9493
100 1-2-3-4-5-6-7-8-9-10-11-12-13-14-15-16-17-18-19-20 200 200 1537 52.38459 10979 10430 11528
100 1-2-3-4-5-6-7-8-9-10-11-12-13-14-15-16-17-18-19-20 200 200 1537 52.29912 6986 6636 7336
100 1-2-3-4-5-6-7-8-9-10-11-12-13-14-15-16-17-18-19-20 200 200 1537 52.56183 10979 10430 11528
100 1-2-3-4-5-6-7-8-9-10-11-12-13-14-15-16-17-18-19-20 200 200 1537 52.47607 8539 8112 8966
100 1-2-3-4-5-6-7-8-9-10-11-12-13-14-15-16-17-18-19-20 200 200 1537 52.60385 8539 8112 8966
100 1-2-3-4-5-6-7-8-9-10-11-12-13-14-15-16-17-18-19-20 200 200 1537 52.73194 11823 11231 12415
100 1-2-3-4-5-6-7-8-9-10-11-12-13-14-15-16-17-18-19-20 200 200 1537 52.57172 10979 10430 11528
100 1-2-3-4-5-6-7-8-9-10-11-12-13-14-15-16-17-18-19-20 200 200 1537 52.48594 8539 8112 8966
100 1-2-3-4-5-6-7-8-9-10-11-12-13-14-15-16-17-18-19-20 200 200 1537 52.61375 6683 6348 7018
100 1-2-3-4-5-6-7-8-9-10-11-12-13-14-15-16-17-18-19-20 200 200 1537 52.90461 11823 11231 12415
100 1-2-3-4-5-6-7-8-9-10-11-12-13-14-15-16-17-18-19-20 200 200 1537 52.74387 11823 11231 12415
100 1-2-3-4-5-6-7-8-9-10-11-12-13-14-15-16-17-18-19-20 200 200 1537 52.58362 11823 11231 12415
100 1-2-3-4-5-6-7-8-9-10-11-12-13-14-15-16-17-18-19-20 200 200 1537 52.42385 7685 7300 8070
100 1-2-3-4-5-6-7-8-9-10-11-12-13-14-15-16-17-18-19-20 200 200 1537 52.62612 13973 13274 14672
100 1-2-3-4-5-6-7-8-9-10-11-12-13-14-15-16-17-18-19-20 200 200 1537 52.27765 10979 10430 11528
100 1-2-3-4-5-6-7-8-9-10-11-12-13-14-15-16-17-18-19-20 200 200 1537 52.19235 9041 8589 9493
100 1-2-3-4-5-6-7-8-9-10-11-12-13-14-15-16-17-18-19-20 200 200 1537 52.27577 8089 7684 8494
100 1-2-3-4-5-6-7-8-9-10-11-12-13-14-15-16-17-18-19-20 200 200 1537 52.44227 10247 9734 10760
100 1-2-3-4-5-6-7-8-9-10-11-12-13-14-15-16-17-18-19-20 200 200 6146 52.44227 7495 7307 7683
100 1-2-3-4-5-6-7-8-9-10-11-12-13-14-15-16-17-18-19-20 200 200 6146 52.55174 11381 11096 11666
100 1-2-3-4-5-6-7-8-9-10-11-12-13-14-15-16-17-18-19-20 200 200 6146 52.49126 9913 9665 10161
