data_dim axes n_training window_size n_sim threshold arl_est arl_lower arl_upper
100 81-82-83-84-85-86-87-88-89-90-91-92-93-94-95-96-97-98-99-100 200 200 96 33 100 80 120
100 81-82-83-84-85-86-87-88-89-90-91-92-93-94-95-96-97-98-99-100 200 200 96 35.178 100 80 120
100 81-82-83-84-85-86-87-88-89-90-91-92-93-94-95-96-97-98-99-100 200 200 96 37.49975 100 80 120
100 81-82-83-84-85-86-87-88-89-90-91-92-93-94-95-96-97-98-99-100 200 200 96 39.97473 100 80 120
100 81-82-83-84-85-86-87-88-89-90-91-92-93-94-95-96-97-98-99-100 200 200 96 42.61306 100 80 120
100 81-82-83-84-85-86-87-88-89-90-91-92-93-94-95-96-97-98-99-100 200 200 96 45.42553 100 80 120
100 81-82-83-84-85-86-87-88-89-90-91-92-93-94-95-96-97-98-99-100 200 200 96 48.42361 100 80 120
100 81-82-83-84-85-86-87-88-89-90-91-92-93-94-95-96-97-98-99-100 200 200 96 51.61957 100 80 120
100 81-82-83-84-85-86-87-88-89-90-91-92-93-94-95-96-97-98-99-100 200 200 96 55.02646 100 80 120
100 81-82-83-84-85-86-87-88-89-90-91-92-93-94-95-96-97-98-99-100 200 200 96 58.65821 100 80 120
100 81-82-83-84-85-86-87-88-89-90-91-92-93-94-95-96-97-98-99-100 200 200 96 62.52965 100 80 120
100 81-82-83-84-85-86-87-88-89-90-91-92-93-94-95-96-97-98-99-100 200 200 96 66.65661 100 80 120
100 81-82-83-84-85-86-87-88-89-90-91-92-93-94-95-96-97-98-99-100 200 200 96 71.05594 100 80 120
100 81-82-83-84-85-86-87-88-89-90-91-92-93-94-95-96-97-98-99-100 200 200 96 75.74563 100 80 120
100 81-82-83-84-85-86-87-88-89-90-91-92-93-94-95-96-97-98-99-100 200 200 96 80.74485 100 80 120
100 81-82-83-84-85-86-87-88-89-90-91-92-93-94-95-96-97-98-99-100 200 200 96 86.074 100 80 120
100 81-82-83-84-85-86-87-88-89-90-91-92-93-94-95-96-97-98-99-100 200 200 96 91.75489 100 80 120
100 81-82-83-84-85-86-87-88-89-90-91-92-93-94-95-96-97-98-99-100 200 200 96 97.81071 100 80 120
100 81-82-83-84-85-86-87-88-89-90-91-92-93-94-95-96-97-98-99-100 200 200 96 104.26622 100 80 120
100 81-82-83-84-85-86-87-88-89-90-91-92-93-94-95-96-97-98-99-100 200 200 96 111.14779 100 80 120
100 81-82-83-84-85-86-87-88-89-90-91-92-93-94-95-96-97-98-99-100 200 200 96 118.48354 100 80 120
100 81-82-83-84-85-86-87-88-89-90-91-92-93-94-95-96-97-98-99-100 200 200 96 126.30346 100 80 120
100 81-82-83-84-85-86-87-88-89-90-91-92-93-94-95-96-97-98-99-100 200 200 96 134.63949 100 80 120
100 81-82-83-84-85-86-87-88-89-90-91-92-93-94-95-96-97-98-99-100 200 200 96 143.52569 100 80 120
100 81-82-83-84-85-86-87-88-89-90-91-92-93-94-95-96-97-98-99-100 200 200 96 152.99839 100 80 120
100 81-82-83-84-85-86-87-88-89-90-91-92-93-94-95-96-97-98-99-100 200 200 96 163.09628 100 80 120
100 81-82-83-84-85-86-87-88-89-90-91-92-93-94-95-96-97-98-99-100 200 200 96 173.86064 100 80 120
100 81-82-83-84-85-86-87-88-89-90-91-92-93-94-95-96-97-98-99-100 200 200 96 185.33544 100 80 120
100 81-82-83-84-85-86-87-88-89-90-91-92-93-94-95-96-97-98-99-100 200 200 96 197.56758 100 80 120
100 81-82-83-84-85-86-87-88-89-90-91-92-93-94-95-96-97-98-99-100 200 200 96 210.60704 100 80 120
100 81-82-83-84-85-86-87-88-89-90-91-92-93-94-95-96-97-98-99-100 200 200 96 224.5071 100 80 120
100 81-82-83-84-85-86-87-88-89-90-91-92-93-94-95-96-97-98-99-100 200 200 96 239.32457 100 80 120
100 81-82-83-84-85-86-87-88-89-90-91-92-93-94-95-96-97-98-99-100 200 200 96 255.11999 100 80 120
100 81-82-83-84-85-86-87-88-89-90-91-92-93-94-95-96-97-98-99-100 200 200 96 271.95791 100 80 120
100 81-82-83-84-85-86-87-88-89-90-91-92-93-94-95-96-97-98-99-100 200 200 96 289.90713 100 80 120
100 81-82-83-84-85-86-87-88-89-90-91-92-93-94-95-96-97-98-99-100 200 200 96 309.041 100 80 120
100 81-82-83-84-85-86-87-88-89-90-91-92-93-94-95-96-97-98-99-100 200 200 96 329.43771 100 80 120
100 81-82-83-84-85-86-87-88-89-90-91-92-93-94-95-96-97-98-99-100 200 200 96 351.1806 100 80 120
100 81-82-83-84-85-86-87-88-89-90-91-92-93-94-95-96-97-98-99-100 200 200 96 374.35852 100 80 120
100 81-82-83-84-85-86-87-88-89-90-91-92-93-94-95-96-97-98-99-100 200 200 96 399.06618 100 80 120
100 81-82-83-84-85-86-87-88-89-90-91-92-93-94-95-96-97-98-99-100 200 200 96 425.40455 100 80 120
100 81-82-83-84-85-86-87-88-89-90-91-92-93-94-95-96-97-98-99-100 200 200 96 453.48125 100 80 120
100 81-82-83-84-85-86-87-88-89-90-91-92-93-94-95-96-97-98-99-100 200 200 96 483.41101 100 80 120
100 81-82-83-84-85-86-87-88-89-90-91-92-93-94-95-96-97-98-99-100 200 200 96 515.31614 102 81 123
100 81-82-83-84-85-86-87-88-89-90-91-92-93-94-95-96-97-98-99-100 200 200 96 549.32013 107 85 129
100 81-82-83-84-85-86-87-88-89-90-91-92-93-94-95-96-97-98-99-100 200 200 96 585.54962 141 112 170
100 81-82-83-84-85-86-87-88-89-90-91-92-93-94-95-96-97-98-99-100 200 200 96 624.03585 223 178 268
100 81-82-83-84-85-86-87-88-89-90-91-92-93-94-95-96-97-98-99-100 200 200 96 664.71051 960 768 1152
100 81-82-83-84-85-86-87-88-89-90-91-92-93-94-95-96-97-98-99-100 200 200 96 704.77039 2400 1920 2880
100 81-82-83-84-85-86-87-88-89-90-91-92-93-94-95-96-97-98-99-100 200 200 96 740.47876 48000 38398 57602
100 81-82-83-84-85-86-87-88-89-90-91-92-93-94-95-96-97-98-99-100 200 200 96 552.89081 107 85 129
100 81-82-83-84-85-86-87-88-89-90-91-92-93-94-95-96-97-98-99-100 200 200 96 589.3558 150 120 180
100 81-82-83-84-85-86-87-88-89-90-91-92-93-94-95-96-97-98-99-100 200 200 96 628.05683 267 213 321
100 81-82-83-84-85-86-87-88-89-90-91-92-93-94-95-96-97-98-99-100 200 200 96 668.80934 873 698 1048
100 81-82-83-84-85-86-87-88-89-90-91-92-93-94-95-96-97-98-99-100 200 200 96 709.50416 2400 1920 2880
100 81-82-83-84-85-86-87-88-89-90-91-92-93-94-95-96-97-98-99-100 200 200 96 745.45237 48000 38398 57602
100 81-82-83-84-85-86-87-88-89-90-91-92-93-94-95-96-97-98-99-100 200 200 96 556.60444 110 88 132
100 81-82-83-84-85-86-87-88-89-90-91-92-93-94-95-96-97-98-99-100 200 200 96 593.30322 168 134 202
100 81-82-83-84-85-86-87-88-89-90-91-92-93-94-95-96-97-98-99-100 200 200 96 632.19227 246 196 296
100 81-82-83-84-85-86-87-88-89-90-91-92-93-94-95-96-97-98-99-100 200 200 96 673.30163 1067 853 1281
100 81-82-83-84-85-86-87-88-89-90-91-92-93-94-95-96-97-98-99-100 200 200 96 713.39899 3200 2559 3841
100 81-82-83-84-85-86-87-88-89-90-91-92-93-94-95-96-97-98-99-100 200 200 96 745.73974 9600 7679 11521
100 81-82-83-84-85-86-87-88-89-90-91-92-93-94-95-96-97-98-99-100 200 200 384 745.73974 9600 8639 10561
100 81-82-83-84-85-86-87-88-89-90-91-92-93-94-95-96-97-98-99-100 200 200 1537 745.73974 11823 11231 12415
100 81-82-83-84-85-86-87-88-89-90-91-92-93-94-95-96-97-98-99-100 200 200 1537 743.47393 19212 18251 20173
100 81-82-83-84-85-86-87-88-89-90-91-92-93-94-95-96-97-98-99-100 200 200 1537 732.05913 12808 12167 13449
100 81-82-83-84-85-86-87-88-89-90-91-92-93-94-95-96-97-98-99-100 200 200 1537 728.63309 7685 7300 8070
100 81-82-83-84-85-86-87-88-89-90-91-92-93-94-95-96-97-98-99-100 200 200 1537 731.4444 13973 13274 14672
100 81-82-83-84-85-86-87-88-89-90-91-92-93-94-95-96-97-98-99-100 200 200 1537 726.60102 7685 7300 8070
100 81-82-83-84-85-86-87-88-89-90-91-92-93-94-95-96-97-98-99-100 200 200 1537 729.40449 11823 11231 12415
100 81-82-83-84-85-86-87-88-89-90-91-92-93-94-95-96-97-98-99-100 200 200 1537 727.18832 9606 9125 10087
100 81-82-83-84-85-86-87-88-89-90-91-92-93-94-95-96-97-98-99-100 200 200 6146 727.18832 9312 9079 9545
100 81-82-83-84-85-86-87-88-89-90-91-92-93-94-95-96-97-98-99-100 200 200 6146 727.60524 7780 7585 7975
100 81-82-83-84-85-86-87-88-89-90-91-92-93-94-95-96-97-98-99-100 200 200 6146 728.95131 7982 7782 8182
100 81-82-83-84-85-86-87-88-89-90-91-92-93-94-95-96-97-98-99-100 200 200 6146 730.17716 10417 10156 10678
100 81-82-83-84-85-86-87-88-89-90-91-92-93-94-95-96-97-98-99-100 200 200 6146 729.92342 9173 8943 9403
100 81-82-83-84-85-86-87-88-89-90-91-92-93-94-95-96-97-98-99-100 200 200 6146 730.42646 9455 9218 9692
100 81-82-83-84-85-86-87-88-89-90-91-92-93-94-95-96-97-98-99-100 200 200 6146 730.7582 10597 10332 10862
100 81-82-83-84-85-86-87-88-89-90-91-92-93-94-95-96-97-98-99-100 200 200 6146 730.39465 7682 7489 7875
100 81-82-83-84-85-86-87-88-89-90-91-92-93-94-95-96-97-98-99-100 200 200 6146 731.80553 9173 8943 9403
100 81-82-83-84-85-86-87-88-89-90-91-92-93-94-95-96-97-98-99-100 200 200 6146 732.30986 12804 12483 13125
100 81-82-83-84-85-86-87-88-89-90-91-92-93-94-95-96-97-98-99-100 200 200 6146 730.5987 9455 9218 9692
100 81-82-83-84-85-86-87-88-89-90-91-92-93-94-95-96-97-98-99-100 200 200 6146 730.93051 10417 10156 10678
100 81-82-83-84-85-86-87-88-89-90-91-92-93-94-95-96-97-98-99-100 200 200 6146 730.67651 10075 9823 10327
