data_dim axes n_training window_size n_sim threshold arl_est arl_lower arl_upper
500 474-477-485-476-479-467-470-480-473-475-481-471-466-468-472-483-487-489-478-491-465-469-482-486-488-484-493-495-463-464-490-496-461-498-455-456-462-494-499-459-492-497-500-453-457-460-458 1000 200 96 65.4 100 80 120
500 474-477-485-476-479-467-470-480-473-475-481-471-466-468-472-483-487-489-478-491-465-469-482-486-488-484-493-495-463-464-490-496-461-498-455-456-462-494-499-459-492-497-500-453-457-460-458 1000 200 96 69.7164 100 80 120
500 474-477-485-476-479-467-470-480-473-475-481-471-466-468-472-483-487-489-478-491-465-469-482-486-488-484-493-495-463-464-490-496-461-498-455-456-462-494-499-459-492-497-500-453-457-460-458 1000 200 96 74.31768 100 80 120
500 474-477-485-476-479-467-470-480-473-475-481-471-466-468-472-483-487-489-478-491-465-469-482-486-488-484-493-495-463-464-490-496-461-498-455-456-462-494-499-459-492-497-500-453-457-460-458 1000 200 96 79.22265 100 80 120
500 474-477-485-476-479-467-470-480-473-475-481-471-466-468-472-483-487-489-478-491-465-469-482-486-488-484-493-495-463-464-490-496-461-498-455-456-462-494-499-459-492-497-500-453-457-460-458 1000 200 96 84.45134 100 80 120
500 474-477-485-476-479-467-470-480-473-475-481-471-466-468-472-483-487-489-478-491-465-469-482-486-488-484-493-495-463-464-490-496-461-498-455-456-462-494-499-459-492-497-500-453-457-460-458 1000 200 96 90.02513 100 80 120
500 474-477-485-476-479-467-470-480-473-475-481-471-466-468-472-483-487-489-478-491-465-469-482-486-488-484-493-495-463-464-490-496-461-498-455-456-462-494-499-459-492-497-500-453-457-460-458 1000 200 96 95.96679 100 80 120
500 474-477-485-476-479-467-470-480-473-475-481-471-466-468-472-483-487-489-478-491-465-469-482-486-488-484-493-495-463-464-490-496-461-498-455-456-462-494-499-459-492-497-500-453-457-460-458 1000 200 96 102.3006 100 80 120
500 474-477-485-476-479-467-470-480-473-475-481-471-466-468-472-483-487-489-478-491-465-469-482-486-488-484-493-495-463-464-490-496-461-498-455-456-462-494-499-459-492-497-500-453-457-460-458 1000 200 96 109.05244 100 80 120
500 474-477-485-476-479-467-470-480-473-475-481-471-466-468-472-483-487-489-478-491-465-469-482-486-488-484-493-495-463-464-490-496-461-498-455-456-462-494-499-459-492-497-500-453-457-460-458 1000 200 96 116.2499 100 80 120
500 474-477-485-476-479-467-470-480-473-475-481-471-466-468-472-483-487-489-478-491-465-469-482-486-488-484-493-495-463-464-490-496-461-498-455-456-462-494-499-459-492-497-500-453-457-460-458 1000 200 96 123.92239 100 80 120
500 474-477-485-476-479-467-470-480-473-475-481-471-466-468-472-483-487-489-478-491-465-469-482-486-488-484-493-495-463-464-490-496-461-498-455-456-462-494-499-459-492-497-500-453-457-460-458 1000 200 96 132.10127 100 80 120
500 474-477-485-476-479-467-470-480-473-475-481-471-466-468-472-483-487-489-478-491-465-469-482-486-488-484-493-495-463-464-490-496-461-498-455-456-462-494-499-459-492-497-500-453-457-460-458 1000 200 96 140.81996 100 80 120
500 474-477-485-476-479-467-470-480-473-475-481-471-466-468-472-483-487-489-478-491-465-469-482-486-488-484-493-495-463-464-490-496-461-498-455-456-462-494-499-459-492-497-500-453-457-460-458 1000 200 96 150.11407 100 80 120
500 474-477-485-476-479-467-470-480-473-475-481-471-466-468-472-483-487-489-478-491-465-469-482-486-488-484-493-495-463-464-490-496-461-498-455-456-462-494-499-459-492-497-500-453-457-460-458 1000 200 96 160.0216 100 80 120
500 474-477-485-476-479-467-470-480-473-475-481-471-466-468-472-483-487-489-478-491-465-469-482-486-488-484-493-495-463-464-490-496-461-498-455-456-462-494-499-459-492-497-500-453-457-460-458 1000 200 96 170.58303 100 80 120
500 474-477-485-476-479-467-470-480-473-475-481-471-466-468-472-483-487-489-478-491-465-469-482-486-488-484-493-495-463-464-490-496-461-498-455-456-462-494-499-459-492-497-500-453-457-460-458 1000 200 96 181.84151 100 80 120
500 474-477-485-476-479-467-470-480-473-475-481-471-466-468-472-483-487-489-478-491-465-469-482-486-488-484-493-495-463-464-490-496-461-498-455-456-462-494-499-459-492-497-500-453-457-460-458 1000 200 96 193.84305 100 80 120
500 474-477-485-476-479-467-470-480-473-475-481-471-466-468-472-483-487-489-478-491-465-469-482-486-488-484-493-495-463-464-490-496-461-498-455-456-462-494-499-459-492-497-500-453-457-460-458 1000 200 96 206.63669 100 80 120
500 474-477-485-476-479-467-470-480-473-475-481-471-466-468-472-483-487-489-478-491-465-469-482-486-488-484-493-495-463-464-490-496-461-498-455-456-462-494-499-459-492-497-500-453-457-460-458 1000 200 96 220.27471 100 80 120
500 474-477-485-476-479-467-470-480-473-475-481-471-466-468-472-483-487-489-478-491-465-469-482-486-488-484-493-495-463-464-490-496-461-498-455-456-462-494-499-459-492-497-500-453-457-460-458 1000 200 96 234.81284 100 80 120
500 474-477-485-476-479-467-470-480-473-475-481-471-466-468-472-483-487-489-478-491-465-469-482-486-488-484-493-495-463-464-490-496-461-498-455-456-462-494-499-459-492-497-500-453-457-460-458 1000 200 96 250.31049 100 80 120
500 474-477-485-476-479-467-470-480-473-475-481-471-466-468-472-483-487-489-478-491-465-469-482-486-488-484-493-495-463-464-490-496-461-498-455-456-462-494-499-459-492-497-500-453-457-460-458 1000 200 96 266.83098 100 80 120
500 474-477-485-476-479-467-470-480-473-475-481-471-466-468-472-483-487-489-478-491-465-469-482-486-488-484-493-495-463-464-490-496-461-498-455-456-462-494-499-459-492-497-500-453-457-460-458 1000 200 96 284.44182 100 80 120
500 474-477-485-476-479-467-470-480-473-475-481-471-466-468-472-483-487-489-478-491-465-469-482-486-488-484-493-495-463-464-490-496-461-498-455-456-462-494-499-459-492-497-500-453-457-460-458 1000 200 96 303.21499 100 80 120
500 474-477-485-476-479-467-470-480-473-475-481-471-466-468-472-483-487-489-478-491-465-469-482-486-488-484-493-495-463-464-490-496-461-498-455-456-462-494-499-459-492-497-500-453-457-460-458 1000 200 96 323.22717 100 80 120
500 474-477-485-476-479-467-470-480-473-475-481-471-466-468-472-483-487-489-478-491-465-469-482-486-488-484-493-495-463-464-490-496-461-498-455-456-462-494-499-459-492-497-500-453-457-460-458 1000 200 96 344.56017 100 80 120
500 474-477-485-476-479-467-470-480-473-475-481-471-466-468-472-483-487-489-478-491-465-469-482-486-488-484-493-495-463-464-490-496-461-498-455-456-462-494-499-459-492-497-500-453-457-460-458 1000 200 96 367.30114 100 80 120
500 474-477-485-476-479-467-470-480-473-475-481-471-466-468-472-483-487-489-478-491-465-469-482-486-488-484-493-495-463-464-490-496-461-498-455-456-462-494-499-459-492-497-500-453-457-460-458 1000 200 96 391.54301 100 80 120
500 474-477-485-476-479-467-470-480-473-475-481-471-466-468-472-483-487-489-478-491-465-469-482-486-488-484-493-495-463-464-490-496-461-498-455-456-462-494-499-459-492-497-500-453-457-460-458 1000 200 96 417.38485 100 80 120
500 474-477-485-476-479-467-470-480-473-475-481-471-466-468-472-483-487-489-478-491-465-469-482-486-488-484-493-495-463-464-490-496-461-498-455-456-462-494-499-459-492-497-500-453-457-460-458 1000 200 96 444.93225 100 80 120
500 474-477-485-476-479-467-470-480-473-475-481-471-466-468-472-483-487-489-478-491-465-469-482-486-488-484-493-495-463-464-490-496-461-498-455-456-462-494-499-459-492-497-500-453-457-460-458 1000 200 96 474.29778 100 80 120
500 474-477-485-476-479-467-470-480-473-475-481-471-466-468-472-483-487-489-478-491-465-469-482-486-488-484-493-495-463-464-490-496-461-498-455-456-462-494-499-459-492-497-500-453-457-460-458 1000 200 96 505.60144 100 80 120
500 474-477-485-476-479-467-470-480-473-475-481-471-466-468-472-483-487-489-478-491-465-469-482-486-488-484-493-495-463-464-490-496-461-498-455-456-462-494-499-459-492-497-500-453-457-460-458 1000 200 96 538.97113 100 80 120
500 474-477-485-476-479-467-470-480-473-475-481-471-466-468-472-483-487-489-478-491-465-469-482-486-488-484-493-495-463-464-490-496-461-498-455-456-462-494-499-459-492-497-500-453-457-460-458 1000 200 96 574.54322 100 80 120
500 474-477-485-476-479-467-470-480-473-475-481-471-466-468-472-483-487-489-478-491-465-469-482-486-488-484-493-495-463-464-490-496-461-498-455-456-462-494-499-459-492-497-500-453-457-460-458 1000 200 96 612.46308 100 80 120
500 474-477-485-476-479-467-470-480-473-475-481-471-466-468-472-483-487-489-478-491-465-469-482-486-488-484-493-495-463-464-490-496-461-498-455-456-462-494-499-459-492-497-500-453-457-460-458 1000 200 96 652.88564 100 80 120
500 474-477-485-476-479-467-470-480-473-475-481-471-466-468-472-483-487-489-478-491-465-469-482-486-488-484-493-495-463-464-490-496-461-498-455-456-462-494-499-459-492-497-500-453-457-460-458 1000 200 96 695.97609 100 80 120
500 474-477-485-476-479-467-470-480-473-475-481-471-466-468-472-483-487-489-478-491-465-469-482-486-488-484-493-495-463-464-490-496-461-498-455-456-462-494-499-459-492-497-500-453-457-460-458 1000 200 96 741.91052 100 80 120
500 474-477-485-476-479-467-470-480-473-475-481-471-466-468-472-483-487-489-478-491-465-469-482-486-488-484-493-495-463-464-490-496-461-498-455-456-462-494-499-459-492-497-500-453-457-460-458 1000 200 96 790.87661 100 80 120
500 474-477-485-476-479-467-470-480-473-475-481-471-466-468-472-483-487-489-478-491-465-469-482-486-488-484-493-495-463-464-490-496-461-498-455-456-462-494-499-459-492-497-500-453-457-460-458 1000 200 96 843.07447 100 80 120
500 474-477-485-476-479-467-470-480-473-475-481-471-466-468-472-483-487-489-478-491-465-469-482-486-488-484-493-495-463-464-490-496-461-498-455-456-462-494-499-459-492-497-500-453-457-460-458 1000 200 96 898.71738 100 80 120
500 474-477-485-476-479-467-470-480-473-475-481-471-466-468-472-483-487-489-478-491-465-469-482-486-488-484-493-495-463-464-490-496-461-498-455-456-462-494-499-459-492-497-500-453-457-460-458 1000 200 96 958.03273 100 80 120
500 474-477-485-476-479-467-470-480-473-475-481-471-466-468-472-483-487-489-478-491-465-469-482-486-488-484-493-495-463-464-490-496-461-498-455-456-462-494-499-459-492-497-500-453-457-460-458 1000 200 96 1021.26289 100 80 120
500 474-477-485-476-479-467-470-480-473-475-481-471-466-468-472-483-487-489-478-491-465-469-482-486-488-484-493-495-463-464-490-496-461-498-455-456-462-494-499-459-492-497-500-453-457-460-458 1000 200 96 1088.66624 100 80 120
500 474-477-485-476-479-467-470-480-473-475-481-471-466-468-472-483-487-489-478-491-465-469-482-486-488-484-493-495-463-464-490-496-461-498-455-456-462-494-499-459-492-497-500-453-457-460-458 1000 200 96 1160.51821 100 80 120
500 474-477-485-476-479-467-470-480-473-475-481-471-466-468-472-483-487-489-478-491-465-469-482-486-488-484-493-495-463-464-490-496-461-498-455-456-462-494-499-459-492-497-500-453-457-460-458 1000 200 96 1237.11241 100 80 120
500 474-477-485-476-479-467-470-480-473-475-481-471-466-468-472-483-487-489-478-491-465-469-482-486-488-484-493-495-463-464-490-496-461-498-455-456-462-494-499-459-492-497-500-453-457-460-458 1000 200 96 1318.76183 100 80 120
500 474-477-485-476-479-467-470-480-473-475-481-471-466-468-472-483-487-489-478-491-465-469-482-486-488-484-493-495-463-464-490-496-461-498-455-456-462-494-499-459-492-497-500-453-457-460-458 1000 200 96 1405.80011 100 80 120
500 474-477-485-476-479-467-470-480-473-475-481-471-466-468-472-483-487-489-478-491-465-469-482-486-488-484-493-495-463-464-490-496-461-498-455-456-462-494-499-459-492-497-500-453-457-460-458 1000 200 96 1498.58292 100 80 120
500 474-477-485-476-479-467-470-480-473-475-481-471-466-468-472-483-487-489-478-491-465-469-482-486-488-484-493-495-463-464-490-496-461-498-455-456-462-494-499-459-492-497-500-453-457-460-458 1000 200 96 1597.48939 100 80 120
500 474-477-485-476-479-467-470-480-473-475-481-471-466-468-472-483-487-489-478-491-465-469-482-486-488-484-493-495-463-464-490-496-461-498-455-456-462-494-499-459-492-497-500-453-457-460-458 1000 200 96 1702.92369 100 80 120
500 474-477-485-476-479-467-470-480-473-475-481-471-466-468-472-483-487-489-478-491-465-469-482-486-488-484-493-495-463-464-490-496-461-498-455-456-462-494-499-459-492-497-500-453-457-460-458 1000 200 96 1815.31666 100 80 120
500 474-477-485-476-479-467-470-480-473-475-481-471-466-468-472-483-487-489-478-491-465-469-482-486-488-484-493-495-463-464-490-496-461-498-455-456-462-494-499-459-492-497-500-453-457-460-458 1000 200 96 1935.12755 100 80 120
500 474-477-485-476-479-467-470-480-473-475-481-471-466-468-472-483-487-489-478-491-465-469-482-486-488-484-493-495-463-464-490-496-461-498-455-456-462-494-499-459-492-497-500-453-457-460-458 1000 200 96 2062.84597 100 80 120
500 474-477-485-476-479-467-470-480-473-475-481-471-466-468-472-483-487-489-478-491-465-469-482-486-488-484-493-495-463-464-490-496-461-498-455-456-462-494-499-459-492-497-500-453-457-460-458 1000 200 96 2198.99381 100 80 120
500 474-477-485-476-479-467-470-480-473-475-481-471-466-468-472-483-487-489-478-491-465-469-482-486-488-484-493-495-463-464-490-496-461-498-455-456-462-494-499-459-492-497-500-453-457-460-458 1000 200 96 2344.1274 100 80 120
500 474-477-485-476-479-467-470-480-473-475-481-471-466-468-472-483-487-489-478-491-465-469-482-486-488-484-493-495-463-464-490-496-461-498-455-456-462-494-499-459-492-497-500-453-457-460-458 1000 200 96 2498.83981 100 80 120
500 474-477-485-476-479-467-470-480-473-475-481-471-466-468-472-483-487-489-478-491-465-469-482-486-488-484-493-495-463-464-490-496-461-498-455-456-462-494-499-459-492-497-500-453-457-460-458 1000 200 96 2663.76323 103 82 124
500 474-477-485-476-479-467-470-480-473-475-481-471-466-468-472-483-487-489-478-491-465-469-482-486-488-484-493-495-463-464-490-496-461-498-455-456-462-494-499-459-492-497-500-453-457-460-458 1000 200 96 2839.51833 178 142 214
500 474-477-485-476-479-467-470-480-473-475-481-471-466-468-472-483-487-489-478-491-465-469-482-486-488-484-493-495-463-464-490-496-461-498-455-456-462-494-499-459-492-497-500-453-457-460-458 1000 200 96 3025.44999 1371 1096 1646
500 474-477-485-476-479-467-470-480-473-475-481-471-466-468-472-483-487-489-478-491-465-469-482-486-488-484-493-495-463-464-490-496-461-498-455-456-462-494-499-459-492-497-500-453-457-460-458 1000 200 96 3199.49405 48000 38398 57602
500 474-477-485-476-479-467-470-480-473-475-481-471-466-468-472-483-487-489-478-491-465-469-482-486-488-484-493-495-463-464-490-496-461-498-455-456-462-494-499-459-492-497-500-453-457-460-458 1000 200 96 2388.95555 100 80 120
500 474-477-485-476-479-467-470-480-473-475-481-471-466-468-472-483-487-489-478-491-465-469-482-486-488-484-493-495-463-464-490-496-461-498-455-456-462-494-499-459-492-497-500-453-457-460-458 1000 200 96 2546.62662 100 80 120
500 474-477-485-476-479-467-470-480-473-475-481-471-466-468-472-483-487-489-478-491-465-469-482-486-488-484-493-495-463-464-490-496-461-498-455-456-462-494-499-459-492-497-500-453-457-460-458 1000 200 96 2714.70398 113 90 136
500 474-477-485-476-479-467-470-480-473-475-481-471-466-468-472-483-487-489-478-491-465-469-482-486-488-484-493-495-463-464-490-496-461-498-455-456-462-494-499-459-492-497-500-453-457-460-458 1000 200 96 2893.63917 246 196 296
500 474-477-485-476-479-467-470-480-473-475-481-471-466-468-472-483-487-489-478-491-465-469-482-486-488-484-493-495-463-464-490-496-461-498-455-456-462-494-499-459-492-497-500-453-457-460-458 1000 200 96 3081.80288 4800 3839 5761
500 474-477-485-476-479-467-470-480-473-475-481-471-466-468-472-483-487-489-478-491-465-469-482-486-488-484-493-495-463-464-490-496-461-498-455-456-462-494-499-459-492-497-500-453-457-460-458 1000 200 96 3188.63871 9600 7679 11521
500 474-477-485-476-479-467-470-480-473-475-481-471-466-468-472-483-487-489-478-491-465-469-482-486-488-484-493-495-463-464-490-496-461-498-455-456-462-494-499-459-492-497-500-453-457-460-458 1000 200 384 3188.63871 192000 172796 211204
500 474-477-485-476-479-467-470-480-473-475-481-471-466-468-472-483-487-489-478-491-465-469-482-486-488-484-493-495-463-464-490-496-461-498-455-456-462-494-499-459-492-497-500-453-457-460-458 1000 200 384 1254.19789 100 90 110
500 474-477-485-476-479-467-470-480-473-475-481-471-466-468-472-483-487-489-478-491-465-469-482-486-488-484-493-495-463-464-490-496-461-498-455-456-462-494-499-459-492-497-500-453-457-460-458 1000 200 384 1295.58642 100 90 110
500 474-477-485-476-479-467-470-480-473-475-481-471-466-468-472-483-487-489-478-491-465-469-482-486-488-484-493-495-463-464-490-496-461-498-455-456-462-494-499-459-492-497-500-453-457-460-458 1000 200 384 1338.34077 100 90 110
500 474-477-485-476-479-467-470-480-473-475-481-471-466-468-472-483-487-489-478-491-465-469-482-486-488-484-493-495-463-464-490-496-461-498-455-456-462-494-499-459-492-497-500-453-457-460-458 1000 200 384 1382.50602 100 90 110
500 474-477-485-476-479-467-470-480-473-475-481-471-466-468-472-483-487-489-478-491-465-469-482-486-488-484-493-495-463-464-490-496-461-498-455-456-462-494-499-459-492-497-500-453-457-460-458 1000 200 384 1428.12872 100 90 110
500 474-477-485-476-479-467-470-480-473-475-481-471-466-468-472-483-487-489-478-491-465-469-482-486-488-484-493-495-463-464-490-496-461-498-455-456-462-494-499-459-492-497-500-453-457-460-458 1000 200 384 1475.25697 100 90 110
500 474-477-485-476-479-467-470-480-473-475-481-471-466-468-472-483-487-489-478-491-465-469-482-486-488-484-493-495-463-464-490-496-461-498-455-456-462-494-499-459-492-497-500-453-457-460-458 1000 200 384 1523.94045 100 90 110
500 474-477-485-476-479-467-470-480-473-475-481-471-466-468-472-483-487-489-478-491-465-469-482-486-488-484-493-495-463-464-490-496-461-498-455-456-462-494-499-459-492-497-500-453-457-460-458 1000 200 384 1574.23048 100 90 110
500 474-477-485-476-479-467-470-480-473-475-481-471-466-468-472-483-487-489-478-491-465-469-482-486-488-484-493-495-463-464-490-496-461-498-455-456-462-494-499-459-492-497-500-453-457-460-458 1000 200 384 1626.18009 100 90 110
500 474-477-485-476-479-467-470-480-473-475-481-471-466-468-472-483-487-489-478-491-465-469-482-486-488-484-493-495-463-464-490-496-461-498-455-456-462-494-499-459-492-497-500-453-457-460-458 1000 200 384 1679.84403 100 90 110
500 474-477-485-476-479-467-470-480-473-475-481-471-466-468-472-483-487-489-478-491-465-469-482-486-488-484-493-495-463-464-490-496-461-498-455-456-462-494-499-459-492-497-500-453-457-460-458 1000 200 384 1735.27888 100 90 110
500 474-477-485-476-479-467-470-480-473-475-481-471-466-468-472-483-487-489-478-491-465-469-482-486-488-484-493-495-463-464-490-496-461-498-455-456-462-494-499-459-492-497-500-453-457-460-458 1000 200 384 1792.54309 100 90 110
500 474-477-485-476-479-467-470-480-473-475-481-471-466-468-472-483-487-489-478-491-465-469-482-486-488-484-493-495-463-464-490-496-461-498-455-456-462-494-499-459-492-497-500-453-457-460-458 1000 200 384 1851.69701 100 90 110
500 474-477-485-476-479-467-470-480-473-475-481-471-466-468-472-483-487-489-478-491-465-469-482-486-488-484-493-495-463-464-490-496-461-498-455-456-462-494-499-459-492-497-500-453-457-460-458 1000 200 384 1912.80301 100 90 110
500 474-477-485-476-479-467-470-480-473-475-481-471-466-468-472-483-487-489-478-491-465-469-482-486-488-484-493-495-463-464-490-496-461-498-455-456-462-494-499-459-492-497-500-453-457-460-458 1000 200 384 1975.92551 100 90 110
500 474-477-485-476-479-467-470-480-473-475-481-471-466-468-472-483-487-489-478-491-465-469-482-486-488-484-493-495-463-464-490-496-461-498-455-456-462-494-499-459-492-497-500-453-457-460-458 1000 200 384 2041.13105 100 90 110
500 474-477-485-476-479-467-470-480-473-475-481-471-466-468-472-483-487-489-478-491-465-469-482-486-488-484-493-495-463-464-490-496-461-498-455-456-462-494-499-459-492-497-500-453-457-460-458 1000 200 384 2108.48837 100 90 110
500 474-477-485-476-479-467-470-480-473-475-481-471-466-468-472-483-487-489-478-491-465-469-482-486-488-484-493-495-463-464-490-496-461-498-455-456-462-494-499-459-492-497-500-453-457-460-458 1000 200 384 2178.06849 100 90 110
500 474-477-485-476-479-467-470-480-473-475-481-471-466-468-472-483-487-489-478-491-465-469-482-486-488-484-493-495-463-464-490-496-461-498-455-456-462-494-499-459-492-497-500-453-457-460-458 1000 200 384 2249.94475 100 90 110
500 474-477-485-476-479-467-470-480-473-475-481-471-466-468-472-483-487-489-478-491-465-469-482-486-488-484-493-495-463-464-490-496-461-498-455-456-462-494-499-459-492-497-500-453-457-460-458 1000 200 384 2324.19293 100 90 110
500 474-477-485-476-479-467-470-480-473-475-481-471-466-468-472-483-487-489-478-491-465-469-482-486-488-484-493-495-463-464-490-496-461-498-455-456-462-494-499-459-492-497-500-453-457-460-458 1000 200 384 2400.89129 100 90 110
500 474-477-485-476-479-467-470-480-473-475-481-471-466-468-472-483-487-489-478-491-465-469-482-486-488-484-493-495-463-464-490-496-461-498-455-456-462-494-499-459-492-497-500-453-457-460-458 1000 200 384 2480.12071 100 90 110
500 474-477-485-476-479-467-470-480-473-475-481-471-466-468-472-483-487-489-478-491-465-469-482-486-488-484-493-495-463-464-490-496-461-498-455-456-462-494-499-459-492-497-500-453-457-460-458 1000 200 384 2561.96469 101 90 112
500 474-477-485-476-479-467-470-480-473-475-481-471-466-468-472-483-487-489-478-491-465-469-482-486-488-484-493-495-463-464-490-496-461-498-455-456-462-494-499-459-492-497-500-453-457-460-458 1000 200 384 2646.50099 104 93 115
500 474-477-485-476-479-467-470-480-473-475-481-471-466-468-472-483-487-489-478-491-465-469-482-486-488-484-493-495-463-464-490-496-461-498-455-456-462-494-499-459-492-497-500-453-457-460-458 1000 200 384 2733.80023 120 108 132
500 474-477-485-476-479-467-470-480-473-475-481-471-466-468-472-483-487-489-478-491-465-469-482-486-488-484-493-495-463-464-490-496-461-498-455-456-462-494-499-459-492-497-500-453-457-460-458 1000 200 384 2823.83339 151 135 167
500 474-477-485-476-479-467-470-480-473-475-481-471-466-468-472-483-487-489-478-491-465-469-482-486-488-484-493-495-463-464-490-496-461-498-455-456-462-494-499-459-492-497-500-453-457-460-458 1000 200 384 2916.53984 284 255 313
500 474-477-485-476-479-467-470-480-473-475-481-471-466-468-472-483-487-489-478-491-465-469-482-486-488-484-493-495-463-464-490-496-461-498-455-456-462-494-499-459-492-497-500-453-457-460-458 1000 200 384 3010.99684 960 864 1056
500 474-477-485-476-479-467-470-480-473-475-481-471-466-468-472-483-487-489-478-491-465-469-482-486-488-484-493-495-463-464-490-496-461-498-455-456-462-494-499-459-492-497-500-453-457-460-458 1000 200 384 3101.72821 5486 4937 6035
500 474-477-485-476-479-467-470-480-473-475-481-471-466-468-472-483-487-489-478-491-465-469-482-486-488-484-493-495-463-464-490-496-461-498-455-456-462-494-499-459-492-497-500-453-457-460-458 1000 200 384 3148.39888 38400 34559 42241
500 474-477-485-476-479-467-470-480-473-475-481-471-466-468-472-483-487-489-478-491-465-469-482-486-488-484-493-495-463-464-490-496-461-498-455-456-462-494-499-459-492-497-500-453-457-460-458 1000 200 384 2850.35045 171 153 189
500 474-477-485-476-479-467-470-480-473-475-481-471-466-468-472-483-487-489-478-491-465-469-482-486-488-484-493-495-463-464-490-496-461-498-455-456-462-494-499-459-492-497-500-453-457-460-458 1000 200 384 2943.73744 359 323 395
500 474-477-485-476-479-467-470-480-473-475-481-471-466-468-472-483-487-489-478-491-465-469-482-486-488-484-493-495-463-464-490-496-461-498-455-456-462-494-499-459-492-497-500-453-457-460-458 1000 200 384 3038.33934 1829 1646 2012
500 474-477-485-476-479-467-470-480-473-475-481-471-466-468-472-483-487-489-478-491-465-469-482-486-488-484-493-495-463-464-490-496-461-498-455-456-462-494-499-459-492-497-500-453-457-460-458 1000 200 384 3121.09358 6400 5759 7041
500 474-477-485-476-479-467-470-480-473-475-481-471-466-468-472-483-487-489-478-491-465-469-482-486-488-484-493-495-463-464-490-496-461-498-455-456-462-494-499-459-492-497-500-453-457-460-458 1000 200 384 3158.5467 6400 5759 7041
500 474-477-485-476-479-467-470-480-473-475-481-471-466-468-472-483-487-489-478-491-465-469-482-486-488-484-493-495-463-464-490-496-461-498-455-456-462-494-499-459-492-497-500-453-457-460-458 1000 200 384 3196.44926 38400 34559 42241
500 474-477-485-476-479-467-470-480-473-475-481-471-466-468-472-483-487-489-478-491-465-469-482-486-488-484-493-495-463-464-490-496-461-498-455-456-462-494-499-459-492-497-500-453-457-460-458 1000 200 384 2893.85207 239 215 263
500 474-477-485-476-479-467-470-480-473-475-481-471-466-468-472-483-487-489-478-491-465-469-482-486-488-484-493-495-463-464-490-496-461-498-455-456-462-494-499-459-492-497-500-453-457-460-458 1000 200 384 2988.00837 549 494 604
500 474-477-485-476-479-467-470-480-473-475-481-471-466-468-472-483-487-489-478-491-465-469-482-486-488-484-493-495-463-464-490-496-461-498-455-456-462-494-499-459-492-497-500-453-457-460-458 1000 200 384 3082.14059 3491 3141 3841
500 474-477-485-476-479-467-470-480-473-475-481-471-466-468-472-483-487-489-478-491-465-469-482-486-488-484-493-495-463-464-490-496-461-498-455-456-462-494-499-459-492-497-500-453-457-460-458 1000 200 384 3149.01277 12800 11519 14081
500 474-477-485-476-479-467-470-480-473-475-481-471-466-468-472-483-487-489-478-491-465-469-482-486-488-484-493-495-463-464-490-496-461-498-455-456-462-494-499-459-492-497-500-453-457-460-458 1000 200 384 3119.62198 3840 3455 4225
500 474-477-485-476-479-467-470-480-473-475-481-471-466-468-472-483-487-489-478-491-465-469-482-486-488-484-493-495-463-464-490-496-461-498-455-456-462-494-499-459-492-497-500-453-457-460-458 1000 200 384 3183.67822 192000 172796 211204
500 474-477-485-476-479-467-470-480-473-475-481-471-466-468-472-483-487-489-478-491-465-469-482-486-488-484-493-495-463-464-490-496-461-498-455-456-462-494-499-459-492-497-500-453-457-460-458 1000 200 384 1252.24677 100 90 110
500 474-477-485-476-479-467-470-480-473-475-481-471-466-468-472-483-487-489-478-491-465-469-482-486-488-484-493-495-463-464-490-496-461-498-455-456-462-494-499-459-492-497-500-453-457-460-458 1000 200 384 1293.57091 100 90 110
500 474-477-485-476-479-467-470-480-473-475-481-471-466-468-472-483-487-489-478-491-465-469-482-486-488-484-493-495-463-464-490-496-461-498-455-456-462-494-499-459-492-497-500-453-457-460-458 1000 200 384 1336.25875 100 90 110
500 474-477-485-476-479-467-470-480-473-475-481-471-466-468-472-483-487-489-478-491-465-469-482-486-488-484-493-495-463-464-490-496-461-498-455-456-462-494-499-459-492-497-500-453-457-460-458 1000 200 384 1380.35529 100 90 110
500 474-477-485-476-479-467-470-480-473-475-481-471-466-468-472-483-487-489-478-491-465-469-482-486-488-484-493-495-463-464-490-496-461-498-455-456-462-494-499-459-492-497-500-453-457-460-458 1000 200 384 1425.90701 100 90 110
500 474-477-485-476-479-467-470-480-473-475-481-471-466-468-472-483-487-489-478-491-465-469-482-486-488-484-493-495-463-464-490-496-461-498-455-456-462-494-499-459-492-497-500-453-457-460-458 1000 200 384 1472.96194 100 90 110
500 474-477-485-476-479-467-470-480-473-475-481-471-466-468-472-483-487-489-478-491-465-469-482-486-488-484-493-495-463-464-490-496-461-498-455-456-462-494-499-459-492-497-500-453-457-460-458 1000 200 384 1521.56969 100 90 110
500 474-477-485-476-479-467-470-480-473-475-481-471-466-468-472-483-487-489-478-491-465-469-482-486-488-484-493-495-463-464-490-496-461-498-455-456-462-494-499-459-492-497-500-453-457-460-458 1000 200 384 1571.78149 100 90 110
500 474-477-485-476-479-467-470-480-473-475-481-471-466-468-472-483-487-489-478-491-465-469-482-486-488-484-493-495-463-464-490-496-461-498-455-456-462-494-499-459-492-497-500-453-457-460-458 1000 200 384 1623.65028 100 90 110
500 474-477-485-476-479-467-470-480-473-475-481-471-466-468-472-483-487-489-478-491-465-469-482-486-488-484-493-495-463-464-490-496-461-498-455-456-462-494-499-459-492-497-500-453-457-460-458 1000 200 384 1677.23074 100 90 110
500 474-477-485-476-479-467-470-480-473-475-481-471-466-468-472-483-487-489-478-491-465-469-482-486-488-484-493-495-463-464-490-496-461-498-455-456-462-494-499-459-492-497-500-453-457-460-458 1000 200 384 1732.57935 100 90 110
500 474-477-485-476-479-467-470-480-473-475-481-471-466-468-472-483-487-489-478-491-465-469-482-486-488-484-493-495-463-464-490-496-461-498-455-456-462-494-499-459-492-497-500-453-457-460-458 1000 200 384 1789.75447 100 90 110
500 474-477-485-476-479-467-470-480-473-475-481-471-466-468-472-483-487-489-478-491-465-469-482-486-488-484-493-495-463-464-490-496-461-498-455-456-462-494-499-459-492-497-500-453-457-460-458 1000 200 384 1848.81637 100 90 110
500 474-477-485-476-479-467-470-480-473-475-481-471-466-468-472-483-487-489-478-491-465-469-482-486-488-484-493-495-463-464-490-496-461-498-455-456-462-494-499-459-492-497-500-453-457-460-458 1000 200 384 1909.82731 100 90 110
500 474-477-485-476-479-467-470-480-473-475-481-471-466-468-472-483-487-489-478-491-465-469-482-486-488-484-493-495-463-464-490-496-461-498-455-456-462-494-499-459-492-497-500-453-457-460-458 1000 200 384 1972.85161 100 90 110
500 474-477-485-476-479-467-470-480-473-475-481-471-466-468-472-483-487-489-478-491-465-469-482-486-488-484-493-495-463-464-490-496-461-498-455-456-462-494-499-459-492-497-500-453-457-460-458 1000 200 384 2037.95571 100 90 110
500 474-477-485-476-479-467-470-480-473-475-481-471-466-468-472-483-487-489-478-491-465-469-482-486-488-484-493-495-463-464-490-496-461-498-455-456-462-494-499-459-492-497-500-453-457-460-458 1000 200 384 2105.20825 100 90 110
500 474-477-485-476-479-467-470-480-473-475-481-471-466-468-472-483-487-489-478-491-465-469-482-486-488-484-493-495-463-464-490-496-461-498-455-456-462-494-499-459-492-497-500-453-457-460-458 1000 200 384 2174.68012 100 90 110
500 474-477-485-476-479-467-470-480-473-475-481-471-466-468-472-483-487-489-478-491-465-469-482-486-488-484-493-495-463-464-490-496-461-498-455-456-462-494-499-459-492-497-500-453-457-460-458 1000 200 384 2246.44457 100 90 110
500 474-477-485-476-479-467-470-480-473-475-481-471-466-468-472-483-487-489-478-491-465-469-482-486-488-484-493-495-463-464-490-496-461-498-455-456-462-494-499-459-492-497-500-453-457-460-458 1000 200 384 2320.57724 100 90 110
500 474-477-485-476-479-467-470-480-473-475-481-471-466-468-472-483-487-489-478-491-465-469-482-486-488-484-493-495-463-464-490-496-461-498-455-456-462-494-499-459-492-497-500-453-457-460-458 1000 200 384 2397.15629 100 90 110
500 474-477-485-476-479-467-470-480-473-475-481-471-466-468-472-483-487-489-478-491-465-469-482-486-488-484-493-495-463-464-490-496-461-498-455-456-462-494-499-459-492-497-500-453-457-460-458 1000 200 384 2476.26244 100 90 110
500 474-477-485-476-479-467-470-480-473-475-481-471-466-468-472-483-487-489-478-491-465-469-482-486-488-484-493-495-463-464-490-496-461-498-455-456-462-494-499-459-492-497-500-453-457-460-458 1000 200 384 2557.9791 100 90 110
500 474-477-485-476-479-467-470-480-473-475-481-471-466-468-472-483-487-489-478-491-465-469-482-486-488-484-493-495-463-464-490-496-461-498-455-456-462-494-499-459-492-497-500-453-457-460-458 1000 200 384 2642.39241 104 93 115
500 474-477-485-476-479-467-470-480-473-475-481-471-466-468-472-483-487-489-478-491-465-469-482-486-488-484-493-495-463-464-490-496-461-498-455-456-462-494-499-459-492-497-500-453-457-460-458 1000 200 384 2729.55613 114 102 126
500 474-477-485-476-479-467-470-480-473-475-481-471-466-468-472-483-487-489-478-491-465-469-482-486-488-484-493-495-463-464-490-496-461-498-455-456-462-494-499-459-492-497-500-453-457-460-458 1000 200 384 2819.5041 154 138 170
500 474-477-485-476-479-467-470-480-473-475-481-471-466-468-472-483-487-489-478-491-465-469-482-486-488-484-493-495-463-464-490-496-461-498-455-456-462-494-499-459-492-497-500-453-457-460-458 1000 200 384 2912.04023 291 261 321
500 474-477-485-476-479-467-470-480-473-475-481-471-466-468-472-483-487-489-478-491-465-469-482-486-488-484-493-495-463-464-490-496-461-498-455-456-462-494-499-459-492-497-500-453-457-460-458 1000 200 384 3006.28356 768 691 845
500 474-477-485-476-479-467-470-480-473-475-481-471-466-468-472-483-487-489-478-491-465-469-482-486-488-484-493-495-463-464-490-496-461-498-455-456-462-494-499-459-492-497-500-453-457-460-458 1000 200 384 3098.79692 5486 4937 6035
500 474-477-485-476-479-467-470-480-473-475-481-471-466-468-472-483-487-489-478-491-465-469-482-486-488-484-493-495-463-464-490-496-461-498-455-456-462-494-499-459-492-497-500-453-457-460-458 1000 200 384 3145.42349 4800 4319 5281
500 474-477-485-476-479-467-470-480-473-475-481-471-466-468-472-483-487-489-478-491-465-469-482-486-488-484-493-495-463-464-490-496-461-498-455-456-462-494-499-459-492-497-500-453-457-460-458 1000 200 384 3199.94416 192000 172796 211204
500 474-477-485-476-479-467-470-480-473-475-481-471-466-468-472-483-487-489-478-491-465-469-482-486-488-484-493-495-463-464-490-496-461-498-455-456-462-494-499-459-492-497-500-453-457-460-458 1000 200 384 1258.6447 100 90 110
500 474-477-485-476-479-467-470-480-473-475-481-471-466-468-472-483-487-489-478-491-465-469-482-486-488-484-493-495-463-464-490-496-461-498-455-456-462-494-499-459-492-497-500-453-457-460-458 1000 200 384 1300.17998 100 90 110
500 474-477-485-476-479-467-470-480-473-475-481-471-466-468-472-483-487-489-478-491-465-469-482-486-488-484-493-495-463-464-490-496-461-498-455-456-462-494-499-459-492-497-500-453-457-460-458 1000 200 384 1343.08592 100 90 110
500 474-477-485-476-479-467-470-480-473-475-481-471-466-468-472-483-487-489-478-491-465-469-482-486-488-484-493-495-463-464-490-496-461-498-455-456-462-494-499-459-492-497-500-453-457-460-458 1000 200 384 1387.40775 100 90 110
500 474-477-485-476-479-467-470-480-473-475-481-471-466-468-472-483-487-489-478-491-465-469-482-486-488-484-493-495-463-464-490-496-461-498-455-456-462-494-499-459-492-497-500-453-457-460-458 1000 200 384 1433.19221 100 90 110
500 474-477-485-476-479-467-470-480-473-475-481-471-466-468-472-483-487-489-478-491-465-469-482-486-488-484-493-495-463-464-490-496-461-498-455-456-462-494-499-459-492-497-500-453-457-460-458 1000 200 384 1480.48755 100 90 110
500 474-477-485-476-479-467-470-480-473-475-481-471-466-468-472-483-487-489-478-491-465-469-482-486-488-484-493-495-463-464-490-496-461-498-455-456-462-494-499-459-492-497-500-453-457-460-458 1000 200 384 1529.34364 100 90 110
500 474-477-485-476-479-467-470-480-473-475-481-471-466-468-472-483-487-489-478-491-465-469-482-486-488-484-493-495-463-464-490-496-461-498-455-456-462-494-499-459-492-497-500-453-457-460-458 1000 200 384 1579.81198 100 90 110
500 474-477-485-476-479-467-470-480-473-475-481-471-466-468-472-483-487-489-478-491-465-469-482-486-488-484-493-495-463-464-490-496-461-498-455-456-462-494-499-459-492-497-500-453-457-460-458 1000 200 384 1631.94578 100 90 110
500 474-477-485-476-479-467-470-480-473-475-481-471-466-468-472-483-487-489-478-491-465-469-482-486-488-484-493-495-463-464-490-496-461-498-455-456-462-494-499-459-492-497-500-453-457-460-458 1000 200 384 1685.79999 100 90 110
500 474-477-485-476-479-467-470-480-473-475-481-471-466-468-472-483-487-489-478-491-465-469-482-486-488-484-493-495-463-464-490-496-461-498-455-456-462-494-499-459-492-497-500-453-457-460-458 1000 200 384 1741.43139 100 90 110
500 474-477-485-476-479-467-470-480-473-475-481-471-466-468-472-483-487-489-478-491-465-469-482-486-488-484-493-495-463-464-490-496-461-498-455-456-462-494-499-459-492-497-500-453-457-460-458 1000 200 384 1798.89862 100 90 110
500 474-477-485-476-479-467-470-480-473-475-481-471-466-468-472-483-487-489-478-491-465-469-482-486-488-484-493-495-463-464-490-496-461-498-455-456-462-494-499-459-492-497-500-453-457-460-458 1000 200 384 1858.26228 100 90 110
500 474-477-485-476-479-467-470-480-473-475-481-471-466-468-472-483-487-489-478-491-465-469-482-486-488-484-493-495-463-464-490-496-461-498-455-456-462-494-499-459-492-497-500-453-457-460-458 1000 200 384 1919.58493 100 90 110
500 474-477-485-476-479-467-470-480-473-475-481-471-466-468-472-483-487-489-478-491-465-469-482-486-488-484-493-495-463-464-490-496-461-498-455-456-462-494-499-459-492-497-500-453-457-460-458 1000 200 384 1982.93124 100 90 110
500 474-477-485-476-479-467-470-480-473-475-481-471-466-468-472-483-487-489-478-491-465-469-482-486-488-484-493-495-463-464-490-496-461-498-455-456-462-494-499-459-492-497-500-453-457-460-458 1000 200 384 2048.36797 100 90 110
500 474-477-485-476-479-467-470-480-473-475-481-471-466-468-472-483-487-489-478-491-465-469-482-486-488-484-493-495-463-464-490-496-461-498-455-456-462-494-499-459-492-497-500-453-457-460-458 1000 200 384 2115.96411 100 90 110
500 474-477-485-476-479-467-470-480-473-475-481-471-466-468-472-483-487-489-478-491-465-469-482-486-488-484-493-495-463-464-490-496-461-498-455-456-462-494-499-459-492-497-500-453-457-460-458 1000 200 384 2185.79093 100 90 110
500 474-477-485-476-479-467-470-480-473-475-481-471-466-468-472-483-487-489-478-491-465-469-482-486-488-484-493-495-463-464-490-496-461-498-455-456-462-494-499-459-492-497-500-453-457-460-458 1000 200 384 2257.92203 100 90 110
500 474-477-485-476-479-467-470-480-473-475-481-471-466-468-472-483-487-489-478-491-465-469-482-486-488-484-493-495-463-464-490-496-461-498-455-456-462-494-499-459-492-497-500-453-457-460-458 1000 200 384 2332.43345 100 90 110
500 474-477-485-476-479-467-470-480-473-475-481-471-466-468-472-483-487-489-478-491-465-469-482-486-488-484-493-495-463-464-490-496-461-498-455-456-462-494-499-459-492-497-500-453-457-460-458 1000 200 384 2409.40376 100 90 110
500 474-477-485-476-479-467-470-480-473-475-481-471-466-468-472-483-487-489-478-491-465-469-482-486-488-484-493-495-463-464-490-496-461-498-455-456-462-494-499-459-492-497-500-453-457-460-458 1000 200 384 2488.91408 100 90 110
500 474-477-485-476-479-467-470-480-473-475-481-471-466-468-472-483-487-489-478-491-465-469-482-486-488-484-493-495-463-464-490-496-461-498-455-456-462-494-499-459-492-497-500-453-457-460-458 1000 200 384 2571.04825 101 90 112
500 474-477-485-476-479-467-470-480-473-475-481-471-466-468-472-483-487-489-478-491-465-469-482-486-488-484-493-495-463-464-490-496-461-498-455-456-462-494-499-459-492-497-500-453-457-460-458 1000 200 384 2655.88427 104 93 115
500 474-477-485-476-479-467-470-480-473-475-481-471-466-468-472-483-487-489-478-491-465-469-482-486-488-484-493-495-463-464-490-496-461-498-455-456-462-494-499-459-492-497-500-453-457-460-458 1000 200 384 2743.49304 116 104 128
500 474-477-485-476-479-467-470-480-473-475-481-471-466-468-472-483-487-489-478-491-465-469-482-486-488-484-493-495-463-464-490-496-461-498-455-456-462-494-499-459-492-497-500-453-457-460-458 1000 200 384 2833.88199 161 144 178
500 474-477-485-476-479-467-470-480-473-475-481-471-466-468-472-483-487-489-478-491-465-469-482-486-488-484-493-495-463-464-490-496-461-498-455-456-462-494-499-459-492-497-500-453-457-460-458 1000 200 384 2926.82387 356 320 392
500 474-477-485-476-479-467-470-480-473-475-481-471-466-468-472-483-487-489-478-491-465-469-482-486-488-484-493-495-463-464-490-496-461-498-455-456-462-494-499-459-492-497-500-453-457-460-458 1000 200 384 3020.9115 1129 1016 1242
500 474-477-485-476-479-467-470-480-473-475-481-471-466-468-472-483-487-489-478-491-465-469-482-486-488-484-493-495-463-464-490-496-461-498-455-456-462-494-499-459-492-497-500-453-457-460-458 1000 200 384 3110.23985 5486 4937 6035
500 474-477-485-476-479-467-470-480-473-475-481-471-466-468-472-483-487-489-478-491-465-469-482-486-488-484-493-495-463-464-490-496-461-498-455-456-462-494-499-459-492-497-500-453-457-460-458 1000 200 384 3157.0386 12800 11519 14081
500 474-477-485-476-479-467-470-480-473-475-481-471-466-468-472-483-487-489-478-491-465-469-482-486-488-484-493-495-463-464-490-496-461-498-455-456-462-494-499-459-492-497-500-453-457-460-458 1000 200 384 3127.5729 12800 11519 14081
500 474-477-485-476-479-467-470-480-473-475-481-471-466-468-472-483-487-489-478-491-465-469-482-486-488-484-493-495-463-464-490-496-461-498-455-456-462-494-499-459-492-497-500-453-457-460-458 1000 200 384 3098.38222 4267 3840 4694
500 474-477-485-476-479-467-470-480-473-475-481-471-466-468-472-483-487-489-478-491-465-469-482-486-488-484-493-495-463-464-490-496-461-498-455-456-462-494-499-459-492-497-500-453-457-460-458 1000 200 384 3157.59231 12800 11519 14081
500 474-477-485-476-479-467-470-480-473-475-481-471-466-468-472-483-487-489-478-491-465-469-482-486-488-484-493-495-463-464-490-496-461-498-455-456-462-494-499-459-492-497-500-453-457-460-458 1000 200 384 3128.12144 12800 11519 14081
500 474-477-485-476-479-467-470-480-473-475-481-471-466-468-472-483-487-489-478-491-465-469-482-486-488-484-493-495-463-464-490-496-461-498-455-456-462-494-499-459-492-497-500-453-457-460-458 1000 200 384 3098.92564 4800 4319 5281
500 474-477-485-476-479-467-470-480-473-475-481-471-466-468-472-483-487-489-478-491-465-469-482-486-488-484-493-495-463-464-490-496-461-498-455-456-462-494-499-459-492-497-500-453-457-460-458 1000 200 384 3152.64036 7680 6911 8449
500 474-477-485-476-479-467-470-480-473-475-481-471-466-468-472-483-487-489-478-491-465-469-482-486-488-484-493-495-463-464-490-496-461-498-455-456-462-494-499-459-492-497-500-453-457-460-458 1000 200 384 3177.02077 38400 34559 42241
500 474-477-485-476-479-467-470-480-473-475-481-471-466-468-472-483-487-489-478-491-465-469-482-486-488-484-493-495-463-464-490-496-461-498-455-456-462-494-499-459-492-497-500-453-457-460-458 1000 200 384 2876.26281 226 203 249
500 474-477-485-476-479-467-470-480-473-475-481-471-466-468-472-483-487-489-478-491-465-469-482-486-488-484-493-495-463-464-490-496-461-498-455-456-462-494-499-459-492-497-500-453-457-460-458 1000 200 384 2969.97145 468 421 515
500 474-477-485-476-479-467-470-480-473-475-481-471-466-468-472-483-487-489-478-491-465-469-482-486-488-484-493-495-463-464-490-496-461-498-455-456-462-494-499-459-492-497-500-453-457-460-458 1000 200 384 3064.33734 2743 2468 3018
500 474-477-485-476-479-467-470-480-473-475-481-471-466-468-472-483-487-489-478-491-465-469-482-486-488-484-493-495-463-464-490-496-461-498-455-456-462-494-499-459-492-497-500-453-457-460-458 1000 200 384 3138.46366 9600 8639 10561
500 474-477-485-476-479-467-470-480-473-475-481-471-466-468-472-483-487-489-478-491-465-469-482-486-488-484-493-495-463-464-490-496-461-498-455-456-462-494-499-459-492-497-500-453-457-460-458 1000 200 1537 3138.46366 7319 6953 7685
500 474-477-485-476-479-467-470-480-473-475-481-471-466-468-472-483-487-489-478-491-465-469-482-486-488-484-493-495-463-464-490-496-461-498-455-456-462-494-499-459-492-497-500-453-457-460-458 1000 200 1537 3152.48737 15370 14601 16139
500 474-477-485-476-479-467-470-480-473-475-481-471-466-468-472-483-487-489-478-491-465-469-482-486-488-484-493-495-463-464-490-496-461-498-455-456-462-494-499-459-492-497-500-453-457-460-458 1000 200 1537 3124.2726 5300 5035 5565
500 474-477-485-476-479-467-470-480-473-475-481-471-466-468-472-483-487-489-478-491-465-469-482-486-488-484-493-495-463-464-490-496-461-498-455-456-462-494-499-459-492-497-500-453-457-460-458 1000 200 1537 3148.74607 9041 8589 9493
500 474-477-485-476-479-467-470-480-473-475-481-471-466-468-472-483-487-489-478-491-465-469-482-486-488-484-493-495-463-464-490-496-461-498-455-456-462-494-499-459-492-497-500-453-457-460-458 1000 200 1537 3153.77882 12808 12167 13449
500 474-477-485-476-479-467-470-480-473-475-481-471-466-468-472-483-487-489-478-491-465-469-482-486-488-484-493-495-463-464-490-496-461-498-455-456-462-494-499-459-492-497-500-453-457-460-458 1000 200 1537 3139.01913 12808 12167 13449
500 474-477-485-476-479-467-470-480-473-475-481-471-466-468-472-483-487-489-478-491-465-469-482-486-488-484-493-495-463-464-490-496-461-498-455-456-462-494-499-459-492-497-500-453-457-460-458 1000 200 1537 3124.32852 6148 5840 6456
500 474-477-485-476-479-467-470-480-473-475-481-471-466-468-472-483-487-489-478-491-465-469-482-486-488-484-493-495-463-464-490-496-461-498-455-456-462-494-499-459-492-497-500-453-457-460-458 1000 200 1537 3144.38671 8089 7684 8494
