data_dim axes n_training window_size n_sim threshold arl_est arl_lower arl_upper
100 99-100-98-97-96-95-93-94-92-90-91-88-89 200 200 96 24.6 100 80 120
100 99-100-98-97-96-95-93-94-92-90-91-88-89 200 200 96 26.2236 100 80 120
100 99-100-98-97-96-95-93-94-92-90-91-88-89 200 200 96 27.95436 100 80 120
100 99-100-98-97-96-95-93-94-92-90-91-88-89 200 200 96 29.79935 100 80 120
100 99-100-98-97-96-95-93-94-92-90-91-88-89 200 200 96 31.7661 100 80 120
100 99-100-98-97-96-95-93-94-92-90-91-88-89 200 200 96 33.86266 100 80 120
100 99-100-98-97-96-95-93-94-92-90-91-88-89 200 200 96 36.0976 100 80 120
100 99-100-98-97-96-95-93-94-92-90-91-88-89 200 200 96 38.48004 100 80 120
100 99-100-98-97-96-95-93-94-92-90-91-88-89 200 200 96 41.01973 100 80 120
100 99-100-98-97-96-95-93-94-92-90-91-88-89 200 200 96 43.72703 100 80 120
100 99-100-98-97-96-95-93-94-92-90-91-88-89 200 200 96 46.61301 100 80 120
100 99-100-98-97-96-95-93-94-92-90-91-88-89 200 200 96 49.68947 100 80 120
100 99-100-98-97-96-95-93-94-92-90-91-88-89 200 200 96 52.96897 100 80 120
100 99-100-98-97-96-95-93-94-92-90-91-88-89 200 200 96 56.46493 100 80 120
100 99-100-98-97-96-95-93-94-92-90-91-88-89 200 200 96 60.19161 100 80 120
100 99-100-98-97-96-95-93-94-92-90-91-88-89 200 200 96 64.16426 100 80 120
100 99-100-98-97-96-95-93-94-92-90-91-88-89 200 200 96 68.3991 100 80 120
100 99-100-98-97-96-95-93-94-92-90-91-88-89 200 200 96 72.91344 100 80 120
100 99-100-98-97-96-95-93-94-92-90-91-88-89 200 200 96 77.72573 100 80 120
100 99-100-98-97-96-95-93-94-92-90-91-88-89 200 200 96 82.85562 100 80 120
100 99-100-98-97-96-95-93-94-92-90-91-88-89 200 200 96 88.3241 100 80 120
100 99-100-98-97-96-95-93-94-92-90-91-88-89 200 200 96 94.15349 100 80 120
100 99-100-98-97-96-95-93-94-92-90-91-88-89 200 200 96 100.36762 100 80 120
100 99-100-98-97-96-95-93-94-92-90-91-88-89 200 200 96 106.99188 100 80 120
100 99-100-98-97-96-95-93-94-92-90-91-88-89 200 200 96 114.05334 100 80 120
100 99-100-98-97-96-95-93-94-92-90-91-88-89 200 200 96 121.58086 100 80 120
100 99-100-98-97-96-95-93-94-92-90-91-88-89 200 200 96 129.6052 100 80 120
100 99-100-98-97-96-95-93-94-92-90-91-88-89 200 200 96 138.15914 100 80 120
100 99-100-98-97-96-95-93-94-92-90-91-88-89 200 200 96 147.27765 100 80 120
100 99-100-98-97-96-95-93-94-92-90-91-88-89 200 200 96 156.99797 100 80 120
100 99-100-98-97-96-95-93-94-92-90-91-88-89 200 200 96 167.35984 100 80 120
100 99-100-98-97-96-95-93-94-92-90-91-88-89 200 200 96 178.40559 100 80 120
100 99-100-98-97-96-95-93-94-92-90-91-88-89 200 200 96 190.18036 100 80 120
100 99-100-98-97-96-95-93-94-92-90-91-88-89 200 200 96 202.73226 100 80 120
100 99-100-98-97-96-95-93-94-92-90-91-88-89 200 200 96 216.11259 100 80 120
100 99-100-98-97-96-95-93-94-92-90-91-88-89 200 200 96 230.37602 100 80 120
100 99-100-98-97-96-95-93-94-92-90-91-88-89 200 200 96 245.58084 100 80 120
100 99-100-98-97-96-95-93-94-92-90-91-88-89 200 200 96 261.78917 100 80 120
100 99-100-98-97-96-95-93-94-92-90-91-88-89 200 200 96 279.06726 100 80 120
100 99-100-98-97-96-95-93-94-92-90-91-88-89 200 200 96 297.4857 100 80 120
100 99-100-98-97-96-95-93-94-92-90-91-88-89 200 200 96 317.11975 100 80 120
100 99-100-98-97-96-95-93-94-92-90-91-88-89 200 200 96 338.04966 100 80 120
100 99-100-98-97-96-95-93-94-92-90-91-88-89 200 200 96 360.36093 100 80 120
100 99-100-98-97-96-95-93-94-92-90-91-88-89 200 200 96 384.14476 100 80 120
100 99-100-98-97-96-95-93-94-92-90-91-88-89 200 200 96 409.49831 100 80 120
100 99-100-98-97-96-95-93-94-92-90-91-88-89 200 200 96 436.5252 101 80 122
100 99-100-98-97-96-95-93-94-92-90-91-88-89 200 200 96 465.33295 104 83 125
100 99-100-98-97-96-95-93-94-92-90-91-88-89 200 200 96 496.03252 117 93 141
100 99-100-98-97-96-95-93-94-92-90-91-88-89 200 200 96 528.71445 137 109 165
100 99-100-98-97-96-95-93-94-92-90-91-88-89 200 200 96 563.47918 400 320 480
100 99-100-98-97-96-95-93-94-92-90-91-88-89 200 200 96 599.54185 960 768 1152
100 99-100-98-97-96-95-93-94-92-90-91-88-89 200 200 96 635.67424 9600 7679 11521
100 99-100-98-97-96-95-93-94-92-90-91-88-89 200 200 384 635.67424 3491 3141 3841
100 99-100-98-97-96-95-93-94-92-90-91-88-89 200 200 384 649.46625 9600 8639 10561
100 99-100-98-97-96-95-93-94-92-90-91-88-89 200 200 1537 649.46625 9041 8589 9493
100 99-100-98-97-96-95-93-94-92-90-91-88-89 200 200 1537 650.50432 15370 14601 16139
100 99-100-98-97-96-95-93-94-92-90-91-88-89 200 200 1537 644.6823 8089 7684 8494
100 99-100-98-97-96-95-93-94-92-90-91-88-89 200 200 1537 646.73562 7319 6953 7685
100 99-100-98-97-96-95-93-94-92-90-91-88-89 200 200 1537 649.62545 7319 6953 7685
100 99-100-98-97-96-95-93-94-92-90-91-88-89 200 200 1537 652.52819 9606 9125 10087
100 99-100-98-97-96-95-93-94-92-90-91-88-89 200 200 6146 652.52819 12543 12229 12857
100 99-100-98-97-96-95-93-94-92-90-91-88-89 200 200 6146 651.14537 12051 11749 12353
100 99-100-98-97-96-95-93-94-92-90-91-88-89 200 200 6146 650.03246 10075 9823 10327
