data_dim axes n_training window_size n_sim threshold arl_est arl_lower arl_upper
100 81-82-83-84-85-86-87-88-89-90-91-92-93-94-95-96-97-98-99-100 200 200 96 33 100 80 120
100 81-82-83-84-85-86-87-88-89-90-91-92-93-94-95-96-97-98-99-100 200 200 96 35.178 100 80 120
100 81-82-83-84-85-86-87-88-89-90-91-92-93-94-95-96-97-98-99-100 200 200 96 37.49975 100 80 120
100 81-82-83-84-85-86-87-88-89-90-91-92-93-94-95-96-97-98-99-100 200 200 96 39.97473 100 80 120
100 81-82-83-84-85-86-87-88-89-90-91-92-93-94-95-96-97-98-99-100 200 200 96 42.61306 100 80 120
100 81-82-83-84-85-86-87-88-89-90-91-92-93-94-95-96-97-98-99-100 200 200 96 45.42553 100 80 120
100 81-82-83-84-85-86-87-88-89-90-91-92-93-94-95-96-97-98-99-100 200 200 96 48.42361 100 80 120
100 81-82-83-84-85-86-87-88-89-90-91-92-93-94-95-96-97-98-99-100 200 200 96 51.61957 100 80 120
100 81-82-83-84-85-86-87-88-89-90-91-92-93-94-95-96-97-98-99-100 200 200 96 55.02646 100 80 120
100 81-82-83-84-85-86-87-88-89-90-91-92-93-94-95-96-97-98-99-100 200 200 96 58.65821 100 80 120
100 81-82-83-84-85-86-87-88-89-90-91-92-93-94-95-96-97-98-99-100 200 200 96 62.52965 100 80 120
100 81-82-83-84-85-86-87-88-89-90-91-92-93-94-95-96-97-98-99-100 200 200 96 66.65661 100 80 120
100 81-82-83-84-85-86-87-88-89-90-91-92-93-94-95-96-97-98-99-100 200 200 96 71.05594 100 80 120
100 81-82-83-84-85-86-87-88-89-90-91-92-93-94-95-96-97-98-99-100 200 200 96 75.74563 100 80 120
100 81-82-83-84-85-86-87-88-89-90-91-92-93-94-95-96-97-98-99-100 200 200 96 80.74485 100 80 120
100 81-82-83-84-85-86-87-88-89-90-91-92-93-94-95-96-97-98-99-100 200 200 96 86.074 100 80 120
100 81-82-83-84-85-86-87-88-89-90-91-92-93-94-95-96-97-98-99-100 200 200 96 91.75489 100 80 120
100 81-82-83-84-85-86-87-88-89-90-91-92-93-94-95-96-97-98-99-100 200 200 96 97.81071 100 80 120
100 81-82-83-84-85-86-87-88-89-90-91-92-93-94-95-96-97-98-99-100 200 200 96 104.26622 100 80 120
100 81-82-83-84-85-86-87-88-89-90-91-92-93-94-95-96-97-98-99-100 200 200 96 111.14779 100 80 120
100 81-82-83-84-85-86-87-88-89-90-91-92-93-94-95-96-97-98-99-100 200 200 96 118.48354 100 80 120
100 81-82-83-84-85-86-87-88-89-90-91-92-93-94-95-96-97-98-99-100 200 200 96 126.30346 100 80 120
100 81-82-83-84-85-86-87-88-89-90-91-92-93-94-95-96-97-98-99-100 200 200 96 134.63949 100 80 120
100 81-82-83-84-85-86-87-88-89-90-91-92-93-94-95-96-97-98-99-100 200 200 96 143.52569 100 80 120
100 81-82-83-84-85-86-87-88-89-90-91-92-93-94-95-96-97-98-99-100 200 200 96 152.99839 100 80 120
100 81-82-83-84-85-86-87-88-89-90-91-92-93-94-95-96-97-98-99-100 200 200 96 163.09628 100 80 120
100 81-82-83-84-85-86-87-88-89-90-91-92-93-94-95-96-97-98-99-100 200 200 96 173.86064 100 80 120
100 81-82-83-84-85-86-87-88-89-90-91-92-93-94-95-96-97-98-99-100 200 200 96 185.33544 100 80 120
100 81-82-83-84-85-86-87-88-89-90-91-92-93-94-95-96-97-98-99-100 200 200 96 197.56758 100 80 120
100 81-82-83-84-85-86-87-88-89-90-91-92-93-94-95-96-97-98-99-100 200 200 96 210.60704 100 80 120
100 81-82-83-84-85-86-87-88-89-90-91-92-93-94-95-96-97-98-99-100 200 200 96 224.5071 100 80 120
100 81-82-83-84-85-86-87-88-89-90-91-92-93-94-95-96-97-98-99-100 200 200 96 239.32457 100 80 120
100 81-82-83-84-85-86-87-88-89-90-91-92-93-94-95-96-97-98-99-100 200 200 96 255.11999 100 80 120
100 81-82-83-84-85-86-87-88-89-90-91-92-93-94-95-96-97-98-99-100 200 200 96 271.95791 100 80 120
100 81-82-83-84-85-86-87-88-89-90-91-92-93-94-95-96-97-98-99-100 200 200 96 289.90713 100 80 120
100 81-82-83-84-85-86-87-88-89-90-91-92-93-94-95-96-97-98-99-100 200 200 96 309.041 100 80 120
100 81-82-83-84-85-86-87-88-89-90-91-92-93-94-95-96-97-98-99-100 200 200 96 329.43771 100 80 120
100 81-82-83-84-85-86-87-88-89-90-91-92-93-94-95-96-97-98-99-100 200 200 96 351.1806 100 80 120
100 81-82-83-84-85-86-87-88-89-90-91-92-93-94-95-96-97-98-99-100 200 200 96 374.35852 100 80 120
100 81-82-83-84-85-86-87-88-89-90-91-92-93-94-95-96-97-98-99-100 200 200 96 399.06618 100 80 120
100 81-82-83-84-85-86-87-88-89-90-91-92-93-94-95-96-97-98-99-100 200 200 96 425.40455 100 80 120
100 81-82-83-84-85-86-87-88-89-90-91-92-93-94-95-96-97-98-99-100 200 200 96 453.48125 100 80 120
100 81-82-83-84-85-86-87-88-89-90-91-92-93-94-95-96-97-98-99-100 200 200 96 483.41101 100 80 120
100 81-82-83-84-85-86-87-88-89-90-91-92-93-94-95-96-97-98-99-100 200 200 96 515.31614 101 80 122
100 81-82-83-84-85-86-87-88-89-90-91-92-93-94-95-96-97-98-99-100 200 200 96 549.32357 107 85 129
100 81-82-83-84-85-86-87-88-89-90-91-92-93-94-95-96-97-98-99-100 200 200 96 585.55329 128 102 154
100 81-82-83-84-85-86-87-88-89-90-91-92-93-94-95-96-97-98-99-100 200 200 96 624.0905 196 156 236
100 81-82-83-84-85-86-87-88-89-90-91-92-93-94-95-96-97-98-99-100 200 200 96 664.88105 505 404 606
100 81-82-83-84-85-86-87-88-89-90-91-92-93-94-95-96-97-98-99-100 200 200 96 706.96802 960 768 1152
100 81-82-83-84-85-86-87-88-89-90-91-92-93-94-95-96-97-98-99-100 200 200 96 749.57463 9600 7679 11521
100 81-82-83-84-85-86-87-88-89-90-91-92-93-94-95-96-97-98-99-100 200 200 384 749.57463 192000 172796 211204
100 81-82-83-84-85-86-87-88-89-90-91-92-93-94-95-96-97-98-99-100 200 200 384 294.83269 100 90 110
100 81-82-83-84-85-86-87-88-89-90-91-92-93-94-95-96-97-98-99-100 200 200 384 304.56217 100 90 110
100 81-82-83-84-85-86-87-88-89-90-91-92-93-94-95-96-97-98-99-100 200 200 384 314.61272 100 90 110
100 81-82-83-84-85-86-87-88-89-90-91-92-93-94-95-96-97-98-99-100 200 200 384 324.99494 100 90 110
100 81-82-83-84-85-86-87-88-89-90-91-92-93-94-95-96-97-98-99-100 200 200 384 335.71977 100 90 110
100 81-82-83-84-85-86-87-88-89-90-91-92-93-94-95-96-97-98-99-100 200 200 384 346.79852 100 90 110
100 81-82-83-84-85-86-87-88-89-90-91-92-93-94-95-96-97-98-99-100 200 200 384 358.24287 100 90 110
100 81-82-83-84-85-86-87-88-89-90-91-92-93-94-95-96-97-98-99-100 200 200 384 370.06489 100 90 110
100 81-82-83-84-85-86-87-88-89-90-91-92-93-94-95-96-97-98-99-100 200 200 384 382.27703 100 90 110
100 81-82-83-84-85-86-87-88-89-90-91-92-93-94-95-96-97-98-99-100 200 200 384 394.89217 100 90 110
100 81-82-83-84-85-86-87-88-89-90-91-92-93-94-95-96-97-98-99-100 200 200 384 407.92361 100 90 110
100 81-82-83-84-85-86-87-88-89-90-91-92-93-94-95-96-97-98-99-100 200 200 384 421.38509 100 90 110
100 81-82-83-84-85-86-87-88-89-90-91-92-93-94-95-96-97-98-99-100 200 200 384 435.2908 100 90 110
100 81-82-83-84-85-86-87-88-89-90-91-92-93-94-95-96-97-98-99-100 200 200 384 449.6554 100 90 110
100 81-82-83-84-85-86-87-88-89-90-91-92-93-94-95-96-97-98-99-100 200 200 384 464.49403 100 90 110
100 81-82-83-84-85-86-87-88-89-90-91-92-93-94-95-96-97-98-99-100 200 200 384 479.82233 100 90 110
100 81-82-83-84-85-86-87-88-89-90-91-92-93-94-95-96-97-98-99-100 200 200 384 495.65647 100 90 110
100 81-82-83-84-85-86-87-88-89-90-91-92-93-94-95-96-97-98-99-100 200 200 384 512.01313 101 90 112
100 81-82-83-84-85-86-87-88-89-90-91-92-93-94-95-96-97-98-99-100 200 200 384 528.90786 104 93 115
100 81-82-83-84-85-86-87-88-89-90-91-92-93-94-95-96-97-98-99-100 200 200 384 546.35476 105 94 116
100 81-82-83-84-85-86-87-88-89-90-91-92-93-94-95-96-97-98-99-100 200 200 384 564.37537 112 100 124
100 81-82-83-84-85-86-87-88-89-90-91-92-93-94-95-96-97-98-99-100 200 200 384 582.97718 123 110 136
100 81-82-83-84-85-86-87-88-89-90-91-92-93-94-95-96-97-98-99-100 200 200 384 602.17073 153 137 169
100 81-82-83-84-85-86-87-88-89-90-91-92-93-94-95-96-97-98-99-100 200 200 384 621.93598 193 173 213
100 81-82-83-84-85-86-87-88-89-90-91-92-93-94-95-96-97-98-99-100 200 200 384 642.26707 269 242 296
100 81-82-83-84-85-86-87-88-89-90-91-92-93-94-95-96-97-98-99-100 200 200 384 663.10007 512 460 564
100 81-82-83-84-85-86-87-88-89-90-91-92-93-94-95-96-97-98-99-100 200 200 384 684.07171 914 822 1006
100 81-82-83-84-85-86-87-88-89-90-91-92-93-94-95-96-97-98-99-100 200 200 384 704.78997 1829 1646 2012
100 81-82-83-84-85-86-87-88-89-90-91-92-93-94-95-96-97-98-99-100 200 200 384 723.9861 12800 11519 14081
100 81-82-83-84-85-86-87-88-89-90-91-92-93-94-95-96-97-98-99-100 200 200 384 717.22889 5486 4937 6035
100 81-82-83-84-85-86-87-88-89-90-91-92-93-94-95-96-97-98-99-100 200 200 384 728.0208 12800 11519 14081
100 81-82-83-84-85-86-87-88-89-90-91-92-93-94-95-96-97-98-99-100 200 200 384 721.22594 3840 3455 4225
100 81-82-83-84-85-86-87-88-89-90-91-92-93-94-95-96-97-98-99-100 200 200 384 736.03511 4267 3840 4694
100 81-82-83-84-85-86-87-88-89-90-91-92-93-94-95-96-97-98-99-100 200 200 384 750.10074 12800 11519 14081
100 81-82-83-84-85-86-87-88-89-90-91-92-93-94-95-96-97-98-99-100 200 200 384 743.0998 9600 8639 10561
100 81-82-83-84-85-86-87-88-89-90-91-92-93-94-95-96-97-98-99-100 200 200 1537 743.0998 17078 16224 17932
100 81-82-83-84-85-86-87-88-89-90-91-92-93-94-95-96-97-98-99-100 200 200 1537 734.3337 9041 8589 9493
100 81-82-83-84-85-86-87-88-89-90-91-92-93-94-95-96-97-98-99-100 200 200 1537 735.50741 8539 8112 8966
100 81-82-83-84-85-86-87-88-89-90-91-92-93-94-95-96-97-98-99-100 200 200 1537 737.29837 6404 6083 6725
100 81-82-83-84-85-86-87-88-89-90-91-92-93-94-95-96-97-98-99-100 200 200 1537 741.71724 15370 14601 16139
100 81-82-83-84-85-86-87-88-89-90-91-92-93-94-95-96-97-98-99-100 200 200 1537 735.07887 9041 8589 9493
100 81-82-83-84-85-86-87-88-89-90-91-92-93-94-95-96-97-98-99-100 200 200 1537 736.25378 10247 9734 10760
100 81-82-83-84-85-86-87-88-89-90-91-92-93-94-95-96-97-98-99-100 200 200 6146 736.25378 9455 9218 9692
100 81-82-83-84-85-86-87-88-89-90-91-92-93-94-95-96-97-98-99-100 200 200 6146 736.58816 8780 8560 9000
100 81-82-83-84-85-86-87-88-89-90-91-92-93-94-95-96-97-98-99-100 200 200 6146 737.33702 8419 8208 8630
100 81-82-83-84-85-86-87-88-89-90-91-92-93-94-95-96-97-98-99-100 200 200 6146 738.30846 10597 10332 10862
100 81-82-83-84-85-86-87-88-89-90-91-92-93-94-95-96-97-98-99-100 200 200 6146 737.94116 10075 9823 10327
