data_dim axes n_training window_size n_sim threshold arl_est arl_lower arl_upper
100 100-99-98-97-96-92-95-88-89-93-94-84-85 200 200 96 24.6 100 80 120
100 100-99-98-97-96-92-95-88-89-93-94-84-85 200 200 96 26.2236 100 80 120
100 100-99-98-97-96-92-95-88-89-93-94-84-85 200 200 96 27.95436 100 80 120
100 100-99-98-97-96-92-95-88-89-93-94-84-85 200 200 96 29.79935 100 80 120
100 100-99-98-97-96-92-95-88-89-93-94-84-85 200 200 96 31.7661 100 80 120
100 100-99-98-97-96-92-95-88-89-93-94-84-85 200 200 96 33.86266 100 80 120
100 100-99-98-97-96-92-95-88-89-93-94-84-85 200 200 96 36.0976 100 80 120
100 100-99-98-97-96-92-95-88-89-93-94-84-85 200 200 96 38.48004 100 80 120
100 100-99-98-97-96-92-95-88-89-93-94-84-85 200 200 96 41.01973 100 80 120
100 100-99-98-97-96-92-95-88-89-93-94-84-85 200 200 96 43.72703 100 80 120
100 100-99-98-97-96-92-95-88-89-93-94-84-85 200 200 96 46.61301 100 80 120
100 100-99-98-97-96-92-95-88-89-93-94-84-85 200 200 96 49.68947 100 80 120
100 100-99-98-97-96-92-95-88-89-93-94-84-85 200 200 96 52.96897 100 80 120
100 100-99-98-97-96-92-95-88-89-93-94-84-85 200 200 96 56.46493 100 80 120
100 100-99-98-97-96-92-95-88-89-93-94-84-85 200 200 96 60.19161 100 80 120
100 100-99-98-97-96-92-95-88-89-93-94-84-85 200 200 96 64.16426 100 80 120
100 100-99-98-97-96-92-95-88-89-93-94-84-85 200 200 96 68.3991 100 80 120
100 100-99-98-97-96-92-95-88-89-93-94-84-85 200 200 96 72.91344 100 80 120
100 100-99-98-97-96-92-95-88-89-93-94-84-85 200 200 96 77.72573 100 80 120
100 100-99-98-97-96-92-95-88-89-93-94-84-85 200 200 96 82.85562 100 80 120
100 100-99-98-97-96-92-95-88-89-93-94-84-85 200 200 96 88.3241 100 80 120
100 100-99-98-97-96-92-95-88-89-93-94-84-85 200 200 96 94.15349 100 80 120
100 100-99-98-97-96-92-95-88-89-93-94-84-85 200 200 96 100.36762 100 80 120
100 100-99-98-97-96-92-95-88-89-93-94-84-85 200 200 96 106.99188 100 80 120
100 100-99-98-97-96-92-95-88-89-93-94-84-85 200 200 96 114.05334 100 80 120
100 100-99-98-97-96-92-95-88-89-93-94-84-85 200 200 96 121.58086 100 80 120
100 100-99-98-97-96-92-95-88-89-93-94-84-85 200 200 96 129.6052 100 80 120
100 100-99-98-97-96-92-95-88-89-93-94-84-85 200 200 96 138.15914 100 80 120
100 100-99-98-97-96-92-95-88-89-93-94-84-85 200 200 96 147.27765 100 80 120
100 100-99-98-97-96-92-95-88-89-93-94-84-85 200 200 96 156.99797 100 80 120
100 100-99-98-97-96-92-95-88-89-93-94-84-85 200 200 96 167.35984 100 80 120
100 100-99-98-97-96-92-95-88-89-93-94-84-85 200 200 96 178.40559 100 80 120
100 100-99-98-97-96-92-95-88-89-93-94-84-85 200 200 96 190.18036 100 80 120
100 100-99-98-97-96-92-95-88-89-93-94-84-85 200 200 96 202.73226 100 80 120
100 100-99-98-97-96-92-95-88-89-93-94-84-85 200 200 96 216.11259 100 80 120
100 100-99-98-97-96-92-95-88-89-93-94-84-85 200 200 96 230.37602 100 80 120
100 100-99-98-97-96-92-95-88-89-93-94-84-85 200 200 96 245.58084 100 80 120
100 100-99-98-97-96-92-95-88-89-93-94-84-85 200 200 96 261.78917 100 80 120
100 100-99-98-97-96-92-95-88-89-93-94-84-85 200 200 96 279.06726 100 80 120
100 100-99-98-97-96-92-95-88-89-93-94-84-85 200 200 96 297.4857 100 80 120
100 100-99-98-97-96-92-95-88-89-93-94-84-85 200 200 96 317.11975 100 80 120
100 100-99-98-97-96-92-95-88-89-93-94-84-85 200 200 96 338.04966 100 80 120
100 100-99-98-97-96-92-95-88-89-93-94-84-85 200 200 96 360.36093 101 80 122
100 100-99-98-97-96-92-95-88-89-93-94-84-85 200 200 96 384.14235 100 80 120
100 100-99-98-97-96-92-95-88-89-93-94-84-85 200 200 96 409.49575 104 83 125
100 100-99-98-97-96-92-95-88-89-93-94-84-85 200 200 96 436.51155 119 95 143
100 100-99-98-97-96-92-95-88-89-93-94-84-85 200 200 96 465.26602 152 121 183
100 100-99-98-97-96-92-95-88-89-93-94-84-85 200 200 96 495.81228 369 295 443
100 100-99-98-97-96-92-95-88-89-93-94-84-85 200 200 96 527.64674 738 590 886
100 100-99-98-97-96-92-95-88-89-93-94-84-85 200 200 96 560.22717 1600 1280 1920
100 100-99-98-97-96-92-95-88-89-93-94-84-85 200 200 96 591.59989 48000 38398 57602
100 100-99-98-97-96-92-95-88-89-93-94-84-85 200 200 96 441.72792 120 96 144
100 100-99-98-97-96-92-95-88-89-93-94-84-85 200 200 96 470.82306 157 125 189
100 100-99-98-97-96-92-95-88-89-93-94-84-85 200 200 96 501.71847 300 240 360
100 100-99-98-97-96-92-95-88-89-93-94-84-85 200 200 96 534.16293 1600 1280 1920
100 100-99-98-97-96-92-95-88-89-93-94-84-85 200 200 96 564.07606 3200 2559 3841
100 100-99-98-97-96-92-95-88-89-93-94-84-85 200 200 96 589.6475 48000 38398 57602
100 100-99-98-97-96-92-95-88-89-93-94-84-85 200 200 96 440.27014 117 93 141
100 100-99-98-97-96-92-95-88-89-93-94-84-85 200 200 96 469.27807 145 116 174
100 100-99-98-97-96-92-95-88-89-93-94-84-85 200 200 96 500.10964 291 232 350
100 100-99-98-97-96-92-95-88-89-93-94-84-85 200 200 96 532.48007 960 768 1152
100 100-99-98-97-96-92-95-88-89-93-94-84-85 200 200 96 564.57086 9600 7679 11521
100 100-99-98-97-96-92-95-88-89-93-94-84-85 200 200 384 564.57086 9600 8639 10561
100 100-99-98-97-96-92-95-88-89-93-94-84-85 200 200 1537 564.57086 4269 4055 4483
100 100-99-98-97-96-92-95-88-89-93-94-84-85 200 200 1537 569.96346 5300 5035 5565
100 100-99-98-97-96-92-95-88-89-93-94-84-85 200 200 1537 574.42817 7685 7300 8070
100 100-99-98-97-96-92-95-88-89-93-94-84-85 200 200 1537 576.64451 6986 6636 7336
100 100-99-98-97-96-92-95-88-89-93-94-84-85 200 200 1537 579.54118 10247 9734 10760
100 100-99-98-97-96-92-95-88-89-93-94-84-85 200 200 6146 579.54118 9038 8812 9264
100 100-99-98-97-96-92-95-88-89-93-94-84-85 200 200 6146 580.00578 11381 11096 11666
100 100-99-98-97-96-92-95-88-89-93-94-84-85 200 200 6146 579.33829 10243 9986 10500
