data_dim axes n_training window_size n_sim threshold arl_est arl_lower arl_upper
100 100-99-98-96-95-97-94-93-91-92-90-86-85-88-89-87-84-80 200 200 96 30.6 100 80 120
100 100-99-98-96-95-97-94-93-91-92-90-86-85-88-89-87-84-80 200 200 96 32.6196 100 80 120
100 100-99-98-96-95-97-94-93-91-92-90-86-85-88-89-87-84-80 200 200 96 34.77249 100 80 120
100 100-99-98-96-95-97-94-93-91-92-90-86-85-88-89-87-84-80 200 200 96 37.06748 100 80 120
100 100-99-98-96-95-97-94-93-91-92-90-86-85-88-89-87-84-80 200 200 96 39.51393 100 80 120
100 100-99-98-96-95-97-94-93-91-92-90-86-85-88-89-87-84-80 200 200 96 42.12185 100 80 120
100 100-99-98-96-95-97-94-93-91-92-90-86-85-88-89-87-84-80 200 200 96 44.90189 100 80 120
100 100-99-98-96-95-97-94-93-91-92-90-86-85-88-89-87-84-80 200 200 96 47.86542 100 80 120
100 100-99-98-96-95-97-94-93-91-92-90-86-85-88-89-87-84-80 200 200 96 51.02454 100 80 120
100 100-99-98-96-95-97-94-93-91-92-90-86-85-88-89-87-84-80 200 200 96 54.39216 100 80 120
100 100-99-98-96-95-97-94-93-91-92-90-86-85-88-89-87-84-80 200 200 96 57.98204 100 80 120
100 100-99-98-96-95-97-94-93-91-92-90-86-85-88-89-87-84-80 200 200 96 61.80885 100 80 120
100 100-99-98-96-95-97-94-93-91-92-90-86-85-88-89-87-84-80 200 200 96 65.88824 100 80 120
100 100-99-98-96-95-97-94-93-91-92-90-86-85-88-89-87-84-80 200 200 96 70.23686 100 80 120
100 100-99-98-96-95-97-94-93-91-92-90-86-85-88-89-87-84-80 200 200 96 74.87249 100 80 120
100 100-99-98-96-95-97-94-93-91-92-90-86-85-88-89-87-84-80 200 200 96 79.81408 100 80 120
100 100-99-98-96-95-97-94-93-91-92-90-86-85-88-89-87-84-80 200 200 96 85.08181 100 80 120
100 100-99-98-96-95-97-94-93-91-92-90-86-85-88-89-87-84-80 200 200 96 90.69721 100 80 120
100 100-99-98-96-95-97-94-93-91-92-90-86-85-88-89-87-84-80 200 200 96 96.68322 100 80 120
100 100-99-98-96-95-97-94-93-91-92-90-86-85-88-89-87-84-80 200 200 96 103.06431 100 80 120
100 100-99-98-96-95-97-94-93-91-92-90-86-85-88-89-87-84-80 200 200 96 109.86656 100 80 120
100 100-99-98-96-95-97-94-93-91-92-90-86-85-88-89-87-84-80 200 200 96 117.11775 100 80 120
100 100-99-98-96-95-97-94-93-91-92-90-86-85-88-89-87-84-80 200 200 96 124.84752 100 80 120
100 100-99-98-96-95-97-94-93-91-92-90-86-85-88-89-87-84-80 200 200 96 133.08746 100 80 120
100 100-99-98-96-95-97-94-93-91-92-90-86-85-88-89-87-84-80 200 200 96 141.87123 100 80 120
100 100-99-98-96-95-97-94-93-91-92-90-86-85-88-89-87-84-80 200 200 96 151.23473 100 80 120
100 100-99-98-96-95-97-94-93-91-92-90-86-85-88-89-87-84-80 200 200 96 161.21623 100 80 120
100 100-99-98-96-95-97-94-93-91-92-90-86-85-88-89-87-84-80 200 200 96 171.8565 100 80 120
100 100-99-98-96-95-97-94-93-91-92-90-86-85-88-89-87-84-80 200 200 96 183.19902 100 80 120
100 100-99-98-96-95-97-94-93-91-92-90-86-85-88-89-87-84-80 200 200 96 195.29016 100 80 120
100 100-99-98-96-95-97-94-93-91-92-90-86-85-88-89-87-84-80 200 200 96 208.17931 100 80 120
100 100-99-98-96-95-97-94-93-91-92-90-86-85-88-89-87-84-80 200 200 96 221.91915 100 80 120
100 100-99-98-96-95-97-94-93-91-92-90-86-85-88-89-87-84-80 200 200 96 236.56581 100 80 120
100 100-99-98-96-95-97-94-93-91-92-90-86-85-88-89-87-84-80 200 200 96 252.17915 100 80 120
100 100-99-98-96-95-97-94-93-91-92-90-86-85-88-89-87-84-80 200 200 96 268.82298 100 80 120
100 100-99-98-96-95-97-94-93-91-92-90-86-85-88-89-87-84-80 200 200 96 286.56529 100 80 120
100 100-99-98-96-95-97-94-93-91-92-90-86-85-88-89-87-84-80 200 200 96 305.4786 100 80 120
100 100-99-98-96-95-97-94-93-91-92-90-86-85-88-89-87-84-80 200 200 96 325.64019 100 80 120
100 100-99-98-96-95-97-94-93-91-92-90-86-85-88-89-87-84-80 200 200 96 347.13244 100 80 120
100 100-99-98-96-95-97-94-93-91-92-90-86-85-88-89-87-84-80 200 200 96 370.04318 100 80 120
100 100-99-98-96-95-97-94-93-91-92-90-86-85-88-89-87-84-80 200 200 96 394.46603 100 80 120
100 100-99-98-96-95-97-94-93-91-92-90-86-85-88-89-87-84-80 200 200 96 420.50079 100 80 120
100 100-99-98-96-95-97-94-93-91-92-90-86-85-88-89-87-84-80 200 200 96 448.25384 100 80 120
100 100-99-98-96-95-97-94-93-91-92-90-86-85-88-89-87-84-80 200 200 96 477.8386 100 80 120
100 100-99-98-96-95-97-94-93-91-92-90-86-85-88-89-87-84-80 200 200 96 509.37595 100 80 120
100 100-99-98-96-95-97-94-93-91-92-90-86-85-88-89-87-84-80 200 200 96 542.99476 102 81 123
100 100-99-98-96-95-97-94-93-91-92-90-86-85-88-89-87-84-80 200 200 96 578.82517 117 93 141
100 100-99-98-96-95-97-94-93-91-92-90-86-85-88-89-87-84-80 200 200 96 616.96203 175 140 210
100 100-99-98-96-95-97-94-93-91-92-90-86-85-88-89-87-84-80 200 200 96 657.37305 320 256 384
100 100-99-98-96-95-97-94-93-91-92-90-86-85-88-89-87-84-80 200 200 96 699.79552 2400 1920 2880
100 100-99-98-96-95-97-94-93-91-92-90-86-85-88-89-87-84-80 200 200 96 735.25183 3200 2559 3841
100 100-99-98-96-95-97-94-93-91-92-90-86-85-88-89-87-84-80 200 200 96 768.58324 48000 38398 57602
100 100-99-98-96-95-97-94-93-91-92-90-86-85-88-89-87-84-80 200 200 96 573.87549 105 84 126
100 100-99-98-96-95-97-94-93-91-92-90-86-85-88-89-87-84-80 200 200 96 611.73214 150 120 180
100 100-99-98-96-95-97-94-93-91-92-90-86-85-88-89-87-84-80 200 200 96 651.90255 480 384 576
100 100-99-98-96-95-97-94-93-91-92-90-86-85-88-89-87-84-80 200 200 96 693.27663 960 768 1152
100 100-99-98-96-95-97-94-93-91-92-90-86-85-88-89-87-84-80 200 200 96 735.05811 48000 38398 57602
100 100-99-98-96-95-97-94-93-91-92-90-86-85-88-89-87-84-80 200 200 96 548.84339 102 81 123
100 100-99-98-96-95-97-94-93-91-92-90-86-85-88-89-87-84-80 200 200 96 585.05973 125 100 150
100 100-99-98-96-95-97-94-93-91-92-90-86-85-88-89-87-84-80 200 200 96 623.57616 171 136 206
100 100-99-98-96-95-97-94-93-91-92-90-86-85-88-89-87-84-80 200 200 96 664.43703 384 307 461
100 100-99-98-96-95-97-94-93-91-92-90-86-85-88-89-87-84-80 200 200 96 707.03187 1371 1096 1646
100 100-99-98-96-95-97-94-93-91-92-90-86-85-88-89-87-84-80 200 200 96 747.70506 9600 7679 11521
100 100-99-98-96-95-97-94-93-91-92-90-86-85-88-89-87-84-80 200 200 384 747.70506 9600 8639 10561
100 100-99-98-96-95-97-94-93-91-92-90-86-85-88-89-87-84-80 200 200 1537 747.70506 9606 9125 10087
100 100-99-98-96-95-97-94-93-91-92-90-86-85-88-89-87-84-80 200 200 6146 747.70506 12292 11984 12600
100 100-99-98-96-95-97-94-93-91-92-90-86-85-88-89-87-84-80 200 200 6146 746.27695 13077 12750 13404
100 100-99-98-96-95-97-94-93-91-92-90-86-85-88-89-87-84-80 200 200 6146 744.36337 10075 9823 10327
