data_dim axes n_training window_size n_sim threshold arl_est arl_lower arl_upper
100 1-2-3-4-5-6-7-8-9-10-11-12-13-14-15-16-17-18-19-20 200 200 96 33 102 81 123
100 1-2-3-4-5-6-7-8-9-10-11-12-13-14-15-16-17-18-19-20 200 200 96 35.17756 112 89 135
100 1-2-3-4-5-6-7-8-9-10-11-12-13-14-15-16-17-18-19-20 200 200 96 37.49646 196 156 236
100 1-2-3-4-5-6-7-8-9-10-11-12-13-14-15-16-17-18-19-20 200 200 96 39.94723 400 320 480
100 1-2-3-4-5-6-7-8-9-10-11-12-13-14-15-16-17-18-19-20 200 200 96 42.50386 738 590 886
100 1-2-3-4-5-6-7-8-9-10-11-12-13-14-15-16-17-18-19-20 200 200 96 45.12833 960 768 1152
100 1-2-3-4-5-6-7-8-9-10-11-12-13-14-15-16-17-18-19-20 200 200 96 47.84806 1600 1280 1920
100 1-2-3-4-5-6-7-8-9-10-11-12-13-14-15-16-17-18-19-20 200 200 96 50.52755 48000 38398 57602
100 1-2-3-4-5-6-7-8-9-10-11-12-13-14-15-16-17-18-19-20 200 200 96 37.72724 185 148 222
100 1-2-3-4-5-6-7-8-9-10-11-12-13-14-15-16-17-18-19-20 200 200 96 40.19586 384 307 461
100 1-2-3-4-5-6-7-8-9-10-11-12-13-14-15-16-17-18-19-20 200 200 96 42.77268 1067 853 1281
100 1-2-3-4-5-6-7-8-9-10-11-12-13-14-15-16-17-18-19-20 200 200 96 45.31994 2400 1920 2880
100 1-2-3-4-5-6-7-8-9-10-11-12-13-14-15-16-17-18-19-20 200 200 96 47.61615 1920 1536 2304
100 1-2-3-4-5-6-7-8-9-10-11-12-13-14-15-16-17-18-19-20 200 200 96 50.18107 48000 38398 57602
100 1-2-3-4-5-6-7-8-9-10-11-12-13-14-15-16-17-18-19-20 200 200 96 37.46853 185 148 222
100 1-2-3-4-5-6-7-8-9-10-11-12-13-14-15-16-17-18-19-20 200 200 96 39.92022 457 365 549
100 1-2-3-4-5-6-7-8-9-10-11-12-13-14-15-16-17-18-19-20 200 200 96 42.45995 738 590 886
100 1-2-3-4-5-6-7-8-9-10-11-12-13-14-15-16-17-18-19-20 200 200 96 45.08171 3200 2559 3841
100 1-2-3-4-5-6-7-8-9-10-11-12-13-14-15-16-17-18-19-20 200 200 96 47.12541 1600 1280 1920
100 1-2-3-4-5-6-7-8-9-10-11-12-13-14-15-16-17-18-19-20 200 200 96 49.76444 4800 3839 5761
100 1-2-3-4-5-6-7-8-9-10-11-12-13-14-15-16-17-18-19-20 200 200 96 51.4896 9600 7679 11521
100 1-2-3-4-5-6-7-8-9-10-11-12-13-14-15-16-17-18-19-20 200 200 384 51.4896 192000 172796 211204
100 1-2-3-4-5-6-7-8-9-10-11-12-13-14-15-16-17-18-19-20 200 200 384 20.25258 100 90 110
100 1-2-3-4-5-6-7-8-9-10-11-12-13-14-15-16-17-18-19-20 200 200 384 20.92091 100 90 110
100 1-2-3-4-5-6-7-8-9-10-11-12-13-14-15-16-17-18-19-20 200 200 384 21.6113 100 90 110
100 1-2-3-4-5-6-7-8-9-10-11-12-13-14-15-16-17-18-19-20 200 200 384 22.32448 100 90 110
100 1-2-3-4-5-6-7-8-9-10-11-12-13-14-15-16-17-18-19-20 200 200 384 23.06118 100 90 110
100 1-2-3-4-5-6-7-8-9-10-11-12-13-14-15-16-17-18-19-20 200 200 384 23.8222 100 90 110
100 1-2-3-4-5-6-7-8-9-10-11-12-13-14-15-16-17-18-19-20 200 200 384 24.60833 100 90 110
100 1-2-3-4-5-6-7-8-9-10-11-12-13-14-15-16-17-18-19-20 200 200 384 25.42041 100 90 110
100 1-2-3-4-5-6-7-8-9-10-11-12-13-14-15-16-17-18-19-20 200 200 384 26.25928 100 90 110
100 1-2-3-4-5-6-7-8-9-10-11-12-13-14-15-16-17-18-19-20 200 200 384 27.12584 100 90 110
100 1-2-3-4-5-6-7-8-9-10-11-12-13-14-15-16-17-18-19-20 200 200 384 28.02099 100 90 110
100 1-2-3-4-5-6-7-8-9-10-11-12-13-14-15-16-17-18-19-20 200 200 384 28.94569 100 90 110
100 1-2-3-4-5-6-7-8-9-10-11-12-13-14-15-16-17-18-19-20 200 200 384 29.90089 100 90 110
100 1-2-3-4-5-6-7-8-9-10-11-12-13-14-15-16-17-18-19-20 200 200 384 30.88762 100 90 110
100 1-2-3-4-5-6-7-8-9-10-11-12-13-14-15-16-17-18-19-20 200 200 384 31.90691 101 90 112
100 1-2-3-4-5-6-7-8-9-10-11-12-13-14-15-16-17-18-19-20 200 200 384 32.95974 102 91 113
100 1-2-3-4-5-6-7-8-9-10-11-12-13-14-15-16-17-18-19-20 200 200 384 34.04719 108 97 119
100 1-2-3-4-5-6-7-8-9-10-11-12-13-14-15-16-17-18-19-20 200 200 384 35.16984 125 112 138
100 1-2-3-4-5-6-7-8-9-10-11-12-13-14-15-16-17-18-19-20 200 200 384 36.32751 133 119 147
100 1-2-3-4-5-6-7-8-9-10-11-12-13-14-15-16-17-18-19-20 200 200 384 37.52232 186 167 205
100 1-2-3-4-5-6-7-8-9-10-11-12-13-14-15-16-17-18-19-20 200 200 384 38.7498 225 202 248
100 1-2-3-4-5-6-7-8-9-10-11-12-13-14-15-16-17-18-19-20 200 200 384 40.0124 380 342 418
100 1-2-3-4-5-6-7-8-9-10-11-12-13-14-15-16-17-18-19-20 200 200 384 41.29546 474 426 522
100 1-2-3-4-5-6-7-8-9-10-11-12-13-14-15-16-17-18-19-20 200 200 384 42.60673 800 720 880
100 1-2-3-4-5-6-7-8-9-10-11-12-13-14-15-16-17-18-19-20 200 200 384 43.91334 1164 1047 1281
100 1-2-3-4-5-6-7-8-9-10-11-12-13-14-15-16-17-18-19-20 200 200 384 45.20673 1670 1503 1837
100 1-2-3-4-5-6-7-8-9-10-11-12-13-14-15-16-17-18-19-20 200 200 384 46.46197 2560 2304 2816
100 1-2-3-4-5-6-7-8-9-10-11-12-13-14-15-16-17-18-19-20 200 200 384 47.61423 12800 11519 14081
100 1-2-3-4-5-6-7-8-9-10-11-12-13-14-15-16-17-18-19-20 200 200 384 47.16983 3200 2879 3521
100 1-2-3-4-5-6-7-8-9-10-11-12-13-14-15-16-17-18-19-20 200 200 384 48.23901 7680 6911 8449
100 1-2-3-4-5-6-7-8-9-10-11-12-13-14-15-16-17-18-19-20 200 200 384 48.61206 5486 4937 6035
100 1-2-3-4-5-6-7-8-9-10-11-12-13-14-15-16-17-18-19-20 200 200 384 49.34351 12800 11519 14081
100 1-2-3-4-5-6-7-8-9-10-11-12-13-14-15-16-17-18-19-20 200 200 384 48.88297 19200 17279 21121
100 1-2-3-4-5-6-7-8-9-10-11-12-13-14-15-16-17-18-19-20 200 200 384 47.38389 5486 4937 6035
100 1-2-3-4-5-6-7-8-9-10-11-12-13-14-15-16-17-18-19-20 200 200 384 48.09686 5486 4937 6035
100 1-2-3-4-5-6-7-8-9-10-11-12-13-14-15-16-17-18-19-20 200 200 384 48.82056 5486 4937 6035
100 1-2-3-4-5-6-7-8-9-10-11-12-13-14-15-16-17-18-19-20 200 200 384 49.55515 12800 11519 14081
100 1-2-3-4-5-6-7-8-9-10-11-12-13-14-15-16-17-18-19-20 200 200 384 49.09263 5486 4937 6035
100 1-2-3-4-5-6-7-8-9-10-11-12-13-14-15-16-17-18-19-20 200 200 384 49.83131 9600 8639 10561
100 1-2-3-4-5-6-7-8-9-10-11-12-13-14-15-16-17-18-19-20 200 200 1537 49.83131 11823 11231 12415
100 1-2-3-4-5-6-7-8-9-10-11-12-13-14-15-16-17-18-19-20 200 200 1537 49.67991 12808 12167 13449
100 1-2-3-4-5-6-7-8-9-10-11-12-13-14-15-16-17-18-19-20 200 200 1537 49.44741 7685 7300 8070
100 1-2-3-4-5-6-7-8-9-10-11-12-13-14-15-16-17-18-19-20 200 200 1537 49.63819 7319 6953 7685
100 1-2-3-4-5-6-7-8-9-10-11-12-13-14-15-16-17-18-19-20 200 200 1537 49.85999 11823 11231 12415
100 1-2-3-4-5-6-7-8-9-10-11-12-13-14-15-16-17-18-19-20 200 200 1537 49.7085 9606 9125 10087
100 1-2-3-4-5-6-7-8-9-10-11-12-13-14-15-16-17-18-19-20 200 200 6146 49.7085 7780 7585 7975
100 1-2-3-4-5-6-7-8-9-10-11-12-13-14-15-16-17-18-19-20 200 200 6146 49.80046 10075 9823 10327
