data_dim axes n_training window_size n_sim threshold arl_est arl_lower arl_upper
100 100-99-97-98-96-95 200 200 96 16.2 100 80 120
100 100-99-97-98-96-95 200 200 96 17.2692 100 80 120
100 100-99-97-98-96-95 200 200 96 18.40897 100 80 120
100 100-99-97-98-96-95 200 200 96 19.62396 100 80 120
100 100-99-97-98-96-95 200 200 96 20.91914 100 80 120
100 100-99-97-98-96-95 200 200 96 22.2998 100 80 120
100 100-99-97-98-96-95 200 200 96 23.77159 100 80 120
100 100-99-97-98-96-95 200 200 96 25.34052 100 80 120
100 100-99-97-98-96-95 200 200 96 27.01299 100 80 120
100 100-99-97-98-96-95 200 200 96 28.79585 100 80 120
100 100-99-97-98-96-95 200 200 96 30.69637 100 80 120
100 100-99-97-98-96-95 200 200 96 32.72233 100 80 120
100 100-99-97-98-96-95 200 200 96 34.88201 100 80 120
100 100-99-97-98-96-95 200 200 96 37.18422 100 80 120
100 100-99-97-98-96-95 200 200 96 39.63838 100 80 120
100 100-99-97-98-96-95 200 200 96 42.25451 100 80 120
100 100-99-97-98-96-95 200 200 96 45.04331 100 80 120
100 100-99-97-98-96-95 200 200 96 48.01617 100 80 120
100 100-99-97-98-96-95 200 200 96 51.18523 100 80 120
100 100-99-97-98-96-95 200 200 96 54.56346 100 80 120
100 100-99-97-98-96-95 200 200 96 58.16465 100 80 120
100 100-99-97-98-96-95 200 200 96 62.00352 100 80 120
100 100-99-97-98-96-95 200 200 96 66.09575 100 80 120
100 100-99-97-98-96-95 200 200 96 70.45807 100 80 120
100 100-99-97-98-96-95 200 200 96 75.1083 100 80 120
100 100-99-97-98-96-95 200 200 96 80.06545 100 80 120
100 100-99-97-98-96-95 200 200 96 85.34977 100 80 120
100 100-99-97-98-96-95 200 200 96 90.98285 100 80 120
100 100-99-97-98-96-95 200 200 96 96.98772 100 80 120
100 100-99-97-98-96-95 200 200 96 103.38891 100 80 120
100 100-99-97-98-96-95 200 200 96 110.21258 100 80 120
100 100-99-97-98-96-95 200 200 96 117.48661 100 80 120
100 100-99-97-98-96-95 200 200 96 125.24072 100 80 120
100 100-99-97-98-96-95 200 200 96 133.50661 100 80 120
100 100-99-97-98-96-95 200 200 96 142.31805 100 80 120
100 100-99-97-98-96-95 200 200 96 151.71104 101 80 122
100 100-99-97-98-96-95 200 200 96 161.72295 107 85 129
100 100-99-97-98-96-95 200 200 96 172.38912 104 83 125
100 100-99-97-98-96-95 200 200 96 183.76221 119 95 143
100 100-99-97-98-96-95 200 200 96 195.86724 132 105 159
100 100-99-97-98-96-95 200 200 96 208.75269 181 144 218
100 100-99-97-98-96-95 200 200 96 222.41764 267 213 321
100 100-99-97-98-96-95 200 200 96 236.84958 384 307 461
100 100-99-97-98-96-95 200 200 96 252.03322 800 640 960
100 100-99-97-98-96-95 200 200 96 267.49125 3200 2559 3841
100 100-99-97-98-96-95 200 200 96 279.61752 48000 38398 57602
100 100-99-97-98-96-95 200 200 96 208.78108 181 144 218
100 100-99-97-98-96-95 200 200 96 222.44789 282 225 339
100 100-99-97-98-96-95 200 200 96 236.85955 505 404 606
100 100-99-97-98-96-95 200 200 96 251.85276 1920 1536 2304
100 100-99-97-98-96-95 200 200 96 265.41923 3200 2559 3841
100 100-99-97-98-96-95 200 200 96 277.45157 9600 7679 11521
100 100-99-97-98-96-95 200 200 384 277.45157 12800 11519 14081
100 100-99-97-98-96-95 200 200 384 274.86202 5486 4937 6035
100 100-99-97-98-96-95 200 200 384 278.99778 4800 4319 5281
100 100-99-97-98-96-95 200 200 384 283.83374 12800 11519 14081
100 100-99-97-98-96-95 200 200 384 281.18463 5486 4937 6035
100 100-99-97-98-96-95 200 200 384 285.41552 5486 4937 6035
100 100-99-97-98-96-95 200 200 384 289.71007 12800 11519 14081
100 100-99-97-98-96-95 200 200 384 287.00611 12800 11519 14081
100 100-99-97-98-96-95 200 200 384 284.32738 192000 172796 211204
100 100-99-97-98-96-95 200 200 384 111.83544 100 90 110
100 100-99-97-98-96-95 200 200 384 115.52601 100 90 110
100 100-99-97-98-96-95 200 200 384 119.33837 100 90 110
100 100-99-97-98-96-95 200 200 384 123.27653 100 90 110
100 100-99-97-98-96-95 200 200 384 127.34466 100 90 110
100 100-99-97-98-96-95 200 200 384 131.54703 100 90 110
100 100-99-97-98-96-95 200 200 384 135.88808 100 90 110
100 100-99-97-98-96-95 200 200 384 140.37239 100 90 110
100 100-99-97-98-96-95 200 200 384 145.00468 100 90 110
100 100-99-97-98-96-95 200 200 384 149.78983 101 90 112
100 100-99-97-98-96-95 200 200 384 154.7324 101 90 112
100 100-99-97-98-96-95 200 200 384 159.83805 101 90 112
100 100-99-97-98-96-95 200 200 384 165.11217 104 93 115
100 100-99-97-98-96-95 200 200 384 170.55867 106 95 117
100 100-99-97-98-96-95 200 200 384 176.1837 109 98 120
100 100-99-97-98-96-95 200 200 384 181.99248 113 101 125
100 100-99-97-98-96-95 200 200 384 187.99034 119 107 131
100 100-99-97-98-96-95 200 200 384 194.18212 126 113 139
100 100-99-97-98-96-95 200 200 384 200.5733 139 125 153
100 100-99-97-98-96-95 200 200 384 207.16614 156 140 172
100 100-99-97-98-96-95 200 200 384 213.96395 186 167 205
100 100-99-97-98-96-95 200 200 384 220.96343 239 215 263
100 100-99-97-98-96-95 200 200 384 228.15284 295 265 325
100 100-99-97-98-96-95 200 200 384 235.53359 447 402 492
100 100-99-97-98-96-95 200 200 384 243.03376 686 617 755
100 100-99-97-98-96-95 200 200 384 250.57915 873 785 961
100 100-99-97-98-96-95 200 200 384 258.2026 1829 1646 2012
100 100-99-97-98-96-95 200 200 384 265.23518 2133 1919 2347
100 100-99-97-98-96-95 200 200 384 272.19053 2954 2658 3250
100 100-99-97-98-96-95 200 200 384 278.58338 12800 11519 14081
100 100-99-97-98-96-95 200 200 384 275.98327 12800 11519 14081
100 100-99-97-98-96-95 200 200 384 273.40742 3491 3141 3841
100 100-99-97-98-96-95 200 200 384 279.33945 192000 172796 211204
100 100-99-97-98-96-95 200 200 384 109.87352 100 90 110
100 100-99-97-98-96-95 200 200 384 113.49934 100 90 110
100 100-99-97-98-96-95 200 200 384 117.24482 100 90 110
100 100-99-97-98-96-95 200 200 384 121.1139 100 90 110
100 100-99-97-98-96-95 200 200 384 125.11066 100 90 110
100 100-99-97-98-96-95 200 200 384 129.23931 100 90 110
100 100-99-97-98-96-95 200 200 384 133.50421 100 90 110
100 100-99-97-98-96-95 200 200 384 137.90985 100 90 110
100 100-99-97-98-96-95 200 200 384 142.46087 100 90 110
100 100-99-97-98-96-95 200 200 384 147.16208 101 90 112
100 100-99-97-98-96-95 200 200 384 152.01794 101 90 112
100 100-99-97-98-96-95 200 200 384 157.03403 102 91 113
100 100-99-97-98-96-95 200 200 384 162.2151 102 91 113
100 100-99-97-98-96-95 200 200 384 167.56712 103 92 114
100 100-99-97-98-96-95 200 200 384 173.09516 106 95 117
100 100-99-97-98-96-95 200 200 384 178.80384 108 97 119
100 100-99-97-98-96-95 200 200 384 184.69959 117 105 129
100 100-99-97-98-96-95 200 200 384 190.78421 120 108 132
100 100-99-97-98-96-95 200 200 384 197.06737 139 125 153
100 100-99-97-98-96-95 200 200 384 203.54498 159 143 175
100 100-99-97-98-96-95 200 200 384 210.22193 179 161 197
100 100-99-97-98-96-95 200 200 384 217.1039 223 200 246
100 100-99-97-98-96-95 200 200 384 224.17931 289 260 318
100 100-99-97-98-96-95 200 200 384 231.436 400 360 440
100 100-99-97-98-96-95 200 200 384 238.84195 651 585 717
100 100-99-97-98-96-95 200 200 384 246.28506 768 691 845
100 100-99-97-98-96-95 200 200 384 253.86407 1164 1047 1281
100 100-99-97-98-96-95 200 200 384 261.34122 1600 1440 1760
100 100-99-97-98-96-95 200 200 384 268.65877 2259 2033 2485
100 100-99-97-98-96-95 200 200 384 275.59106 3491 3141 3841
100 100-99-97-98-96-95 200 200 384 281.57047 9600 8639 10561
100 100-99-97-98-96-95 200 200 1537 281.57047 7685 7300 8070
100 100-99-97-98-96-95 200 200 1537 282.65686 9041 8589 9493
100 100-99-97-98-96-95 200 200 1537 283.10864 9606 9125 10087
100 100-99-97-98-96-95 200 200 6146 283.10864 9312 9079 9545
100 100-99-97-98-96-95 200 200 6146 283.27096 9455 9218 9692
100 100-99-97-98-96-95 200 200 6146 283.39961 8656 8439 8873
100 100-99-97-98-96-95 200 200 6146 283.71702 10243 9986 10500
