data_dim axes n_training window_size n_sim threshold arl_est arl_lower arl_upper
100 100-99-98-97-96-95-94-93-91-92-90-89-88-86-87-85-82 200 200 96 29.4 100 80 120
100 100-99-98-97-96-95-94-93-91-92-90-89-88-86-87-85-82 200 200 96 31.3404 100 80 120
100 100-99-98-97-96-95-94-93-91-92-90-89-88-86-87-85-82 200 200 96 33.40887 100 80 120
100 100-99-98-97-96-95-94-93-91-92-90-89-88-86-87-85-82 200 200 96 35.61385 100 80 120
100 100-99-98-97-96-95-94-93-91-92-90-89-88-86-87-85-82 200 200 96 37.96437 100 80 120
100 100-99-98-97-96-95-94-93-91-92-90-89-88-86-87-85-82 200 200 96 40.47001 100 80 120
100 100-99-98-97-96-95-94-93-91-92-90-89-88-86-87-85-82 200 200 96 43.14103 100 80 120
100 100-99-98-97-96-95-94-93-91-92-90-89-88-86-87-85-82 200 200 96 45.98834 100 80 120
100 100-99-98-97-96-95-94-93-91-92-90-89-88-86-87-85-82 200 200 96 49.02357 100 80 120
100 100-99-98-97-96-95-94-93-91-92-90-89-88-86-87-85-82 200 200 96 52.25913 100 80 120
100 100-99-98-97-96-95-94-93-91-92-90-89-88-86-87-85-82 200 200 96 55.70823 100 80 120
100 100-99-98-97-96-95-94-93-91-92-90-89-88-86-87-85-82 200 200 96 59.38498 100 80 120
100 100-99-98-97-96-95-94-93-91-92-90-89-88-86-87-85-82 200 200 96 63.30438 100 80 120
100 100-99-98-97-96-95-94-93-91-92-90-89-88-86-87-85-82 200 200 96 67.48247 100 80 120
100 100-99-98-97-96-95-94-93-91-92-90-89-88-86-87-85-82 200 200 96 71.93632 100 80 120
100 100-99-98-97-96-95-94-93-91-92-90-89-88-86-87-85-82 200 200 96 76.68411 100 80 120
100 100-99-98-97-96-95-94-93-91-92-90-89-88-86-87-85-82 200 200 96 81.74526 100 80 120
100 100-99-98-97-96-95-94-93-91-92-90-89-88-86-87-85-82 200 200 96 87.14045 100 80 120
100 100-99-98-97-96-95-94-93-91-92-90-89-88-86-87-85-82 200 200 96 92.89172 100 80 120
100 100-99-98-97-96-95-94-93-91-92-90-89-88-86-87-85-82 200 200 96 99.02258 100 80 120
100 100-99-98-97-96-95-94-93-91-92-90-89-88-86-87-85-82 200 200 96 105.55807 100 80 120
100 100-99-98-97-96-95-94-93-91-92-90-89-88-86-87-85-82 200 200 96 112.5249 100 80 120
100 100-99-98-97-96-95-94-93-91-92-90-89-88-86-87-85-82 200 200 96 119.95154 100 80 120
100 100-99-98-97-96-95-94-93-91-92-90-89-88-86-87-85-82 200 200 96 127.86834 100 80 120
100 100-99-98-97-96-95-94-93-91-92-90-89-88-86-87-85-82 200 200 96 136.30765 100 80 120
100 100-99-98-97-96-95-94-93-91-92-90-89-88-86-87-85-82 200 200 96 145.30396 100 80 120
100 100-99-98-97-96-95-94-93-91-92-90-89-88-86-87-85-82 200 200 96 154.89402 100 80 120
100 100-99-98-97-96-95-94-93-91-92-90-89-88-86-87-85-82 200 200 96 165.11703 100 80 120
100 100-99-98-97-96-95-94-93-91-92-90-89-88-86-87-85-82 200 200 96 176.01475 100 80 120
100 100-99-98-97-96-95-94-93-91-92-90-89-88-86-87-85-82 200 200 96 187.63172 100 80 120
100 100-99-98-97-96-95-94-93-91-92-90-89-88-86-87-85-82 200 200 96 200.01542 100 80 120
100 100-99-98-97-96-95-94-93-91-92-90-89-88-86-87-85-82 200 200 96 213.21643 100 80 120
100 100-99-98-97-96-95-94-93-91-92-90-89-88-86-87-85-82 200 200 96 227.28872 100 80 120
100 100-99-98-97-96-95-94-93-91-92-90-89-88-86-87-85-82 200 200 96 242.28977 100 80 120
100 100-99-98-97-96-95-94-93-91-92-90-89-88-86-87-85-82 200 200 96 258.2809 100 80 120
100 100-99-98-97-96-95-94-93-91-92-90-89-88-86-87-85-82 200 200 96 275.32744 100 80 120
100 100-99-98-97-96-95-94-93-91-92-90-89-88-86-87-85-82 200 200 96 293.49905 100 80 120
100 100-99-98-97-96-95-94-93-91-92-90-89-88-86-87-85-82 200 200 96 312.86999 100 80 120
100 100-99-98-97-96-95-94-93-91-92-90-89-88-86-87-85-82 200 200 96 333.51941 100 80 120
100 100-99-98-97-96-95-94-93-91-92-90-89-88-86-87-85-82 200 200 96 355.53169 100 80 120
100 100-99-98-97-96-95-94-93-91-92-90-89-88-86-87-85-82 200 200 96 378.99678 100 80 120
100 100-99-98-97-96-95-94-93-91-92-90-89-88-86-87-85-82 200 200 96 404.01057 100 80 120
100 100-99-98-97-96-95-94-93-91-92-90-89-88-86-87-85-82 200 200 96 430.67526 100 80 120
100 100-99-98-97-96-95-94-93-91-92-90-89-88-86-87-85-82 200 200 96 459.09983 100 80 120
100 100-99-98-97-96-95-94-93-91-92-90-89-88-86-87-85-82 200 200 96 489.40042 100 80 120
100 100-99-98-97-96-95-94-93-91-92-90-89-88-86-87-85-82 200 200 96 521.70085 100 80 120
100 100-99-98-97-96-95-94-93-91-92-90-89-88-86-87-85-82 200 200 96 556.1331 101 80 122
100 100-99-98-97-96-95-94-93-91-92-90-89-88-86-87-85-82 200 200 96 592.83418 110 88 132
100 100-99-98-97-96-95-94-93-91-92-90-89-88-86-87-85-82 200 200 96 631.92171 133 106 160
100 100-99-98-97-96-95-94-93-91-92-90-89-88-86-87-85-82 200 200 96 673.48952 274 219 329
100 100-99-98-97-96-95-94-93-91-92-90-89-88-86-87-85-82 200 200 96 717.15858 1920 1536 2304
100 100-99-98-97-96-95-94-93-91-92-90-89-88-86-87-85-82 200 200 96 755.78953 48000 38398 57602
100 100-99-98-97-96-95-94-93-91-92-90-89-88-86-87-85-82 200 200 96 564.32285 103 82 124
100 100-99-98-97-96-95-94-93-91-92-90-89-88-86-87-85-82 200 200 96 601.55687 114 91 137
100 100-99-98-97-96-95-94-93-91-92-90-89-88-86-87-85-82 200 200 96 641.20348 150 120 180
100 100-99-98-97-96-95-94-93-91-92-90-89-88-86-87-85-82 200 200 96 683.30917 400 320 480
100 100-99-98-97-96-95-94-93-91-92-90-89-88-86-87-85-82 200 200 96 727.04096 1920 1536 2304
100 100-99-98-97-96-95-94-93-91-92-90-89-88-86-87-85-82 200 200 96 766.20423 9600 7679 11521
100 100-99-98-97-96-95-94-93-91-92-90-89-88-86-87-85-82 200 200 384 766.20423 12800 11519 14081
100 100-99-98-97-96-95-94-93-91-92-90-89-88-86-87-85-82 200 200 384 759.05299 9600 8639 10561
100 100-99-98-97-96-95-94-93-91-92-90-89-88-86-87-85-82 200 200 1537 759.05299 5912 5616 6208
100 100-99-98-97-96-95-94-93-91-92-90-89-88-86-87-85-82 200 200 1537 764.22467 10247 9734 10760
100 100-99-98-97-96-95-94-93-91-92-90-89-88-86-87-85-82 200 200 6146 764.22467 9173 8943 9403
100 100-99-98-97-96-95-94-93-91-92-90-89-88-86-87-85-82 200 200 6146 764.75135 10075 9823 10327
