data_dim axes n_training window_size n_sim threshold arl_est arl_lower arl_upper
100 1-2-3-4-5-6-7-8-9-10-11-12-13-14-15-16-17-18-19-20 200 200 96 33 103 82 124
100 1-2-3-4-5-6-7-8-9-10-11-12-13-14-15-16-17-18-19-20 200 200 96 35.17734 107 85 129
100 1-2-3-4-5-6-7-8-9-10-11-12-13-14-15-16-17-18-19-20 200 200 96 37.4974 128 102 154
100 1-2-3-4-5-6-7-8-9-10-11-12-13-14-15-16-17-18-19-20 200 200 96 39.96523 152 121 183
100 1-2-3-4-5-6-7-8-9-10-11-12-13-14-15-16-17-18-19-20 200 200 96 42.58908 253 202 304
100 1-2-3-4-5-6-7-8-9-10-11-12-13-14-15-16-17-18-19-20 200 200 96 45.35652 738 590 886
100 1-2-3-4-5-6-7-8-9-10-11-12-13-14-15-16-17-18-19-20 200 200 96 48.15714 873 698 1048
100 1-2-3-4-5-6-7-8-9-10-11-12-13-14-15-16-17-18-19-20 200 200 96 51.08734 1920 1536 2304
100 1-2-3-4-5-6-7-8-9-10-11-12-13-14-15-16-17-18-19-20 200 200 96 53.83924 3200 2559 3841
100 1-2-3-4-5-6-7-8-9-10-11-12-13-14-15-16-17-18-19-20 200 200 96 56.27995 4800 3839 5761
100 1-2-3-4-5-6-7-8-9-10-11-12-13-14-15-16-17-18-19-20 200 200 96 58.23099 48000 38398 57602
100 1-2-3-4-5-6-7-8-9-10-11-12-13-14-15-16-17-18-19-20 200 200 96 43.47914 310 248 372
100 1-2-3-4-5-6-7-8-9-10-11-12-13-14-15-16-17-18-19-20 200 200 96 46.28789 800 640 960
100 1-2-3-4-5-6-7-8-9-10-11-12-13-14-15-16-17-18-19-20 200 200 96 49.12688 873 698 1048
100 1-2-3-4-5-6-7-8-9-10-11-12-13-14-15-16-17-18-19-20 200 200 96 52.11609 4800 3839 5761
100 1-2-3-4-5-6-7-8-9-10-11-12-13-14-15-16-17-18-19-20 200 200 96 53.92278 3200 2559 3841
100 1-2-3-4-5-6-7-8-9-10-11-12-13-14-15-16-17-18-19-20 200 200 96 56.36728 9600 7679 11521
100 1-2-3-4-5-6-7-8-9-10-11-12-13-14-15-16-17-18-19-20 200 200 384 56.36728 7680 6911 8449
100 1-2-3-4-5-6-7-8-9-10-11-12-13-14-15-16-17-18-19-20 200 200 384 56.80319 12800 11519 14081
100 1-2-3-4-5-6-7-8-9-10-11-12-13-14-15-16-17-18-19-20 200 200 384 56.27303 6400 5759 7041
100 1-2-3-4-5-6-7-8-9-10-11-12-13-14-15-16-17-18-19-20 200 200 384 56.9483 6400 5759 7041
100 1-2-3-4-5-6-7-8-9-10-11-12-13-14-15-16-17-18-19-20 200 200 384 57.63168 19200 17279 21121
100 1-2-3-4-5-6-7-8-9-10-11-12-13-14-15-16-17-18-19-20 200 200 384 55.86431 7680 6911 8449
100 1-2-3-4-5-6-7-8-9-10-11-12-13-14-15-16-17-18-19-20 200 200 384 56.29633 19200 17279 21121
100 1-2-3-4-5-6-7-8-9-10-11-12-13-14-15-16-17-18-19-20 200 200 384 54.56991 6400 5759 7041
100 1-2-3-4-5-6-7-8-9-10-11-12-13-14-15-16-17-18-19-20 200 200 384 55.22474 38400 34559 42241
100 1-2-3-4-5-6-7-8-9-10-11-12-13-14-15-16-17-18-19-20 200 200 384 49.9968 1745 1570 1920
100 1-2-3-4-5-6-7-8-9-10-11-12-13-14-15-16-17-18-19-20 200 200 384 51.37255 2743 2468 3018
100 1-2-3-4-5-6-7-8-9-10-11-12-13-14-15-16-17-18-19-20 200 200 384 52.61525 6400 5759 7041
100 1-2-3-4-5-6-7-8-9-10-11-12-13-14-15-16-17-18-19-20 200 200 384 53.24663 2954 2658 3250
100 1-2-3-4-5-6-7-8-9-10-11-12-13-14-15-16-17-18-19-20 200 200 384 54.49722 3840 3455 4225
100 1-2-3-4-5-6-7-8-9-10-11-12-13-14-15-16-17-18-19-20 200 200 384 55.61623 19200 17279 21121
100 1-2-3-4-5-6-7-8-9-10-11-12-13-14-15-16-17-18-19-20 200 200 384 53.91066 12800 11519 14081
100 1-2-3-4-5-6-7-8-9-10-11-12-13-14-15-16-17-18-19-20 200 200 384 53.4075 4800 4319 5281
100 1-2-3-4-5-6-7-8-9-10-11-12-13-14-15-16-17-18-19-20 200 200 384 54.33323 6400 5759 7041
100 1-2-3-4-5-6-7-8-9-10-11-12-13-14-15-16-17-18-19-20 200 200 384 54.98523 9600 8639 10561
100 1-2-3-4-5-6-7-8-9-10-11-12-13-14-15-16-17-18-19-20 200 200 1537 54.98523 5489 5214 5764
100 1-2-3-4-5-6-7-8-9-10-11-12-13-14-15-16-17-18-19-20 200 200 1537 55.39862 7319 6953 7685
100 1-2-3-4-5-6-7-8-9-10-11-12-13-14-15-16-17-18-19-20 200 200 1537 55.64616 6683 6348 7018
100 1-2-3-4-5-6-7-8-9-10-11-12-13-14-15-16-17-18-19-20 200 200 1537 55.95379 6683 6348 7018
100 1-2-3-4-5-6-7-8-9-10-11-12-13-14-15-16-17-18-19-20 200 200 1537 56.26312 13973 13274 14672
100 1-2-3-4-5-6-7-8-9-10-11-12-13-14-15-16-17-18-19-20 200 200 1537 55.89057 6148 5840 6456
100 1-2-3-4-5-6-7-8-9-10-11-12-13-14-15-16-17-18-19-20 200 200 1537 56.24939 7685 7300 8070
100 1-2-3-4-5-6-7-8-9-10-11-12-13-14-15-16-17-18-19-20 200 200 1537 56.46642 10979 10430 11528
100 1-2-3-4-5-6-7-8-9-10-11-12-13-14-15-16-17-18-19-20 200 200 1537 56.37428 19212 18251 20173
100 1-2-3-4-5-6-7-8-9-10-11-12-13-14-15-16-17-18-19-20 200 200 1537 55.50875 10247 9734 10760
100 1-2-3-4-5-6-7-8-9-10-11-12-13-14-15-16-17-18-19-20 200 200 6146 55.50875 9038 8812 9264
100 1-2-3-4-5-6-7-8-9-10-11-12-13-14-15-16-17-18-19-20 200 200 6146 55.55325 10597 10332 10862
100 1-2-3-4-5-6-7-8-9-10-11-12-13-14-15-16-17-18-19-20 200 200 6146 55.52561 10597 10332 10862
100 1-2-3-4-5-6-7-8-9-10-11-12-13-14-15-16-17-18-19-20 200 200 6146 55.49799 9913 9665 10161
