data_dim axes n_training window_size n_sim threshold arl_est arl_lower arl_upper
500 474-477-485-476-479-467-470-480-473-475-481-471-466-468-472-483-487-489-478-491-465-469-482-486-488-484-493-495-463-464-490-496-461 1000 200 96 48.6 100 80 120
500 474-477-485-476-479-467-470-480-473-475-481-471-466-468-472-483-487-489-478-491-465-469-482-486-488-484-493-495-463-464-490-496-461 1000 200 96 51.8076 100 80 120
500 474-477-485-476-479-467-470-480-473-475-481-471-466-468-472-483-487-489-478-491-465-469-482-486-488-484-493-495-463-464-490-496-461 1000 200 96 55.2269 100 80 120
500 474-477-485-476-479-467-470-480-473-475-481-471-466-468-472-483-487-489-478-491-465-469-482-486-488-484-493-495-463-464-490-496-461 1000 200 96 58.87188 100 80 120
500 474-477-485-476-479-467-470-480-473-475-481-471-466-468-472-483-487-489-478-491-465-469-482-486-488-484-493-495-463-464-490-496-461 1000 200 96 62.75742 100 80 120
500 474-477-485-476-479-467-470-480-473-475-481-471-466-468-472-483-487-489-478-491-465-469-482-486-488-484-493-495-463-464-490-496-461 1000 200 96 66.89941 100 80 120
500 474-477-485-476-479-467-470-480-473-475-481-471-466-468-472-483-487-489-478-491-465-469-482-486-488-484-493-495-463-464-490-496-461 1000 200 96 71.31477 100 80 120
500 474-477-485-476-479-467-470-480-473-475-481-471-466-468-472-483-487-489-478-491-465-469-482-486-488-484-493-495-463-464-490-496-461 1000 200 96 76.02155 100 80 120
500 474-477-485-476-479-467-470-480-473-475-481-471-466-468-472-483-487-489-478-491-465-469-482-486-488-484-493-495-463-464-490-496-461 1000 200 96 81.03897 100 80 120
500 474-477-485-476-479-467-470-480-473-475-481-471-466-468-472-483-487-489-478-491-465-469-482-486-488-484-493-495-463-464-490-496-461 1000 200 96 86.38754 100 80 120
500 474-477-485-476-479-467-470-480-473-475-481-471-466-468-472-483-487-489-478-491-465-469-482-486-488-484-493-495-463-464-490-496-461 1000 200 96 92.08912 100 80 120
500 474-477-485-476-479-467-470-480-473-475-481-471-466-468-472-483-487-489-478-491-465-469-482-486-488-484-493-495-463-464-490-496-461 1000 200 96 98.167 100 80 120
500 474-477-485-476-479-467-470-480-473-475-481-471-466-468-472-483-487-489-478-491-465-469-482-486-488-484-493-495-463-464-490-496-461 1000 200 96 104.64602 100 80 120
500 474-477-485-476-479-467-470-480-473-475-481-471-466-468-472-483-487-489-478-491-465-469-482-486-488-484-493-495-463-464-490-496-461 1000 200 96 111.55266 100 80 120
500 474-477-485-476-479-467-470-480-473-475-481-471-466-468-472-483-487-489-478-491-465-469-482-486-488-484-493-495-463-464-490-496-461 1000 200 96 118.91514 100 80 120
500 474-477-485-476-479-467-470-480-473-475-481-471-466-468-472-483-487-489-478-491-465-469-482-486-488-484-493-495-463-464-490-496-461 1000 200 96 126.76353 100 80 120
500 474-477-485-476-479-467-470-480-473-475-481-471-466-468-472-483-487-489-478-491-465-469-482-486-488-484-493-495-463-464-490-496-461 1000 200 96 135.12993 100 80 120
500 474-477-485-476-479-467-470-480-473-475-481-471-466-468-472-483-487-489-478-491-465-469-482-486-488-484-493-495-463-464-490-496-461 1000 200 96 144.0485 100 80 120
500 474-477-485-476-479-467-470-480-473-475-481-471-466-468-472-483-487-489-478-491-465-469-482-486-488-484-493-495-463-464-490-496-461 1000 200 96 153.5557 100 80 120
500 474-477-485-476-479-467-470-480-473-475-481-471-466-468-472-483-487-489-478-491-465-469-482-486-488-484-493-495-463-464-490-496-461 1000 200 96 163.69038 100 80 120
500 474-477-485-476-479-467-470-480-473-475-481-471-466-468-472-483-487-489-478-491-465-469-482-486-488-484-493-495-463-464-490-496-461 1000 200 96 174.49395 100 80 120
500 474-477-485-476-479-467-470-480-473-475-481-471-466-468-472-483-487-489-478-491-465-469-482-486-488-484-493-495-463-464-490-496-461 1000 200 96 186.01055 100 80 120
500 474-477-485-476-479-467-470-480-473-475-481-471-466-468-472-483-487-489-478-491-465-469-482-486-488-484-493-495-463-464-490-496-461 1000 200 96 198.28724 100 80 120
500 474-477-485-476-479-467-470-480-473-475-481-471-466-468-472-483-487-489-478-491-465-469-482-486-488-484-493-495-463-464-490-496-461 1000 200 96 211.3742 100 80 120
500 474-477-485-476-479-467-470-480-473-475-481-471-466-468-472-483-487-489-478-491-465-469-482-486-488-484-493-495-463-464-490-496-461 1000 200 96 225.3249 100 80 120
500 474-477-485-476-479-467-470-480-473-475-481-471-466-468-472-483-487-489-478-491-465-469-482-486-488-484-493-495-463-464-490-496-461 1000 200 96 240.19634 100 80 120
500 474-477-485-476-479-467-470-480-473-475-481-471-466-468-472-483-487-489-478-491-465-469-482-486-488-484-493-495-463-464-490-496-461 1000 200 96 256.0493 100 80 120
500 474-477-485-476-479-467-470-480-473-475-481-471-466-468-472-483-487-489-478-491-465-469-482-486-488-484-493-495-463-464-490-496-461 1000 200 96 272.94855 100 80 120
500 474-477-485-476-479-467-470-480-473-475-481-471-466-468-472-483-487-489-478-491-465-469-482-486-488-484-493-495-463-464-490-496-461 1000 200 96 290.96316 100 80 120
500 474-477-485-476-479-467-470-480-473-475-481-471-466-468-472-483-487-489-478-491-465-469-482-486-488-484-493-495-463-464-490-496-461 1000 200 96 310.16673 100 80 120
500 474-477-485-476-479-467-470-480-473-475-481-471-466-468-472-483-487-489-478-491-465-469-482-486-488-484-493-495-463-464-490-496-461 1000 200 96 330.63773 100 80 120
500 474-477-485-476-479-467-470-480-473-475-481-471-466-468-472-483-487-489-478-491-465-469-482-486-488-484-493-495-463-464-490-496-461 1000 200 96 352.45982 100 80 120
500 474-477-485-476-479-467-470-480-473-475-481-471-466-468-472-483-487-489-478-491-465-469-482-486-488-484-493-495-463-464-490-496-461 1000 200 96 375.72217 100 80 120
500 474-477-485-476-479-467-470-480-473-475-481-471-466-468-472-483-487-489-478-491-465-469-482-486-488-484-493-495-463-464-490-496-461 1000 200 96 400.51983 100 80 120
500 474-477-485-476-479-467-470-480-473-475-481-471-466-468-472-483-487-489-478-491-465-469-482-486-488-484-493-495-463-464-490-496-461 1000 200 96 426.95414 100 80 120
500 474-477-485-476-479-467-470-480-473-475-481-471-466-468-472-483-487-489-478-491-465-469-482-486-488-484-493-495-463-464-490-496-461 1000 200 96 455.13311 100 80 120
500 474-477-485-476-479-467-470-480-473-475-481-471-466-468-472-483-487-489-478-491-465-469-482-486-488-484-493-495-463-464-490-496-461 1000 200 96 485.1719 100 80 120
500 474-477-485-476-479-467-470-480-473-475-481-471-466-468-472-483-487-489-478-491-465-469-482-486-488-484-493-495-463-464-490-496-461 1000 200 96 517.19324 100 80 120
500 474-477-485-476-479-467-470-480-473-475-481-471-466-468-472-483-487-489-478-491-465-469-482-486-488-484-493-495-463-464-490-496-461 1000 200 96 551.328 100 80 120
500 474-477-485-476-479-467-470-480-473-475-481-471-466-468-472-483-487-489-478-491-465-469-482-486-488-484-493-495-463-464-490-496-461 1000 200 96 587.71565 100 80 120
500 474-477-485-476-479-467-470-480-473-475-481-471-466-468-472-483-487-489-478-491-465-469-482-486-488-484-493-495-463-464-490-496-461 1000 200 96 626.50488 100 80 120
500 474-477-485-476-479-467-470-480-473-475-481-471-466-468-472-483-487-489-478-491-465-469-482-486-488-484-493-495-463-464-490-496-461 1000 200 96 667.8542 100 80 120
500 474-477-485-476-479-467-470-480-473-475-481-471-466-468-472-483-487-489-478-491-465-469-482-486-488-484-493-495-463-464-490-496-461 1000 200 96 711.93258 100 80 120
500 474-477-485-476-479-467-470-480-473-475-481-471-466-468-472-483-487-489-478-491-465-469-482-486-488-484-493-495-463-464-490-496-461 1000 200 96 758.92013 100 80 120
500 474-477-485-476-479-467-470-480-473-475-481-471-466-468-472-483-487-489-478-491-465-469-482-486-488-484-493-495-463-464-490-496-461 1000 200 96 809.00886 100 80 120
500 474-477-485-476-479-467-470-480-473-475-481-471-466-468-472-483-487-489-478-491-465-469-482-486-488-484-493-495-463-464-490-496-461 1000 200 96 862.40344 100 80 120
500 474-477-485-476-479-467-470-480-473-475-481-471-466-468-472-483-487-489-478-491-465-469-482-486-488-484-493-495-463-464-490-496-461 1000 200 96 919.32207 100 80 120
500 474-477-485-476-479-467-470-480-473-475-481-471-466-468-472-483-487-489-478-491-465-469-482-486-488-484-493-495-463-464-490-496-461 1000 200 96 979.99732 100 80 120
500 474-477-485-476-479-467-470-480-473-475-481-471-466-468-472-483-487-489-478-491-465-469-482-486-488-484-493-495-463-464-490-496-461 1000 200 96 1044.67715 100 80 120
500 474-477-485-476-479-467-470-480-473-475-481-471-466-468-472-483-487-489-478-491-465-469-482-486-488-484-493-495-463-464-490-496-461 1000 200 96 1113.62584 100 80 120
500 474-477-485-476-479-467-470-480-473-475-481-471-466-468-472-483-487-489-478-491-465-469-482-486-488-484-493-495-463-464-490-496-461 1000 200 96 1187.12514 100 80 120
500 474-477-485-476-479-467-470-480-473-475-481-471-466-468-472-483-487-489-478-491-465-469-482-486-488-484-493-495-463-464-490-496-461 1000 200 96 1265.4754 100 80 120
500 474-477-485-476-479-467-470-480-473-475-481-471-466-468-472-483-487-489-478-491-465-469-482-486-488-484-493-495-463-464-490-496-461 1000 200 96 1348.99678 100 80 120
500 474-477-485-476-479-467-470-480-473-475-481-471-466-468-472-483-487-489-478-491-465-469-482-486-488-484-493-495-463-464-490-496-461 1000 200 96 1438.03057 100 80 120
500 474-477-485-476-479-467-470-480-473-475-481-471-466-468-472-483-487-489-478-491-465-469-482-486-488-484-493-495-463-464-490-496-461 1000 200 96 1532.94059 100 80 120
500 474-477-485-476-479-467-470-480-473-475-481-471-466-468-472-483-487-489-478-491-465-469-482-486-488-484-493-495-463-464-490-496-461 1000 200 96 1634.11466 100 80 120
500 474-477-485-476-479-467-470-480-473-475-481-471-466-468-472-483-487-489-478-491-465-469-482-486-488-484-493-495-463-464-490-496-461 1000 200 96 1741.96623 100 80 120
500 474-477-485-476-479-467-470-480-473-475-481-471-466-468-472-483-487-489-478-491-465-469-482-486-488-484-493-495-463-464-490-496-461 1000 200 96 1856.936 104 83 125
500 474-477-485-476-479-467-470-480-473-475-481-471-466-468-472-483-487-489-478-491-465-469-482-486-488-484-493-495-463-464-490-496-461 1000 200 96 1979.44426 168 134 202
500 474-477-485-476-479-467-470-480-473-475-481-471-466-468-472-483-487-489-478-491-465-469-482-486-488-484-493-495-463-464-490-496-461 1000 200 96 2109.19023 800 640 960
500 474-477-485-476-479-467-470-480-473-475-481-471-466-468-472-483-487-489-478-491-465-469-482-486-488-484-493-495-463-464-490-496-461 1000 200 96 2238.5539 4800 3839 5761
500 474-477-485-476-479-467-470-480-473-475-481-471-466-468-472-483-487-489-478-491-465-469-482-486-488-484-493-495-463-464-490-496-461 1000 200 96 2316.1571 48000 38398 57602
500 474-477-485-476-479-467-470-480-473-475-481-471-466-468-472-483-487-489-478-491-465-469-482-486-488-484-493-495-463-464-490-496-461 1000 200 96 1729.3973 100 80 120
500 474-477-485-476-479-467-470-480-473-475-481-471-466-468-472-483-487-489-478-491-465-469-482-486-488-484-493-495-463-464-490-496-461 1000 200 96 1843.53753 101 80 122
500 474-477-485-476-479-467-470-480-473-475-481-471-466-468-472-483-487-489-478-491-465-469-482-486-488-484-493-495-463-464-490-496-461 1000 200 96 1965.19871 148 118 178
500 474-477-485-476-479-467-470-480-473-475-481-471-466-468-472-483-487-489-478-491-465-469-482-486-488-484-493-495-463-464-490-496-461 1000 200 96 2094.27296 436 348 524
500 474-477-485-476-479-467-470-480-473-475-481-471-466-468-472-483-487-489-478-491-465-469-482-486-488-484-493-495-463-464-490-496-461 1000 200 96 2227.80381 1600 1280 1920
500 474-477-485-476-479-467-470-480-473-475-481-471-466-468-472-483-487-489-478-491-465-469-482-486-488-484-493-495-463-464-490-496-461 1000 200 96 2352.56082 48000 38398 57602
500 474-477-485-476-479-467-470-480-473-475-481-471-466-468-472-483-487-489-478-491-465-469-482-486-488-484-493-495-463-464-490-496-461 1000 200 96 1756.57875 100 80 120
500 474-477-485-476-479-467-470-480-473-475-481-471-466-468-472-483-487-489-478-491-465-469-482-486-488-484-493-495-463-464-490-496-461 1000 200 96 1872.51294 108 86 130
500 474-477-485-476-479-467-470-480-473-475-481-471-466-468-472-483-487-489-478-491-465-469-482-486-488-484-493-495-463-464-490-496-461 1000 200 96 1995.99893 145 116 174
500 474-477-485-476-479-467-470-480-473-475-481-471-466-468-472-483-487-489-478-491-465-469-482-486-488-484-493-495-463-464-490-496-461 1000 200 96 2127.13606 686 548 824
500 474-477-485-476-479-467-470-480-473-475-481-471-466-468-472-483-487-489-478-491-465-469-482-486-488-484-493-495-463-464-490-496-461 1000 200 96 2259.21703 9600 7679 11521
500 474-477-485-476-479-467-470-480-473-475-481-471-466-468-472-483-487-489-478-491-465-469-482-486-488-484-493-495-463-464-490-496-461 1000 200 384 2259.21703 12800 11519 14081
500 474-477-485-476-479-467-470-480-473-475-481-471-466-468-472-483-487-489-478-491-465-469-482-486-488-484-493-495-463-464-490-496-461 1000 200 384 2238.131 9600 8639 10561
500 474-477-485-476-479-467-470-480-473-475-481-471-466-468-472-483-487-489-478-491-465-469-482-486-488-484-493-495-463-464-490-496-461 1000 200 1537 2238.131 6986 6636 7336
500 474-477-485-476-479-467-470-480-473-475-481-471-466-468-472-483-487-489-478-491-465-469-482-486-488-484-493-495-463-464-490-496-461 1000 200 1537 2249.37388 10247 9734 10760
