data_dim axes n_training window_size n_sim threshold arl_est arl_lower arl_upper
100 100-99-98-97-96-95-94-93-92-90-91 200 200 96 22.2 100 80 120
100 100-99-98-97-96-95-94-93-92-90-91 200 200 96 23.6652 100 80 120
100 100-99-98-97-96-95-94-93-92-90-91 200 200 96 25.2271 100 80 120
100 100-99-98-97-96-95-94-93-92-90-91 200 200 96 26.89209 100 80 120
100 100-99-98-97-96-95-94-93-92-90-91 200 200 96 28.66697 100 80 120
100 100-99-98-97-96-95-94-93-92-90-91 200 200 96 30.55899 100 80 120
100 100-99-98-97-96-95-94-93-92-90-91 200 200 96 32.57588 100 80 120
100 100-99-98-97-96-95-94-93-92-90-91 200 200 96 34.72589 100 80 120
100 100-99-98-97-96-95-94-93-92-90-91 200 200 96 37.0178 100 80 120
100 100-99-98-97-96-95-94-93-92-90-91 200 200 96 39.46098 100 80 120
100 100-99-98-97-96-95-94-93-92-90-91 200 200 96 42.0654 100 80 120
100 100-99-98-97-96-95-94-93-92-90-91 200 200 96 44.84172 100 80 120
100 100-99-98-97-96-95-94-93-92-90-91 200 200 96 47.80127 100 80 120
100 100-99-98-97-96-95-94-93-92-90-91 200 200 96 50.95615 100 80 120
100 100-99-98-97-96-95-94-93-92-90-91 200 200 96 54.31926 100 80 120
100 100-99-98-97-96-95-94-93-92-90-91 200 200 96 57.90433 100 80 120
100 100-99-98-97-96-95-94-93-92-90-91 200 200 96 61.72602 100 80 120
100 100-99-98-97-96-95-94-93-92-90-91 200 200 96 65.79993 100 80 120
100 100-99-98-97-96-95-94-93-92-90-91 200 200 96 70.14273 100 80 120
100 100-99-98-97-96-95-94-93-92-90-91 200 200 96 74.77215 100 80 120
100 100-99-98-97-96-95-94-93-92-90-91 200 200 96 79.70711 100 80 120
100 100-99-98-97-96-95-94-93-92-90-91 200 200 96 84.96778 100 80 120
100 100-99-98-97-96-95-94-93-92-90-91 200 200 96 90.57565 100 80 120
100 100-99-98-97-96-95-94-93-92-90-91 200 200 96 96.55365 100 80 120
100 100-99-98-97-96-95-94-93-92-90-91 200 200 96 102.92619 100 80 120
100 100-99-98-97-96-95-94-93-92-90-91 200 200 96 109.71932 100 80 120
100 100-99-98-97-96-95-94-93-92-90-91 200 200 96 116.96079 100 80 120
100 100-99-98-97-96-95-94-93-92-90-91 200 200 96 124.6802 100 80 120
100 100-99-98-97-96-95-94-93-92-90-91 200 200 96 132.9091 100 80 120
100 100-99-98-97-96-95-94-93-92-90-91 200 200 96 141.6811 100 80 120
100 100-99-98-97-96-95-94-93-92-90-91 200 200 96 151.03205 100 80 120
100 100-99-98-97-96-95-94-93-92-90-91 200 200 96 161.00016 100 80 120
100 100-99-98-97-96-95-94-93-92-90-91 200 200 96 171.62618 100 80 120
100 100-99-98-97-96-95-94-93-92-90-91 200 200 96 182.9535 100 80 120
100 100-99-98-97-96-95-94-93-92-90-91 200 200 96 195.02843 100 80 120
100 100-99-98-97-96-95-94-93-92-90-91 200 200 96 207.90031 100 80 120
100 100-99-98-97-96-95-94-93-92-90-91 200 200 96 221.62173 100 80 120
100 100-99-98-97-96-95-94-93-92-90-91 200 200 96 236.24877 100 80 120
100 100-99-98-97-96-95-94-93-92-90-91 200 200 96 251.84118 100 80 120
100 100-99-98-97-96-95-94-93-92-90-91 200 200 96 268.4627 101 80 122
100 100-99-98-97-96-95-94-93-92-90-91 200 200 96 286.17945 100 80 120
100 100-99-98-97-96-95-94-93-92-90-91 200 200 96 305.06729 104 83 125
100 100-99-98-97-96-95-94-93-92-90-91 200 200 96 325.1936 110 88 132
100 100-99-98-97-96-95-94-93-92-90-91 200 200 96 346.6347 143 114 172
100 100-99-98-97-96-95-94-93-92-90-91 200 200 96 369.41322 223 178 268
100 100-99-98-97-96-95-94-93-92-90-91 200 200 96 393.49157 480 384 576
100 100-99-98-97-96-95-94-93-92-90-91 200 200 96 418.46517 960 768 1152
100 100-99-98-97-96-95-94-93-92-90-91 200 200 96 443.68467 2400 1920 2880
100 100-99-98-97-96-95-94-93-92-90-91 200 200 96 466.1647 9600 7679 11521
100 100-99-98-97-96-95-94-93-92-90-91 200 200 384 466.1647 7680 6911 8449
100 100-99-98-97-96-95-94-93-92-90-91 200 200 384 469.7697 38400 34559 42241
100 100-99-98-97-96-95-94-93-92-90-91 200 200 384 425.29817 1422 1279 1565
100 100-99-98-97-96-95-94-93-92-90-91 200 200 384 437.45886 1920 1728 2112
100 100-99-98-97-96-95-94-93-92-90-91 200 200 384 449.24109 4800 4319 5281
100 100-99-98-97-96-95-94-93-92-90-91 200 200 384 457.02794 9600 8639 10561
100 100-99-98-97-96-95-94-93-92-90-91 200 200 1537 457.02794 6404 6083 6725
100 100-99-98-97-96-95-94-93-92-90-91 200 200 1537 459.76706 21957 20859 23055
100 100-99-98-97-96-95-94-93-92-90-91 200 200 1537 450.60467 6986 6636 7336
100 100-99-98-97-96-95-94-93-92-90-91 200 200 1537 452.8682 7685 7300 8070
100 100-99-98-97-96-95-94-93-92-90-91 200 200 1537 454.61552 10979 10430 11528
100 100-99-98-97-96-95-94-93-92-90-91 200 200 1537 453.87374 11823 11231 12415
100 100-99-98-97-96-95-94-93-92-90-91 200 200 1537 452.49472 6986 6636 7336
100 100-99-98-97-96-95-94-93-92-90-91 200 200 1537 454.76775 6986 6636 7336
100 100-99-98-97-96-95-94-93-92-90-91 200 200 1537 457.0522 12808 12167 13449
100 100-99-98-97-96-95-94-93-92-90-91 200 200 1537 454.9132 11823 11231 12415
100 100-99-98-97-96-95-94-93-92-90-91 200 200 1537 453.53102 6986 6636 7336
100 100-99-98-97-96-95-94-93-92-90-91 200 200 1537 455.80926 15370 14601 16139
100 100-99-98-97-96-95-94-93-92-90-91 200 200 1537 451.72976 8089 7684 8494
100 100-99-98-97-96-95-94-93-92-90-91 200 200 1537 453.16852 6986 6636 7336
100 100-99-98-97-96-95-94-93-92-90-91 200 200 1537 455.44494 12808 12167 13449
100 100-99-98-97-96-95-94-93-92-90-91 200 200 1537 453.31346 15370 14601 16139
100 100-99-98-97-96-95-94-93-92-90-91 200 200 1537 449.2563 6683 6348 7018
100 100-99-98-97-96-95-94-93-92-90-91 200 200 1537 451.73994 9041 8589 9493
100 100-99-98-97-96-95-94-93-92-90-91 200 200 1537 452.46197 7685 7300 8070
100 100-99-98-97-96-95-94-93-92-90-91 200 200 1537 454.20772 8539 8112 8966
100 100-99-98-97-96-95-94-93-92-90-91 200 200 1537 455.31372 10247 9734 10760
100 100-99-98-97-96-95-94-93-92-90-91 200 200 6146 455.31372 10597 10332 10862
100 100-99-98-97-96-95-94-93-92-90-91 200 200 6146 455.0872 10782 10512 11052
100 100-99-98-97-96-95-94-93-92-90-91 200 200 6146 454.79063 9455 9218 9692
100 100-99-98-97-96-95-94-93-92-90-91 200 200 6146 454.99718 8536 8322 8750
100 100-99-98-97-96-95-94-93-92-90-91 200 200 6146 455.55228 12292 11984 12600
100 100-99-98-97-96-95-94-93-92-90-91 200 200 6146 454.68217 9756 9512 10000
