data_dim axes n_training window_size n_sim threshold arl_est arl_lower arl_upper
100 1-2-3-4-5-6-7-8-9-10-11-12-13-14-15-16-17-18-19-20 200 200 96 33 102 81 123
100 1-2-3-4-5-6-7-8-9-10-11-12-13-14-15-16-17-18-19-20 200 200 96 35.17756 112 89 135
100 1-2-3-4-5-6-7-8-9-10-11-12-13-14-15-16-17-18-19-20 200 200 96 37.49646 148 118 178
100 1-2-3-4-5-6-7-8-9-10-11-12-13-14-15-16-17-18-19-20 200 200 96 39.95923 188 150 226
100 1-2-3-4-5-6-7-8-9-10-11-12-13-14-15-16-17-18-19-20 200 200 96 42.5731 436 348 524
100 1-2-3-4-5-6-7-8-9-10-11-12-13-14-15-16-17-18-19-20 200 200 96 45.28756 2400 1920 2880
100 1-2-3-4-5-6-7-8-9-10-11-12-13-14-15-16-17-18-19-20 200 200 96 47.58213 1920 1536 2304
100 1-2-3-4-5-6-7-8-9-10-11-12-13-14-15-16-17-18-19-20 200 200 96 50.14522 4800 3839 5761
100 1-2-3-4-5-6-7-8-9-10-11-12-13-14-15-16-17-18-19-20 200 200 96 51.88359 1600 1280 1920
100 1-2-3-4-5-6-7-8-9-10-11-12-13-14-15-16-17-18-19-20 200 200 96 54.78907 48000 38398 57602
100 1-2-3-4-5-6-7-8-9-10-11-12-13-14-15-16-17-18-19-20 200 200 96 40.90917 259 207 311
100 1-2-3-4-5-6-7-8-9-10-11-12-13-14-15-16-17-18-19-20 200 200 96 43.56581 436 348 524
100 1-2-3-4-5-6-7-8-9-10-11-12-13-14-15-16-17-18-19-20 200 200 96 46.34357 1920 1536 2304
100 1-2-3-4-5-6-7-8-9-10-11-12-13-14-15-16-17-18-19-20 200 200 96 48.83994 2400 1920 2880
100 1-2-3-4-5-6-7-8-9-10-11-12-13-14-15-16-17-18-19-20 200 200 96 51.3145 9600 7679 11521
100 1-2-3-4-5-6-7-8-9-10-11-12-13-14-15-16-17-18-19-20 200 200 384 51.3145 5486 4937 6035
100 1-2-3-4-5-6-7-8-9-10-11-12-13-14-15-16-17-18-19-20 200 200 384 52.08661 5486 4937 6035
100 1-2-3-4-5-6-7-8-9-10-11-12-13-14-15-16-17-18-19-20 200 200 384 52.87034 7680 6911 8449
100 1-2-3-4-5-6-7-8-9-10-11-12-13-14-15-16-17-18-19-20 200 200 384 53.27921 4800 4319 5281
100 1-2-3-4-5-6-7-8-9-10-11-12-13-14-15-16-17-18-19-20 200 200 384 54.20271 192000 172796 211204
100 1-2-3-4-5-6-7-8-9-10-11-12-13-14-15-16-17-18-19-20 200 200 384 21.31973 100 90 110
100 1-2-3-4-5-6-7-8-9-10-11-12-13-14-15-16-17-18-19-20 200 200 384 22.02328 100 90 110
100 1-2-3-4-5-6-7-8-9-10-11-12-13-14-15-16-17-18-19-20 200 200 384 22.75005 100 90 110
100 1-2-3-4-5-6-7-8-9-10-11-12-13-14-15-16-17-18-19-20 200 200 384 23.5008 100 90 110
100 1-2-3-4-5-6-7-8-9-10-11-12-13-14-15-16-17-18-19-20 200 200 384 24.27633 100 90 110
100 1-2-3-4-5-6-7-8-9-10-11-12-13-14-15-16-17-18-19-20 200 200 384 25.07745 100 90 110
100 1-2-3-4-5-6-7-8-9-10-11-12-13-14-15-16-17-18-19-20 200 200 384 25.90501 100 90 110
100 1-2-3-4-5-6-7-8-9-10-11-12-13-14-15-16-17-18-19-20 200 200 384 26.75987 100 90 110
100 1-2-3-4-5-6-7-8-9-10-11-12-13-14-15-16-17-18-19-20 200 200 384 27.64295 100 90 110
100 1-2-3-4-5-6-7-8-9-10-11-12-13-14-15-16-17-18-19-20 200 200 384 28.55516 100 90 110
100 1-2-3-4-5-6-7-8-9-10-11-12-13-14-15-16-17-18-19-20 200 200 384 29.49748 100 90 110
100 1-2-3-4-5-6-7-8-9-10-11-12-13-14-15-16-17-18-19-20 200 200 384 30.4709 100 90 110
100 1-2-3-4-5-6-7-8-9-10-11-12-13-14-15-16-17-18-19-20 200 200 384 31.47644 100 90 110
100 1-2-3-4-5-6-7-8-9-10-11-12-13-14-15-16-17-18-19-20 200 200 384 32.51516 101 90 112
100 1-2-3-4-5-6-7-8-9-10-11-12-13-14-15-16-17-18-19-20 200 200 384 33.58806 102 91 113
100 1-2-3-4-5-6-7-8-9-10-11-12-13-14-15-16-17-18-19-20 200 200 384 34.69624 111 99 123
100 1-2-3-4-5-6-7-8-9-10-11-12-13-14-15-16-17-18-19-20 200 200 384 35.83994 118 106 130
100 1-2-3-4-5-6-7-8-9-10-11-12-13-14-15-16-17-18-19-20 200 200 384 37.02051 143 128 158
100 1-2-3-4-5-6-7-8-9-10-11-12-13-14-15-16-17-18-19-20 200 200 384 38.23688 155 139 171
100 1-2-3-4-5-6-7-8-9-10-11-12-13-14-15-16-17-18-19-20 200 200 384 39.49169 204 183 225
100 1-2-3-4-5-6-7-8-9-10-11-12-13-14-15-16-17-18-19-20 200 200 384 40.78122 276 248 304
100 1-2-3-4-5-6-7-8-9-10-11-12-13-14-15-16-17-18-19-20 200 200 384 42.10308 380 342 418
100 1-2-3-4-5-6-7-8-9-10-11-12-13-14-15-16-17-18-19-20 200 200 384 43.45318 573 515 631
100 1-2-3-4-5-6-7-8-9-10-11-12-13-14-15-16-17-18-19-20 200 200 384 44.81863 914 822 1006
100 1-2-3-4-5-6-7-8-9-10-11-12-13-14-15-16-17-18-19-20 200 200 384 46.17603 1164 1047 1281
100 1-2-3-4-5-6-7-8-9-10-11-12-13-14-15-16-17-18-19-20 200 200 384 47.53607 2954 2658 3250
100 1-2-3-4-5-6-7-8-9-10-11-12-13-14-15-16-17-18-19-20 200 200 384 48.65254 3200 2879 3521
100 1-2-3-4-5-6-7-8-9-10-11-12-13-14-15-16-17-18-19-20 200 200 384 49.75533 4267 3840 4694
100 1-2-3-4-5-6-7-8-9-10-11-12-13-14-15-16-17-18-19-20 200 200 384 50.70615 4800 4319 5281
100 1-2-3-4-5-6-7-8-9-10-11-12-13-14-15-16-17-18-19-20 200 200 384 51.58506 9600 8639 10561
100 1-2-3-4-5-6-7-8-9-10-11-12-13-14-15-16-17-18-19-20 200 200 1537 51.58506 4958 4710 5206
100 1-2-3-4-5-6-7-8-9-10-11-12-13-14-15-16-17-18-19-20 200 200 1537 52.01854 6986 6636 7336
100 1-2-3-4-5-6-7-8-9-10-11-12-13-14-15-16-17-18-19-20 200 200 1537 52.27985 5123 4866 5380
100 1-2-3-4-5-6-7-8-9-10-11-12-13-14-15-16-17-18-19-20 200 200 1537 52.7048 15370 14601 16139
100 1-2-3-4-5-6-7-8-9-10-11-12-13-14-15-16-17-18-19-20 200 200 1537 52.23309 12808 12167 13449
100 1-2-3-4-5-6-7-8-9-10-11-12-13-14-15-16-17-18-19-20 200 200 1537 51.98864 7685 7300 8070
100 1-2-3-4-5-6-7-8-9-10-11-12-13-14-15-16-17-18-19-20 200 200 1537 52.18923 7319 6953 7685
100 1-2-3-4-5-6-7-8-9-10-11-12-13-14-15-16-17-18-19-20 200 200 1537 52.42243 6148 5840 6456
100 1-2-3-4-5-6-7-8-9-10-11-12-13-14-15-16-17-18-19-20 200 200 1537 52.75898 8089 7684 8494
100 1-2-3-4-5-6-7-8-9-10-11-12-13-14-15-16-17-18-19-20 200 200 1537 52.92702 25617 24336 26898
100 1-2-3-4-5-6-7-8-9-10-11-12-13-14-15-16-17-18-19-20 200 200 1537 51.54942 7319 6953 7685
100 1-2-3-4-5-6-7-8-9-10-11-12-13-14-15-16-17-18-19-20 200 200 1537 51.77976 6404 6083 6725
100 1-2-3-4-5-6-7-8-9-10-11-12-13-14-15-16-17-18-19-20 200 200 1537 52.09009 5693 5408 5978
100 1-2-3-4-5-6-7-8-9-10-11-12-13-14-15-16-17-18-19-20 200 200 1537 52.46401 9041 8589 9493
100 1-2-3-4-5-6-7-8-9-10-11-12-13-14-15-16-17-18-19-20 200 200 1537 52.54786 9041 8589 9493
100 1-2-3-4-5-6-7-8-9-10-11-12-13-14-15-16-17-18-19-20 200 200 1537 52.63185 10979 10430 11528
100 1-2-3-4-5-6-7-8-9-10-11-12-13-14-15-16-17-18-19-20 200 200 1537 52.54597 12808 12167 13449
100 1-2-3-4-5-6-7-8-9-10-11-12-13-14-15-16-17-18-19-20 200 200 1537 52.30006 5912 5616 6208
100 1-2-3-4-5-6-7-8-9-10-11-12-13-14-15-16-17-18-19-20 200 200 1537 52.6564 15370 14601 16139
100 1-2-3-4-5-6-7-8-9-10-11-12-13-14-15-16-17-18-19-20 200 200 1537 52.18512 7685 7300 8070
100 1-2-3-4-5-6-7-8-9-10-11-12-13-14-15-16-17-18-19-20 200 200 1537 52.38647 6986 6636 7336
100 1-2-3-4-5-6-7-8-9-10-11-12-13-14-15-16-17-18-19-20 200 200 1537 52.64962 8089 7684 8494
100 1-2-3-4-5-6-7-8-9-10-11-12-13-14-15-16-17-18-19-20 200 200 1537 52.81731 7319 6953 7685
100 1-2-3-4-5-6-7-8-9-10-11-12-13-14-15-16-17-18-19-20 200 200 1537 53.05332 10247 9734 10760
100 1-2-3-4-5-6-7-8-9-10-11-12-13-14-15-16-17-18-19-20 200 200 6146 53.05332 9312 9079 9545
100 1-2-3-4-5-6-7-8-9-10-11-12-13-14-15-16-17-18-19-20 200 200 6146 53.08374 12051 11749 12353
100 1-2-3-4-5-6-7-8-9-10-11-12-13-14-15-16-17-18-19-20 200 200 6146 52.99301 12292 11984 12600
100 1-2-3-4-5-6-7-8-9-10-11-12-13-14-15-16-17-18-19-20 200 200 6146 52.89179 9173 8943 9403
100 1-2-3-4-5-6-7-8-9-10-11-12-13-14-15-16-17-18-19-20 200 200 6146 52.92824 8907 8684 9130
100 1-2-3-4-5-6-7-8-9-10-11-12-13-14-15-16-17-18-19-20 200 200 6146 52.97645 10597 10332 10862
100 1-2-3-4-5-6-7-8-9-10-11-12-13-14-15-16-17-18-19-20 200 200 6146 52.9501 12051 11749 12353
100 1-2-3-4-5-6-7-8-9-10-11-12-13-14-15-16-17-18-19-20 200 200 6146 52.85959 9756 9512 10000
