method method_param p change_param n_sim edd sd_edd edd_lower edd_upper
max_pca 1 0.98 0.5 500 26.422 6.716 15 26
max_pca 2 0.98 0.5 500 16.568 3.606 10 16
max_pca 3 0.98 0.5 500 13.676 2.752 8 14
max_pca 5 0.98 0.5 500 10.404 1.895 7 10
max_pca 10 0.98 0.5 500 7.396 1.164 5 7
max_pca 20 0.98 0.5 500 5.224 0.819 4 5
min_pca 1 0.98 0.5 500 2.002 0.045 2 2
min_pca 2 0.98 0.5 500 2.002 0.045 2 2
min_pca 3 0.98 0.5 500 2.004 0.063 2 2
min_pca 5 0.98 0.5 500 2.012 0.126 2 2
min_pca 10 0.98 0.5 500 2.178 0.441 2 2
min_pca 20 0.98 0.5 500 3.63 1.215 3 3
tpca 0.8 0.98 0.5 500 2.002 0.045 2 2
tpca 0.9 0.98 0.5 500 2.002 0.045 2 2
tpca 0.95 0.98 0.5 500 2.002 0.045 2 2
tpca 0.99 0.98 0.5 500 2.002 0.045 2 2
tpca 0.995 0.98 0.5 500 2.002 0.045 2 2
tpca 0.999 0.98 0.5 500 2.002 0.045 2 2
mix 0.03 0.98 0.5 500 4.596 0.72 3 5
mix 0.1 0.98 0.5 500 3.846 0.629 3 4
mix 0.3 0.98 0.5 500 3.416 0.579 2.475 3
mix 1 0.98 0.5 500 3.1 0.535 2 3
max_pca 1 0.98 1.5 500 1931.518 308.039 548.625 2000
max_pca 2 0.98 1.5 500 1969.082 213.438 1703.6 2000
max_pca 3 0.98 1.5 500 1909.308 396.333 163.9 2000
max_pca 5 0.98 1.5 500 1695.794 684.091 98.7 2000
max_pca 10 0.98 1.5 500 77.016 32.357 25 72
max_pca 20 0.98 1.5 500 20.37 7.078 8 20
min_pca 1 0.98 1.5 500 2 0 2 2
min_pca 2 0.98 1.5 500 2 0 2 2
min_pca 3 0.98 1.5 500 2 0 2 2
min_pca 5 0.98 1.5 500 2.01 0.1 2 2
min_pca 10 0.98 1.5 500 2.122 0.362 2 2
min_pca 20 0.98 1.5 500 3.134 0.556 2 3
tpca 0.8 0.98 1.5 500 2 0 2 2
tpca 0.9 0.98 1.5 500 2 0 2 2
tpca 0.95 0.98 1.5 500 2 0 2 2
tpca 0.99 0.98 1.5 500 2 0 2 2
tpca 0.995 0.98 1.5 500 2 0 2 2
tpca 0.999 0.98 1.5 500 2 0 2 2
mix 0.03 0.98 1.5 500 4.71 1.197 3 5
mix 0.1 0.98 1.5 500 4.31 1.055 3 4
mix 0.3 0.98 1.5 500 4.106 0.982 3 4
mix 1 0.98 1.5 500 4.006 0.951 2 4
max_pca 1 0.98 2 500 82.91 144.533 15 62
max_pca 2 0.98 2 500 44.568 22.24 12 40
max_pca 3 0.98 2 500 27.384 11.944 9.475 25
max_pca 5 0.98 2 500 19.372 7.368 8 18
max_pca 10 0.98 2 500 10.316 3.205 5 10
max_pca 20 0.98 2 500 5.086 1.344 3 5
min_pca 1 0.98 2 500 2.002 0.045 2 2
min_pca 2 0.98 2 500 2.002 0.045 2 2
min_pca 3 0.98 2 500 2.002 0.045 2 2
min_pca 5 0.98 2 500 2.002 0.045 2 2
min_pca 10 0.98 2 500 2.018 0.133 2 2
min_pca 20 0.98 2 500 2.456 0.503 2 2
tpca 0.8 0.98 2 500 2.002 0.045 2 2
tpca 0.9 0.98 2 500 2.002 0.045 2 2
tpca 0.95 0.98 2 500 2.002 0.045 2 2
tpca 0.99 0.98 2 500 2.002 0.045 2 2
tpca 0.995 0.98 2 500 2.002 0.045 2 2
tpca 0.999 0.98 2 500 2.002 0.045 2 2
mix 0.03 0.98 2 500 2.308 0.462 2 2
mix 0.1 0.98 2 500 2.168 0.374 2 2
mix 0.3 0.98 2 500 2.122 0.328 2 2
mix 1 0.98 2 500 2.102 0.303 2 2
max_pca 1 0.95 0.5 500 27.95 7.598 15 27
max_pca 2 0.95 0.5 500 17.098 3.805 11 16.025
max_pca 3 0.95 0.5 500 14.086 3.064 9 14
max_pca 5 0.95 0.5 500 10.878 2.042 7 11
max_pca 10 0.95 0.5 500 7.686 1.264 5.475 8
max_pca 20 0.95 0.5 500 5.428 0.937 4 5
min_pca 1 0.95 0.5 500 2 0 2 2
min_pca 2 0.95 0.5 500 2 0 2 2
min_pca 3 0.95 0.5 500 2 0 2 2
min_pca 5 0.95 0.5 500 2 0 2 2
min_pca 10 0.95 0.5 500 2.034 0.181 2 2
min_pca 20 0.95 0.5 500 3.012 0.395 2 3
tpca 0.8 0.95 0.5 500 2 0 2 2
tpca 0.9 0.95 0.5 500 2 0 2 2
tpca 0.95 0.95 0.5 500 2 0 2 2
tpca 0.99 0.95 0.5 500 2 0 2 2
tpca 0.995 0.95 0.5 500 2 0 2 2
tpca 0.999 0.95 0.5 500 2 0 2 2
mix 0.03 0.95 0.5 500 4.61 0.731 3 5
mix 0.1 0.95 0.5 500 3.836 0.64 3 4
mix 0.3 0.95 0.5 500 3.386 0.578 3 3
mix 1 0.95 0.5 500 3.084 0.538 2 3
max_pca 1 0.95 1.5 500 1930.492 312.317 715 2000
max_pca 2 0.95 1.5 500 1968.202 202.118 1703.475 2000
max_pca 3 0.95 1.5 500 1897.128 417.333 159.3 2000
max_pca 5 0.95 1.5 500 1830.246 532.559 121.425 2000
max_pca 10 0.95 1.5 500 91.458 92.801 33 80
max_pca 20 0.95 1.5 500 22.104 8.049 9 21
min_pca 1 0.95 1.5 500 2 0 2 2
min_pca 2 0.95 1.5 500 2 0 2 2
min_pca 3 0.95 1.5 500 2 0 2 2
min_pca 5 0.95 1.5 500 2 0 2 2
min_pca 10 0.95 1.5 500 2.014 0.118 2 2
min_pca 20 0.95 1.5 500 2.832 0.405 2 3
tpca 0.8 0.95 1.5 500 2 0 2 2
tpca 0.9 0.95 1.5 500 2 0 2 2
tpca 0.95 0.95 1.5 500 2 0 2 2
tpca 0.99 0.95 1.5 500 2 0 2 2
tpca 0.995 0.95 1.5 500 2 0 2 2
tpca 0.999 0.95 1.5 500 2 0 2 2
mix 0.03 0.95 1.5 500 4.784 1.187 3 5
mix 0.1 0.95 1.5 500 4.354 1.063 3 4
mix 0.3 0.95 1.5 500 4.15 1.038 2.475 4
mix 1 0.95 1.5 500 4.058 1.008 2 4
max_pca 1 0.95 2 500 91.888 146.174 14.475 67.025
max_pca 2 0.95 2 500 49.372 26.676 13 43
max_pca 3 0.95 2 500 29.298 13.262 10 26
max_pca 5 0.95 2 500 20.598 7.579 8 20
max_pca 10 0.95 2 500 10.988 3.744 5 10
max_pca 20 0.95 2 500 5.36 1.456 3 5
min_pca 1 0.95 2 500 2 0 2 2
min_pca 2 0.95 2 500 2 0 2 2
min_pca 3 0.95 2 500 2 0 2 2
min_pca 5 0.95 2 500 2 0 2 2
min_pca 10 0.95 2 500 2 0 2 2
min_pca 20 0.95 2 500 2.126 0.332 2 2
tpca 0.8 0.95 2 500 2 0 2 2
tpca 0.9 0.95 2 500 2 0 2 2
tpca 0.95 0.95 2 500 2 0 2 2
tpca 0.99 0.95 2 500 2 0 2 2
tpca 0.995 0.95 2 500 2 0 2 2
tpca 0.999 0.95 2 500 2 0 2 2
mix 0.03 0.95 2 500 2.32 0.471 2 2
mix 0.1 0.95 2 500 2.178 0.383 2 2
mix 0.3 0.95 2 500 2.114 0.318 2 2
mix 1 0.95 2 500 2.094 0.292 2 2
max_pca 1 0.9 0.5 500 30.92 9.175 15 30
max_pca 2 0.9 0.5 500 18.648 4.171 11 18
max_pca 3 0.9 0.5 500 15.5 3.364 9 15
max_pca 5 0.9 0.5 500 11.744 2.242 7 12
max_pca 10 0.9 0.5 500 8.422 1.482 6 8
max_pca 20 0.9 0.5 500 5.994 1.057 4 6
min_pca 1 0.9 0.5 500 2 0 2 2
min_pca 2 0.9 0.5 500 2 0 2 2
min_pca 3 0.9 0.5 500 2 0 2 2
min_pca 5 0.9 0.5 500 2 0 2 2
min_pca 10 0.9 0.5 500 2.006 0.077 2 2
min_pca 20 0.9 0.5 500 2.726 0.451 2 3
tpca 0.8 0.9 0.5 500 2 0 2 2
tpca 0.9 0.9 0.5 500 2 0 2 2
tpca 0.95 0.9 0.5 500 2 0 2 2
tpca 0.99 0.9 0.5 500 2 0 2 2
tpca 0.995 0.9 0.5 500 2 0 2 2
tpca 0.999 0.9 0.5 500 2 0 2 2
mix 0.03 0.9 0.5 500 4.742 0.741 3 5
mix 0.1 0.9 0.5 500 3.96 0.619 3 4
mix 0.3 0.9 0.5 500 3.508 0.592 3 3
mix 1 0.9 0.5 500 3.192 0.544 2 3
max_pca 1 0.9 1.5 500 1907.828 348.251 487.225 2000
max_pca 2 0.9 1.5 500 1980.156 161.766 2000 2000
max_pca 3 0.9 1.5 500 1960.372 252.407 1814.675 2000
max_pca 5 0.9 1.5 500 1937.98 317.011 401.175 2000
max_pca 10 0.9 1.5 500 203.6 406.405 35 108
max_pca 20 0.9 1.5 500 25.74 9.021 12 24
min_pca 1 0.9 1.5 500 2 0 2 2
min_pca 2 0.9 1.5 500 2 0 2 2
min_pca 3 0.9 1.5 500 2 0 2 2
min_pca 5 0.9 1.5 500 2 0 2 2
min_pca 10 0.9 1.5 500 2.002 0.045 2 2
min_pca 20 0.9 1.5 500 2.51 0.5 2 2
tpca 0.8 0.9 1.5 500 2 0 2 2
tpca 0.9 0.9 1.5 500 2 0 2 2
tpca 0.95 0.9 1.5 500 2 0 2 2
tpca 0.99 0.9 1.5 500 2 0 2 2
tpca 0.995 0.9 1.5 500 2 0 2 2
tpca 0.999 0.9 1.5 500 2 0 2 2
mix 0.03 0.9 1.5 500 4.98 1.361 3 5
mix 0.1 0.9 1.5 500 4.544 1.189 3 4
mix 0.3 0.9 1.5 500 4.312 1.125 3 4
mix 1 0.9 1.5 500 4.236 1.1 2.475 4
max_pca 1 0.9 2 500 156.746 351.819 16.95 74
max_pca 2 0.9 2 500 56.668 31.311 14 51
max_pca 3 0.9 2 500 33.176 14.751 12 30
max_pca 5 0.9 2 500 23.034 9.066 9 22
max_pca 10 0.9 2 500 11.392 3.791 6 10.025
max_pca 20 0.9 2 500 5.554 1.515 3 5
min_pca 1 0.9 2 500 2 0 2 2
min_pca 2 0.9 2 500 2 0 2 2
min_pca 3 0.9 2 500 2 0 2 2
min_pca 5 0.9 2 500 2 0 2 2
min_pca 10 0.9 2 500 2 0 2 2
min_pca 20 0.9 2 500 2.022 0.147 2 2
tpca 0.8 0.9 2 500 2 0 2 2
tpca 0.9 0.9 2 500 2 0 2 2
tpca 0.95 0.9 2 500 2 0 2 2
tpca 0.99 0.9 2 500 2 0 2 2
tpca 0.995 0.9 2 500 2 0 2 2
tpca 0.999 0.9 2 500 2 0 2 2
mix 0.03 0.9 2 500 2.38 0.494 2 2
mix 0.1 0.9 2 500 2.244 0.435 2 2
mix 0.3 0.9 2 500 2.19 0.398 2 2
mix 1 0.9 2 500 2.17 0.381 2 2
max_pca 1 0.7 0.5 500 46.258 15.335 20 44
max_pca 2 0.7 0.5 500 27.142 7.31 14 26
max_pca 3 0.7 0.5 500 22.606 5.705 12 22
max_pca 5 0.7 0.5 500 17.264 4.07 10 17
max_pca 10 0.7 0.5 500 12.032 2.571 8 12
max_pca 20 0.7 0.5 500 8.708 1.835 6 8
min_pca 1 0.7 0.5 500 2 0 2 2
min_pca 2 0.7 0.5 500 2 0 2 2
min_pca 3 0.7 0.5 500 2 0 2 2
min_pca 5 0.7 0.5 500 2 0 2 2
min_pca 10 0.7 0.5 500 2.004 0.063 2 2
min_pca 20 0.7 0.5 500 2.202 0.402 2 2
tpca 0.8 0.7 0.5 500 2 0 2 2
tpca 0.9 0.7 0.5 500 2 0 2 2
tpca 0.95 0.7 0.5 500 2 0 2 2
tpca 0.99 0.7 0.5 500 2 0 2 2
tpca 0.995 0.7 0.5 500 2 0 2 2
tpca 0.999 0.7 0.5 500 2 0 2 2
mix 0.03 0.7 0.5 500 5.282 0.832 4 5
mix 0.1 0.7 0.5 500 4.462 0.786 3 4
mix 0.3 0.7 0.5 500 4.006 0.704 3 4
mix 1 0.7 0.5 500 3.694 0.661 3 4
max_pca 1 0.7 1.5 500 1945.218 252.807 1054.8 2000
max_pca 2 0.7 1.5 500 1977.992 171.438 2000 2000
max_pca 3 0.7 1.5 500 1987.818 122.054 2000 2000
max_pca 5 0.7 1.5 500 1999.37 14.087 2000 2000
max_pca 10 0.7 1.5 500 1908.408 399.985 175.375 2000
max_pca 20 0.7 1.5 500 52.786 20.761 20.475 48
min_pca 1 0.7 1.5 500 2 0 2 2
min_pca 2 0.7 1.5 500 2 0 2 2
min_pca 3 0.7 1.5 500 2 0 2 2
min_pca 5 0.7 1.5 500 2 0 2 2
min_pca 10 0.7 1.5 500 2 0 2 2
min_pca 20 0.7 1.5 500 2.108 0.311 2 2
tpca 0.8 0.7 1.5 500 2 0 2 2
tpca 0.9 0.7 1.5 500 2 0 2 2
tpca 0.95 0.7 1.5 500 2 0 2 2
tpca 0.99 0.7 1.5 500 2 0 2 2
tpca 0.995 0.7 1.5 500 2 0 2 2
tpca 0.999 0.7 1.5 500 2 0 2 2
mix 0.03 0.7 1.5 500 5.65 1.561 3 5
mix 0.1 0.7 1.5 500 5.176 1.466 3 5
mix 0.3 0.7 1.5 500 4.984 1.414 3 5
mix 1 0.7 1.5 500 4.922 1.413 3 5
max_pca 1 0.7 2 500 1117.404 922.398 27.425 1121.45
max_pca 2 0.7 2 500 575.398 808.222 28.475 121.025
max_pca 3 0.7 2 500 96.746 195.98 20 69
max_pca 5 0.7 2 500 47.646 21.068 14 43.025
max_pca 10 0.7 2 500 20.8 7.447 9 20
max_pca 20 0.7 2 500 8.672 2.781 5 8
min_pca 1 0.7 2 500 2 0 2 2
min_pca 2 0.7 2 500 2 0 2 2
min_pca 3 0.7 2 500 2 0 2 2
min_pca 5 0.7 2 500 2 0 2 2
min_pca 10 0.7 2 500 2 0 2 2
min_pca 20 0.7 2 500 2.006 0.077 2 2
tpca 0.8 0.7 2 500 2 0 2 2
tpca 0.9 0.7 2 500 2 0 2 2
tpca 0.95 0.7 2 500 2 0 2 2
tpca 0.99 0.7 2 500 2 0 2 2
tpca 0.995 0.7 2 500 2 0 2 2
tpca 0.999 0.7 2 500 2 0 2 2
mix 0.03 0.7 2 500 2.664 0.529 2 3
mix 0.1 0.7 2 500 2.524 0.523 2 2
mix 0.3 0.7 2 500 2.468 0.523 2 2
mix 1 0.7 2 500 2.436 0.516 2 2
max_pca 1 0.5 0.5 500 72.608 28.467 27.475 68
max_pca 2 0.5 0.5 500 40.688 13.1 21 38
max_pca 3 0.5 0.5 500 34.122 9.952 17 33
max_pca 5 0.5 0.5 500 25.144 6.539 14 24
max_pca 10 0.5 0.5 500 17.796 4.282 11 17
max_pca 20 0.5 0.5 500 13.434 3.109 7 13
min_pca 1 0.5 0.5 500 2 0 2 2
min_pca 2 0.5 0.5 500 2 0 2 2
min_pca 3 0.5 0.5 500 2 0 2 2
min_pca 5 0.5 0.5 500 2 0 2 2
min_pca 10 0.5 0.5 500 2.002 0.045 2 2
min_pca 20 0.5 0.5 500 2.122 0.328 2 2
tpca 0.8 0.5 0.5 500 2 0 2 2
tpca 0.9 0.5 0.5 500 2 0 2 2
tpca 0.95 0.5 0.5 500 2 0 2 2
tpca 0.99 0.5 0.5 500 2 0 2 2
tpca 0.995 0.5 0.5 500 2 0 2 2
tpca 0.999 0.5 0.5 500 2 0 2 2
mix 0.03 0.5 0.5 500 6.328 1.021 4 6
mix 0.1 0.5 0.5 500 5.4 0.939 4 5
mix 0.3 0.5 0.5 500 4.804 0.905 3 5
mix 1 0.5 0.5 500 4.488 0.881 3 4
max_pca 1 0.5 1.5 500 1929.768 305.611 651.475 2000
max_pca 2 0.5 1.5 500 1971.404 185.452 1754.7 2000
max_pca 3 0.5 1.5 500 1988.606 115.472 2000 2000
max_pca 5 0.5 1.5 500 1998.56 32.199 2000 2000
max_pca 10 0.5 1.5 500 1989.2 116.794 2000 2000
max_pca 20 0.5 1.5 500 1026.666 919.244 60 219.025
min_pca 1 0.5 1.5 500 2 0 2 2
min_pca 2 0.5 1.5 500 2 0 2 2
min_pca 3 0.5 1.5 500 2 0 2 2
min_pca 5 0.5 1.5 500 2 0 2 2
min_pca 10 0.5 1.5 500 2.002 0.045 2 2
min_pca 20 0.5 1.5 500 2.076 0.265 2 2
tpca 0.8 0.5 1.5 500 2 0 2 2
tpca 0.9 0.5 1.5 500 2 0 2 2
tpca 0.95 0.5 1.5 500 2 0 2 2
tpca 0.99 0.5 1.5 500 2 0 2 2
tpca 0.995 0.5 1.5 500 2 0 2 2
tpca 0.999 0.5 1.5 500 2 0 2 2
mix 0.03 0.5 1.5 500 7.052 1.991 4 7
mix 0.1 0.5 1.5 500 6.614 1.89 4 6
mix 0.3 0.5 1.5 500 6.378 1.805 4 6
mix 1 0.5 1.5 500 6.426 1.781 4 6
max_pca 1 0.5 2 500 1863.194 444.874 153.425 2000
max_pca 2 0.5 2 500 1899.232 399.581 221.075 2000
max_pca 3 0.5 2 500 1588.504 767.509 86.95 2000
max_pca 5 0.5 2 500 987.04 926.338 61.475 196.025
max_pca 10 0.5 2 500 55.744 24.891 20 50
max_pca 20 0.5 2 500 16.16 5.338 7 15
min_pca 1 0.5 2 500 2 0 2 2
min_pca 2 0.5 2 500 2 0 2 2
min_pca 3 0.5 2 500 2 0 2 2
min_pca 5 0.5 2 500 2 0 2 2
min_pca 10 0.5 2 500 2 0 2 2
min_pca 20 0.5 2 500 2 0 2 2
tpca 0.8 0.5 2 500 2 0 2 2
tpca 0.9 0.5 2 500 2 0 2 2
tpca 0.95 0.5 2 500 2 0 2 2
tpca 0.99 0.5 2 500 2 0 2 2
tpca 0.995 0.5 2 500 2 0 2 2
tpca 0.999 0.5 2 500 2 0 2 2
mix 0.03 0.5 2 500 2.97 0.615 2 3
mix 0.1 0.5 2 500 2.856 0.586 2 3
mix 0.3 0.5 2 500 2.826 0.58 2 3
mix 1 0.5 2 500 2.858 0.592 2 3
max_pca 1 0.3 0.5 500 316.086 552.433 43 125.025
max_pca 2 0.3 0.5 500 71.012 26.48 30.475 64
max_pca 3 0.3 0.5 500 60.614 20.56 27 57
max_pca 5 0.3 0.5 500 43.59 13.083 20 42
max_pca 10 0.3 0.5 500 31.472 8.556 16 30.025
max_pca 20 0.3 0.5 500 24.554 6.328 14 24
min_pca 1 0.3 0.5 500 2 0 2 2
min_pca 2 0.3 0.5 500 2 0 2 2
min_pca 3 0.3 0.5 500 2 0 2 2
min_pca 5 0.3 0.5 500 2 0 2 2
min_pca 10 0.3 0.5 500 2.002 0.045 2 2
min_pca 20 0.3 0.5 500 2.158 0.365 2 2
tpca 0.8 0.3 0.5 500 2 0 2 2
tpca 0.9 0.3 0.5 500 2 0 2 2
tpca 0.95 0.3 0.5 500 2 0 2 2
tpca 0.99 0.3 0.5 500 2 0 2 2
tpca 0.995 0.3 0.5 500 2 0 2 2
tpca 0.999 0.3 0.5 500 2 0 2 2
mix 0.03 0.3 0.5 500 8.224 1.372 6 8
mix 0.1 0.3 0.5 500 7.272 1.378 4.475 7
mix 0.3 0.3 0.5 500 6.716 1.394 4 7
mix 1 0.3 0.5 500 6.482 1.439 4 6
max_pca 1 0.3 1.5 500 1911.146 349.872 432.375 2000
max_pca 2 0.3 1.5 500 1953.982 253.516 842.175 2000
max_pca 3 0.3 1.5 500 1980.608 163.779 2000 2000
max_pca 5 0.3 1.5 500 1985.984 135.821 2000 2000
max_pca 10 0.3 1.5 500 2000 0 2000 2000
max_pca 20 0.3 1.5 500 1964.712 226.423 1537.15 2000
min_pca 1 0.3 1.5 500 2 0 2 2
min_pca 2 0.3 1.5 500 2 0 2 2
min_pca 3 0.3 1.5 500 2 0 2 2
min_pca 5 0.3 1.5 500 2 0 2 2
min_pca 10 0.3 1.5 500 2 0 2 2
min_pca 20 0.3 1.5 500 2.158 0.365 2 2
tpca 0.8 0.3 1.5 500 2 0 2 2
tpca 0.9 0.3 1.5 500 2 0 2 2
tpca 0.95 0.3 1.5 500 2 0 2 2
tpca 0.99 0.3 1.5 500 2 0 2 2
tpca 0.995 0.3 1.5 500 2 0 2 2
tpca 0.999 0.3 1.5 500 2 0 2 2
mix 0.03 0.3 1.5 500 9.792 3.105 5 9
mix 0.1 0.3 1.5 500 9.342 2.982 4 9
mix 0.3 0.3 1.5 500 9.372 2.983 4.475 9
mix 1 0.3 1.5 500 9.704 3.129 4 9
max_pca 1 0.3 2 500 1956.314 224.302 1151.05 2000
max_pca 2 0.3 2 500 1974.418 185.193 2000 2000
max_pca 3 0.3 2 500 1989.484 111.562 2000 2000
max_pca 5 0.3 2 500 1991.968 109.337 2000 2000
max_pca 10 0.3 2 500 1919.236 371.103 183 2000
max_pca 20 0.3 2 500 62.606 27.35 21 57
min_pca 1 0.3 2 500 2 0 2 2
min_pca 2 0.3 2 500 2 0 2 2
min_pca 3 0.3 2 500 2 0 2 2
min_pca 5 0.3 2 500 2 0 2 2
min_pca 10 0.3 2 500 2 0 2 2
min_pca 20 0.3 2 500 2.008 0.089 2 2
tpca 0.8 0.3 2 500 2 0 2 2
tpca 0.9 0.3 2 500 2 0 2 2
tpca 0.95 0.3 2 500 2 0 2 2
tpca 0.99 0.3 2 500 2 0 2 2
tpca 0.995 0.3 2 500 2 0 2 2
tpca 0.999 0.3 2 500 2 0 2 2
mix 0.03 0.3 2 500 3.686 0.868 2 4
mix 0.1 0.3 2 500 3.61 0.862 2 3
mix 0.3 0.3 2 500 3.628 0.889 2 4
mix 1 0.3 2 500 3.754 0.944 2 4
max_pca 1 0.1 0.5 500 1357.428 841.748 74.95 2000
max_pca 2 0.1 0.5 500 318.174 540.748 45 135
max_pca 3 0.1 0.5 500 200.116 355.042 49.475 125
max_pca 5 0.1 0.5 500 92.994 39.22 40.475 87
max_pca 10 0.1 0.5 500 66.094 20.535 31.475 62.025
max_pca 20 0.1 0.5 500 60.26 19.969 26 57
min_pca 1 0.1 0.5 500 2 0 2 2
min_pca 2 0.1 0.5 500 2 0 2 2
min_pca 3 0.1 0.5 500 2 0 2 2
min_pca 5 0.1 0.5 500 2 0 2 2
min_pca 10 0.1 0.5 500 2.004 0.063 2 2
min_pca 20 0.1 0.5 500 2.62 0.486 2 3
tpca 0.8 0.1 0.5 500 2 0 2 2
tpca 0.9 0.1 0.5 500 2 0 2 2
tpca 0.95 0.1 0.5 500 2 0 2 2
tpca 0.99 0.1 0.5 500 2 0 2 2
tpca 0.995 0.1 0.5 500 2 0 2 2
tpca 0.999 0.1 0.5 500 2 0 2 2
mix 0.03 0.1 0.5 500 14.812 3.029 9 14
mix 0.1 0.1 0.5 500 14.512 3.454 7 14
mix 0.3 0.1 0.5 500 14.882 4.102 7 14
mix 1 0.1 0.5 500 15.962 5.018 7 15
max_pca 1 0.1 1.5 500 1864.058 444.236 222.9 2000
max_pca 2 0.1 1.5 500 1734.916 636.555 99.425 2000
max_pca 3 0.1 1.5 500 1786.61 585.512 124.475 2000
max_pca 5 0.1 1.5 500 1617.13 744.485 96.475 2000
max_pca 10 0.1 1.5 500 1405.448 858.994 88.95 2000
max_pca 20 0.1 1.5 500 1673.456 688.247 119.475 2000
min_pca 1 0.1 1.5 500 2 0 2 2
min_pca 2 0.1 1.5 500 2 0 2 2
min_pca 3 0.1 1.5 500 2 0 2 2
min_pca 5 0.1 1.5 500 2 0 2 2
min_pca 10 0.1 1.5 500 2.002 0.045 2 2
min_pca 20 0.1 1.5 500 2.632 0.491 2 3
tpca 0.8 0.1 1.5 500 2 0 2 2
tpca 0.9 0.1 1.5 500 2 0 2 2
tpca 0.95 0.1 1.5 500 2 0 2 2
tpca 0.99 0.1 1.5 500 2 0 2 2
tpca 0.995 0.1 1.5 500 2 0 2 2
tpca 0.999 0.1 1.5 500 2 0 2 2
mix 0.03 0.1 1.5 500 21.686 9.038 7.475 20
mix 0.1 0.1 1.5 500 22.468 9.508 7 20
mix 0.3 0.1 1.5 500 24.012 10.311 7 22
mix 1 0.1 1.5 500 26.404 12.435 7 24
max_pca 1 0.1 2 500 1916.736 326.633 740.075 2000
max_pca 2 0.1 2 500 1938.322 307.256 458.725 2000
max_pca 3 0.1 2 500 1959.372 255.921 1704.95 2000
max_pca 5 0.1 2 500 1972.074 219.58 2000 2000
max_pca 10 0.1 2 500 1960.524 264.161 2000 2000
max_pca 20 0.1 2 500 1903.278 382.162 238.175 2000
min_pca 1 0.1 2 500 2 0 2 2
min_pca 2 0.1 2 500 2 0 2 2
min_pca 3 0.1 2 500 2 0 2 2
min_pca 5 0.1 2 500 2 0 2 2
min_pca 10 0.1 2 500 2 0 2 2
min_pca 20 0.1 2 500 2.058 0.234 2 2
tpca 0.8 0.1 2 500 2 0 2 2
tpca 0.9 0.1 2 500 2 0 2 2
tpca 0.95 0.1 2 500 2 0 2 2
tpca 0.99 0.1 2 500 2 0 2 2
tpca 0.995 0.1 2 500 2 0 2 2
tpca 0.999 0.1 2 500 2 0 2 2
mix 0.03 0.1 2 500 6.582 2.124 3 6
mix 0.1 0.1 2 500 6.83 2.285 4 6
mix 0.3 0.1 2 500 7.39 2.47 4 7
mix 1 0.1 2 500 8.132 2.695 4 8
max_pca 1 0.05 0.5 500 1599.512 727.583 100.425 2000
max_pca 2 0.05 0.5 500 619.706 793.126 57.475 167
max_pca 3 0.05 0.5 500 518.474 738.035 56 157.025
max_pca 5 0.05 0.5 500 141.23 212.196 51 111
max_pca 10 0.05 0.5 500 84.55 26.77 41 81
max_pca 20 0.05 0.5 500 80.378 27.206 32.95 74
min_pca 1 0.05 0.5 500 2 0 2 2
min_pca 2 0.05 0.5 500 2 0 2 2
min_pca 3 0.05 0.5 500 2 0 2 2
min_pca 5 0.05 0.5 500 2 0 2 2
min_pca 10 0.05 0.5 500 2.032 0.176 2 2
min_pca 20 0.05 0.5 500 2.922 0.364 2 3
tpca 0.8 0.05 0.5 500 2 0 2 2
tpca 0.9 0.05 0.5 500 2 0 2 2
tpca 0.95 0.05 0.5 500 2 0 2 2
tpca 0.99 0.05 0.5 500 2 0 2 2
tpca 0.995 0.05 0.5 500 2 0 2 2
tpca 0.999 0.05 0.5 500 2 0 2 2
mix 0.03 0.05 0.5 500 21.928 4.873 12 21.025
mix 0.1 0.05 0.5 500 23.396 5.972 11 23
mix 0.3 0.05 0.5 500 26.278 7.621 10 26
mix 1 0.05 0.5 500 30.416 9.989 10.475 30
max_pca 1 0.05 1.5 500 1807.512 517.838 126.375 2000
max_pca 2 0.05 1.5 500 1499.842 806.786 75.275 2000
max_pca 3 0.05 1.5 500 1555.934 783.226 79.95 2000
max_pca 5 0.05 1.5 500 1100.106 917.525 77.375 391.05
max_pca 10 0.05 1.5 500 567.494 776.956 69 160.025
max_pca 20 0.05 1.5 500 826.132 883.016 68.475 191
min_pca 1 0.05 1.5 500 2 0 2 2
min_pca 2 0.05 1.5 500 2 0 2 2
min_pca 3 0.05 1.5 500 2 0 2 2
min_pca 5 0.05 1.5 500 2.002 0.045 2 2
min_pca 10 0.05 1.5 500 2.028 0.177 2 2
min_pca 20 0.05 1.5 500 2.94 0.391 2 3
tpca 0.8 0.05 1.5 500 2 0 2 2
tpca 0.9 0.05 1.5 500 2 0 2 2
tpca 0.95 0.05 1.5 500 2 0 2 2
tpca 0.99 0.05 1.5 500 2 0 2 2
tpca 0.995 0.05 1.5 500 2 0 2 2
tpca 0.999 0.05 1.5 500 2 0 2 2
mix 0.03 0.05 1.5 500 38.81 18.234 12 35
mix 0.1 0.05 1.5 500 42.294 20.96 12 38
mix 0.3 0.05 1.5 500 49.678 26.066 12 45
mix 1 0.05 1.5 500 62.784 49.424 12 54
max_pca 1 0.05 2 500 1875.96 420.698 212.325 2000
max_pca 2 0.05 2 500 1770.406 588.119 132.95 2000
max_pca 3 0.05 2 500 1846.26 489.693 155.9 2000
max_pca 5 0.05 2 500 1769.25 605.676 124.85 2000
max_pca 10 0.05 2 500 1551.782 787.626 101.425 2000
max_pca 20 0.05 2 500 1623.624 727.17 115 2000
min_pca 1 0.05 2 500 2 0 2 2
min_pca 2 0.05 2 500 2 0 2 2
min_pca 3 0.05 2 500 2 0 2 2
min_pca 5 0.05 2 500 2 0 2 2
min_pca 10 0.05 2 500 2.004 0.063 2 2
min_pca 20 0.05 2 500 2.27 0.444 2 2
tpca 0.8 0.05 2 500 2 0 2 2
tpca 0.9 0.05 2 500 2 0 2 2
tpca 0.95 0.05 2 500 2 0 2 2
tpca 0.99 0.05 2 500 2 0 2 2
tpca 0.995 0.05 2 500 2 0 2 2
tpca 0.999 0.05 2 500 2 0 2 2
mix 0.03 0.05 2 500 10.532 4.217 4 10
mix 0.1 0.05 2 500 11.776 4.832 5 11
mix 0.3 0.05 2 500 13.518 5.456 5.475 12
mix 1 0.05 2 500 15.968 6.874 6 15
max_pca 1 0.02 0.5 500 1675.054 669.975 113.95 2000
max_pca 2 0.02 0.5 500 844.972 882.814 63 200.025
max_pca 3 0.02 0.5 500 705.07 843.583 62.475 177
max_pca 5 0.02 0.5 500 211.542 379.007 50 126
max_pca 10 0.02 0.5 500 100.54 36.331 42 94
max_pca 20 0.02 0.5 500 102.234 36.268 44.475 96
min_pca 1 0.02 0.5 500 2 0 2 2
min_pca 2 0.02 0.5 500 2 0 2 2
min_pca 3 0.02 0.5 500 2.002 0.045 2 2
min_pca 5 0.02 0.5 500 2.004 0.063 2 2
min_pca 10 0.02 0.5 500 2.114 0.324 2 2
min_pca 20 0.02 0.5 500 3.328 0.728 2.475 3
tpca 0.8 0.02 0.5 500 2 0 2 2
tpca 0.9 0.02 0.5 500 2 0 2 2
tpca 0.95 0.02 0.5 500 2 0 2 2
tpca 0.99 0.02 0.5 500 2 0 2 2
tpca 0.995 0.02 0.5 500 2 0 2 2
tpca 0.999 0.02 0.5 500 2 0 2 2
mix 0.03 0.02 0.5 500 42.114 12.453 17 40
mix 0.1 0.02 0.5 500 50.75 17.469 16 49
mix 0.3 0.02 0.5 500 61.298 24.13 15.475 59
mix 1 0.02 0.5 500 73.6 32.522 16.475 70
max_pca 1 0.02 1.5 500 1741.346 596.376 127.325 2000
max_pca 2 0.02 1.5 500 1228.276 900.243 94.475 2000
max_pca 3 0.02 1.5 500 1240.45 893.057 91.475 2000
max_pca 5 0.02 1.5 500 574.816 773.177 71.475 168
max_pca 10 0.02 1.5 500 207.106 369.867 59.95 122
max_pca 20 0.02 1.5 500 292.744 518.923 58 131.025
min_pca 1 0.02 1.5 500 2 0 2 2
min_pca 2 0.02 1.5 500 2 0 2 2
min_pca 3 0.02 1.5 500 2 0 2 2
min_pca 5 0.02 1.5 500 2.006 0.077 2 2
min_pca 10 0.02 1.5 500 2.13 0.337 2 2
min_pca 20 0.02 1.5 500 3.378 0.669 3 3
tpca 0.8 0.02 1.5 500 2 0 2 2
tpca 0.9 0.02 1.5 500 2 0 2 2
tpca 0.95 0.02 1.5 500 2 0 2 2
tpca 0.99 0.02 1.5 500 2 0 2 2
tpca 0.995 0.02 1.5 500 2 0 2 2
tpca 0.999 0.02 1.5 500 2 0 2 2
mix 0.03 0.02 1.5 500 209.372 384.069 18.475 94
mix 0.1 0.02 1.5 500 282.796 412.99 18.475 122
mix 0.3 0.02 1.5 500 324.872 401.878 13.475 148.025
mix 1 0.02 1.5 500 332.522 383.747 14.475 164
max_pca 1 0.02 2 500 1801.49 539.503 125.275 2000
max_pca 2 0.02 2 500 1334.416 863.086 82.65 2000
max_pca 3 0.02 2 500 1428.92 842.2 98.85 2000
max_pca 5 0.02 2 500 963.998 909.06 83.475 208.025
max_pca 10 0.02 2 500 492.644 723.461 60.475 153
max_pca 20 0.02 2 500 672.214 827.432 57.475 178
min_pca 1 0.02 2 500 2 0 2 2
min_pca 2 0.02 2 500 2 0 2 2
min_pca 3 0.02 2 500 2 0 2 2
min_pca 5 0.02 2 500 2.002 0.045 2 2
min_pca 10 0.02 2 500 2.048 0.223 2 2
min_pca 20 0.02 2 500 2.82 0.566 2 3
tpca 0.8 0.02 2 500 2 0 2 2
tpca 0.9 0.02 2 500 2 0 2 2
tpca 0.95 0.02 2 500 2 0 2 2
tpca 0.99 0.02 2 500 2 0 2 2
tpca 0.995 0.02 2 500 2 0 2 2
tpca 0.999 0.02 2 500 2 0 2 2
mix 0.03 0.02 2 500 21.972 10.622 7 19
mix 0.1 0.02 2 500 27.178 13.352 7 24
mix 0.3 0.02 2 500 34.152 18.806 8 29
mix 1 0.02 2 500 43.274 26.331 8.475 36
