method method_param p change_param n_sim edd sd_edd edd_lower edd_upper
max_pca 1 0.98 0 500 41.354 12.239 20 39.025
max_pca 2 0.98 0 500 28.132 7.18 16 27
max_pca 3 0.98 0 500 23.208 5.425 14 22
max_pca 5 0.98 0 500 19.152 3.991 12 19
max_pca 10 0.98 0 500 15.858 2.964 10.475 15
max_pca 20 0.98 0 500 13.082 2.338 9 13
min_pca 1 0.98 0 500 20.74 8.326 8 19
min_pca 2 0.98 0 500 15.834 4.837 8 15
min_pca 3 0.98 0 500 14.892 3.698 9 14
min_pca 5 0.98 0 500 14.052 2.757 9 14
min_pca 10 0.98 0 500 13.736 1.977 10 14
min_pca 20 0.98 0 500 14.882 1.686 11.475 15
tpca 0.8 0.98 0 500 14.892 3.698 9 14
tpca 0.9 0.98 0 500 14.052 2.757 9 14
tpca 0.95 0.98 0 500 13.688 2.321 9 13
tpca 0.99 0.98 0 500 13.894 1.902 10 14
tpca 0.995 0.98 0 500 14.138 1.878 11 14
tpca 0.999 0.98 0 500 14.354 1.729 11 14
max_pca 1 0.98 0.5 500 101.838 46.084 40 93
max_pca 2 0.98 0.5 500 64.03 19.651 32 61
max_pca 3 0.98 0.5 500 50.18 14.182 26 49
max_pca 5 0.98 0.5 500 40.574 10.06 24 39
max_pca 10 0.98 0.5 500 32.634 7.25 20.475 32
max_pca 20 0.98 0.5 500 26.93 5.732 17 26
min_pca 1 0.98 0.5 500 39.242 13.123 15.475 37
min_pca 2 0.98 0.5 500 27.372 7.088 15 26
min_pca 3 0.98 0.5 500 26.082 5.958 15 25
min_pca 5 0.98 0.5 500 24.564 4.442 16 24
min_pca 10 0.98 0.5 500 24.202 3.189 19 24
min_pca 20 0.98 0.5 500 25.958 2.705 21 26
tpca 0.8 0.98 0.5 500 26.082 5.958 15 25
tpca 0.9 0.98 0.5 500 24.564 4.442 16 24
tpca 0.95 0.98 0.5 500 24.108 3.7 18 24
tpca 0.99 0.98 0.5 500 24.316 3.083 19 24
tpca 0.995 0.98 0.5 500 24.678 2.911 19 24
tpca 0.999 0.98 0.5 500 25.218 2.848 20 25
max_pca 1 0.98 0.75 500 395.944 630.091 54.95 145
max_pca 2 0.98 0.75 500 107.916 51.693 46.475 99
max_pca 3 0.98 0.75 500 79.218 25.071 37 75
max_pca 5 0.98 0.75 500 60.7 16.06 33 58
max_pca 10 0.98 0.75 500 48.478 11.431 29 47
max_pca 20 0.98 0.75 500 41.25 10.46 22.475 40
min_pca 1 0.98 0.75 500 94.842 90.901 38 86
min_pca 2 0.98 0.75 500 49.802 12.465 28 48
min_pca 3 0.98 0.75 500 46.236 9.738 31 45
min_pca 5 0.98 0.75 500 43.274 7.398 30 42
min_pca 10 0.98 0.75 500 42.22 5.606 32.475 41
min_pca 20 0.98 0.75 500 43.432 4.342 36 43
tpca 0.8 0.98 0.75 500 46.236 9.738 31 45
tpca 0.9 0.98 0.75 500 43.274 7.398 30 42
tpca 0.95 0.98 0.75 500 41.47 6.051 31 41
tpca 0.99 0.98 0.75 500 41.554 5.196 32 41
tpca 0.995 0.98 0.75 500 42.148 4.909 34 41
tpca 0.999 0.98 0.75 500 42.856 4.69 34.475 42
max_pca 1 0.95 0 500 47.67 15.368 22 45
max_pca 2 0.95 0 500 31.226 8.764 16.475 30
max_pca 3 0.95 0 500 25.632 6.32 15 25
max_pca 5 0.95 0 500 20.804 4.506 13 20
max_pca 10 0.95 0 500 17.294 3.237 12 17
max_pca 20 0.95 0 500 13.97 2.589 9 14
min_pca 1 0.95 0 500 20.71 7.343 9 20
min_pca 2 0.95 0 500 16.128 4.49 9 15
min_pca 3 0.95 0 500 15.246 3.511 9 15
min_pca 5 0.95 0 500 14.614 2.888 10 14
min_pca 10 0.95 0 500 14.288 2.088 11 14
min_pca 20 0.95 0 500 15.504 1.688 13 15
tpca 0.8 0.95 0 500 15.246 3.511 9 15
tpca 0.9 0.95 0 500 14.614 2.888 10 14
tpca 0.95 0.95 0 500 14.254 2.357 10 14
tpca 0.99 0.95 0 500 14.5 2.036 11 14
tpca 0.995 0.95 0 500 14.7 1.924 11.475 14
tpca 0.999 0.95 0 500 15.042 1.822 12 15
max_pca 1 0.95 0.5 500 106.594 54.318 34.475 95
max_pca 2 0.95 0.5 500 66.696 21.498 28.475 64
max_pca 3 0.95 0.5 500 53.072 14.783 27 51.025
max_pca 5 0.95 0.5 500 42.674 10.796 22 42
max_pca 10 0.95 0.5 500 34.404 7.754 20.475 33
max_pca 20 0.95 0.5 500 28.634 6.602 16 28
min_pca 1 0.95 0.5 500 43.76 15.25 17 42
min_pca 2 0.95 0.5 500 29.632 7.762 17 29
min_pca 3 0.95 0.5 500 27.718 6.133 18 27
min_pca 5 0.95 0.5 500 26.204 4.783 18 26
min_pca 10 0.95 0.5 500 25.624 3.366 20 25
min_pca 20 0.95 0.5 500 27.388 2.714 22 27
tpca 0.8 0.95 0.5 500 27.718 6.133 18 27
tpca 0.9 0.95 0.5 500 26.204 4.783 18 26
tpca 0.95 0.95 0.5 500 25.368 4 18 25
tpca 0.99 0.95 0.5 500 25.604 3.159 20 25
tpca 0.995 0.95 0.5 500 26.118 3.05 21 26
tpca 0.999 0.95 0.5 500 26.574 2.855 21 26
max_pca 1 0.95 0.75 500 473.834 693.904 47.9 155
max_pca 2 0.95 0.75 500 129.198 193.582 41.475 104
max_pca 3 0.95 0.75 500 80.916 26.583 36 75.025
max_pca 5 0.95 0.75 500 62.888 18.468 32 60
max_pca 10 0.95 0.75 500 49.918 12.369 29 48
max_pca 20 0.95 0.75 500 42.596 10.631 23.475 42
min_pca 1 0.95 0.75 500 109.138 150.329 45.475 94
min_pca 2 0.95 0.75 500 52.068 12.775 30 51
min_pca 3 0.95 0.75 500 48.794 10.56 30 48
min_pca 5 0.95 0.75 500 45.322 8.008 31 44
min_pca 10 0.95 0.75 500 43.9 5.864 33 43
min_pca 20 0.95 0.75 500 44.878 4.608 36.475 45
tpca 0.8 0.95 0.75 500 48.794 10.56 30 48
tpca 0.9 0.95 0.75 500 45.322 8.008 31 44
tpca 0.95 0.95 0.75 500 43.142 6.475 31 43
tpca 0.99 0.95 0.75 500 43.178 5.387 34 43
tpca 0.995 0.95 0.75 500 43.714 5.282 34 43
tpca 0.999 0.95 0.75 500 44.32 4.97 35.475 44
max_pca 1 0.9 0 500 54.502 18.507 26 50
max_pca 2 0.9 0 500 36.078 9.609 20.475 35
max_pca 3 0.9 0 500 29.6 6.947 16.475 29
max_pca 5 0.9 0 500 23.964 5.13 14 23
max_pca 10 0.9 0 500 19.776 3.954 13 20
max_pca 20 0.9 0 500 15.872 3.144 11 16
min_pca 1 0.9 0 500 23.402 8.665 9 22
min_pca 2 0.9 0 500 17.792 5.123 9 17
min_pca 3 0.9 0 500 16.876 4.174 10 16
min_pca 5 0.9 0 500 16.074 3.05 10.475 16
min_pca 10 0.9 0 500 15.754 2.104 11 16
min_pca 20 0.9 0 500 17.102 1.865 13 17
tpca 0.8 0.9 0 500 16.876 4.174 10 16
tpca 0.9 0.9 0 500 16.074 3.05 10.475 16
tpca 0.95 0.9 0 500 15.752 2.511 11 16
tpca 0.99 0.9 0 500 15.994 2.124 12 16
tpca 0.995 0.9 0 500 16.284 2.011 12 16
tpca 0.999 0.9 0 500 16.534 1.932 12.475 16
max_pca 1 0.9 0.5 500 147.626 243.244 41.475 108
max_pca 2 0.9 0.5 500 74.446 25.312 34 70
max_pca 3 0.9 0.5 500 58.18 17.599 28 56
max_pca 5 0.9 0.5 500 46.232 11.428 27 45
max_pca 10 0.9 0.5 500 37.126 8.339 22 37
max_pca 20 0.9 0.5 500 30.614 7.023 19 30
min_pca 1 0.9 0.5 500 48.734 16.952 21 47
min_pca 2 0.9 0.5 500 31.95 8.708 17.475 31
min_pca 3 0.9 0.5 500 30.114 6.935 18 29
min_pca 5 0.9 0.5 500 28.376 5.088 19 28
min_pca 10 0.9 0.5 500 27.75 3.703 21 27
min_pca 20 0.9 0.5 500 29.576 3.044 24 29
tpca 0.8 0.9 0.5 500 30.114 6.935 18 29
tpca 0.9 0.9 0.5 500 28.376 5.088 19 28
tpca 0.95 0.9 0.5 500 27.338 4.261 19.475 27
tpca 0.99 0.9 0.5 500 27.594 3.615 20.475 27
tpca 0.995 0.9 0.5 500 28.16 3.408 21 28
tpca 0.999 0.9 0.5 500 28.762 3.148 23 28
max_pca 1 0.9 0.75 500 601.552 778.755 58 169
max_pca 2 0.9 0.75 500 138.118 209.885 45.475 109
max_pca 3 0.9 0.75 500 86.604 30.116 40 83
max_pca 5 0.9 0.75 500 66.054 19.718 33.475 62
max_pca 10 0.9 0.75 500 52.77 13.227 30 50.025
max_pca 20 0.9 0.75 500 44.686 11.271 25 43
min_pca 1 0.9 0.75 500 171.174 334.738 51.475 108
min_pca 2 0.9 0.75 500 56.146 14.671 30 54
min_pca 3 0.9 0.75 500 52.252 11.298 32 51
min_pca 5 0.9 0.75 500 49.076 8.362 33.475 49
min_pca 10 0.9 0.75 500 47.492 5.786 35.475 47
min_pca 20 0.9 0.75 500 48.17 4.771 40 48
tpca 0.8 0.9 0.75 500 52.252 11.298 32 51
tpca 0.9 0.9 0.75 500 49.076 8.362 33.475 49
tpca 0.95 0.9 0.75 500 46.38 6.698 33 46
tpca 0.99 0.9 0.75 500 46.364 5.569 36 46
tpca 0.995 0.9 0.75 500 46.908 5.271 37 47
tpca 0.999 0.9 0.75 500 47.622 5.095 38 47
max_pca 1 0.7 0 500 115.402 176.209 36.475 92.025
max_pca 2 0.7 0 500 62.262 21.869 29 58
max_pca 3 0.7 0 500 49.224 15.212 23 47
max_pca 5 0.7 0 500 38.91 10.647 21 37
max_pca 10 0.7 0 500 31.63 7.499 19 31
max_pca 20 0.7 0 500 25.92 5.881 17 25
min_pca 1 0.7 0 500 42.16 17.905 14.475 38
min_pca 2 0.7 0 500 28.456 8.391 14 27
min_pca 3 0.7 0 500 26.672 6.753 15 25
min_pca 5 0.7 0 500 25.042 4.956 16.475 24
min_pca 10 0.7 0 500 24.422 3.714 18 24
min_pca 20 0.7 0 500 25.938 2.948 20.475 26
tpca 0.8 0.7 0 500 26.672 6.753 15 25
tpca 0.9 0.7 0 500 25.042 4.956 16.475 24
tpca 0.95 0.7 0 500 24.204 4.245 17 24
tpca 0.99 0.7 0 500 24.482 3.527 18 24
tpca 0.995 0.7 0 500 24.906 3.434 19 25
tpca 0.999 0.7 0 500 25.256 3.232 19 25
max_pca 1 0.7 0.5 500 404.664 629.591 40.425 150
max_pca 2 0.7 0.5 500 102.21 42.699 38.475 94
max_pca 3 0.7 0.5 500 77.492 24.771 38 73
max_pca 5 0.7 0.5 500 60.218 17.568 33 57
max_pca 10 0.7 0.5 500 48.314 12.212 28 46
max_pca 20 0.7 0.5 500 40.798 9.766 23 40
min_pca 1 0.7 0.5 500 168.99 366.231 38 89
min_pca 2 0.7 0.5 500 51.186 14.757 28 49
min_pca 3 0.7 0.5 500 47.562 12.003 27 46
min_pca 5 0.7 0.5 500 44.228 8.836 29 43
min_pca 10 0.7 0.5 500 42.144 6.158 30.475 42
min_pca 20 0.7 0.5 500 43.278 4.54 34 43
tpca 0.8 0.7 0.5 500 47.562 12.003 27 46
tpca 0.9 0.7 0.5 500 44.228 8.836 29 43
tpca 0.95 0.7 0.5 500 41.692 7.154 28 41
tpca 0.99 0.7 0.5 500 41.468 5.698 31 41
tpca 0.995 0.7 0.5 500 42.042 5.247 32 42
tpca 0.999 0.7 0.5 500 42.638 4.942 33 42
max_pca 1 0.7 0.75 500 881.596 884.151 73 203.025
max_pca 2 0.7 0.75 500 276.234 478.882 58 137.025
max_pca 3 0.7 0.75 500 104.738 42.066 43 97
max_pca 5 0.7 0.75 500 80.668 23.032 41.475 78
max_pca 10 0.7 0.75 500 63.01 15.288 36.475 61.025
max_pca 20 0.7 0.75 500 53.532 13.474 29.475 52.025
min_pca 1 0.7 0.75 500 1298.716 900.759 90.425 2000
min_pca 2 0.7 0.75 500 85.268 23.544 43.95 81
min_pca 3 0.7 0.75 500 77.306 18.659 44.475 74
min_pca 5 0.7 0.75 500 70.102 12.53 47 69
min_pca 10 0.7 0.75 500 66.054 8.591 50.475 65
min_pca 20 0.7 0.75 500 64.172 6.509 52 64
tpca 0.8 0.7 0.75 500 77.306 18.659 44.475 74
tpca 0.9 0.7 0.75 500 70.102 12.53 47 69
tpca 0.95 0.7 0.75 500 64.85 9.914 46.475 64
tpca 0.99 0.7 0.75 500 63.3 8.128 49 63
tpca 0.995 0.7 0.75 500 63.5 7.527 49 63
tpca 0.999 0.7 0.75 500 64.104 6.918 51 64
max_pca 1 0.5 0 500 474.338 694.208 49.475 152
max_pca 2 0.5 0 500 104.572 45.121 34.475 96
max_pca 3 0.5 0 500 77.292 26.335 34 72
max_pca 5 0.5 0 500 60.374 17.482 29 58
max_pca 10 0.5 0 500 47.408 10.996 26 46
max_pca 20 0.5 0 500 39.85 9.373 22.475 39
min_pca 1 0.5 0 500 259.154 542.57 36 86
min_pca 2 0.5 0 500 49.65 15.64 27 46
min_pca 3 0.5 0 500 46.382 12.051 27.475 44
min_pca 5 0.5 0 500 42.852 8.801 28.475 41
min_pca 10 0.5 0 500 41.57 6.436 31 41
min_pca 20 0.5 0 500 42.602 4.95 33 42
tpca 0.8 0.5 0 500 46.382 12.051 27.475 44
tpca 0.9 0.5 0 500 42.852 8.801 28.475 41
tpca 0.95 0.5 0 500 40.912 7.321 29.475 40
tpca 0.99 0.5 0 500 40.802 6.152 31 40
tpca 0.995 0.5 0 500 41.342 5.849 32 40
tpca 0.999 0.5 0 500 42.028 5.48 33 42
max_pca 1 0.5 0.5 500 855.132 875.643 63 202
max_pca 2 0.5 0.5 500 255.69 461.122 56 127
max_pca 3 0.5 0.5 500 100.376 35.35 44 93
max_pca 5 0.5 0.5 500 79.016 24.632 39 74
max_pca 10 0.5 0.5 500 61.67 15.142 35 60
max_pca 20 0.5 0.5 500 52.17 12.693 29.475 50
min_pca 1 0.5 0.5 500 1215.128 919.829 76.475 2000
min_pca 2 0.5 0.5 500 89.286 89.51 44 81
min_pca 3 0.5 0.5 500 77.69 20.495 47 74
min_pca 5 0.5 0.5 500 70.1 14.012 46 68
min_pca 10 0.5 0.5 500 66.258 9.556 49 65
min_pca 20 0.5 0.5 500 64.148 6.87 51 64
tpca 0.8 0.5 0.5 500 77.69 20.495 47 74
tpca 0.9 0.5 0.5 500 70.1 14.012 46 68
tpca 0.95 0.5 0.5 500 65.186 11.219 46 65
tpca 0.99 0.5 0.5 500 63.15 8.553 48 61
tpca 0.995 0.5 0.5 500 63.326 8.004 49 62
tpca 0.999 0.5 0.5 500 64.144 7.509 50 63
max_pca 1 0.5 0.75 500 1162.084 901.458 73.425 2000
max_pca 2 0.5 0.75 500 453.842 677.21 60.95 159
max_pca 3 0.5 0.75 500 149.058 240.927 53 111
max_pca 5 0.5 0.75 500 94.102 90.928 46 87
max_pca 10 0.5 0.75 500 70.254 19.085 37.475 68
max_pca 20 0.5 0.75 500 61.256 16.28 33 59
min_pca 1 0.5 0.75 500 1948.882 301.517 201.425 2000
min_pca 2 0.5 0.75 500 195.242 360.371 69 120.025
min_pca 3 0.5 0.75 500 118.9 122.122 69.475 107
min_pca 5 0.5 0.75 500 100.07 18.739 68 98
min_pca 10 0.5 0.75 500 92.054 11.908 70.475 91
min_pca 20 0.5 0.75 500 84.792 8.165 69 85
tpca 0.8 0.5 0.75 500 118.9 122.122 69.475 107
tpca 0.9 0.5 0.75 500 100.07 18.739 68 98
tpca 0.95 0.5 0.75 500 89.764 14.275 65.475 88
tpca 0.99 0.5 0.75 500 86.108 10.683 66 85
tpca 0.995 0.5 0.75 500 85.928 9.839 68 85
tpca 0.999 0.5 0.75 500 86.392 9.054 68.475 86
max_pca 1 0.3 0 500 1032.06 904.326 70.95 310.025
max_pca 2 0.3 0 500 390.314 633.84 53.475 142
max_pca 3 0.3 0 500 127.246 173.949 50 105
max_pca 5 0.3 0 500 86.41 26.13 40.425 83
max_pca 10 0.3 0 500 67.808 17.803 34 65
max_pca 20 0.3 0 500 58.566 15.17 32 56
min_pca 1 0.3 0 500 1676.394 705.973 97.425 2000
min_pca 2 0.3 0 500 153.152 291.948 48.475 102.025
min_pca 3 0.3 0 500 97.686 27.11 51.425 94
min_pca 5 0.3 0 500 86.634 18.767 55.475 83.025
min_pca 10 0.3 0 500 80.744 12.304 58 80
min_pca 20 0.3 0 500 75.504 8.506 60 75
tpca 0.8 0.3 0 500 97.686 27.11 51.425 94
tpca 0.9 0.3 0 500 86.634 18.767 55.475 83.025
tpca 0.95 0.3 0 500 78.814 14.27 54 78
tpca 0.99 0.3 0 500 75.594 10.958 56 74
tpca 0.995 0.3 0 500 75.786 10.271 58 74
tpca 0.999 0.3 0 500 76.43 9.442 60 75
max_pca 1 0.3 0.5 500 1167.018 900.169 74.95 2000
max_pca 2 0.3 0.5 500 565.298 770.419 65.475 160
max_pca 3 0.3 0.5 500 151.258 245.059 50.475 110.025
max_pca 5 0.3 0.5 500 92.272 30.123 44.475 87
max_pca 10 0.3 0.5 500 72.932 19.674 40.475 70
max_pca 20 0.3 0.5 500 63.108 17.567 33 60
min_pca 1 0.3 0.5 500 1985.262 164.297 2000 2000
min_pca 2 0.3 0.5 500 432.722 680.276 79.95 146
min_pca 3 0.3 0.5 500 195.266 350.217 76 125
min_pca 5 0.3 0.5 500 119.068 87.296 76.475 112
min_pca 10 0.3 0.5 500 105.754 14.952 78.475 104
min_pca 20 0.3 0.5 500 94.068 9.738 74.475 93.025
tpca 0.8 0.3 0.5 500 195.266 350.217 76 125
tpca 0.9 0.3 0.5 500 119.068 87.296 76.475 112
tpca 0.95 0.3 0.5 500 102.724 17.399 74 101
tpca 0.99 0.3 0.5 500 96.678 12.958 72.475 96
tpca 0.995 0.3 0.5 500 96.042 11.795 74 95
tpca 0.999 0.3 0.5 500 96.464 11.004 75.475 95
max_pca 1 0.3 0.75 500 1276.568 880.597 72.475 2000
max_pca 2 0.3 0.75 500 676.874 825.168 67.9 178
max_pca 3 0.3 0.75 500 194.944 345.423 57 123
max_pca 5 0.3 0.75 500 103.136 91.009 48 93
max_pca 10 0.3 0.75 500 78.076 21.895 41.475 76
max_pca 20 0.3 0.75 500 67.978 19.037 36 65
min_pca 1 0.3 0.75 500 2000 0 2000 2000
min_pca 2 0.3 0.75 500 905.558 906.024 102.475 186.025
min_pca 3 0.3 0.75 500 454.488 685.704 99 158
min_pca 5 0.3 0.75 500 165.288 220.128 95.475 137
min_pca 10 0.3 0.75 500 124.98 16.648 92.475 123.025
min_pca 20 0.3 0.75 500 107.688 10.833 88.475 107
tpca 0.8 0.3 0.75 500 454.488 685.704 99 158
tpca 0.9 0.3 0.75 500 165.288 220.128 95.475 137
tpca 0.95 0.3 0.75 500 121.41 18.096 86.475 120.025
tpca 0.99 0.3 0.75 500 113.182 13.779 86 112
tpca 0.995 0.3 0.75 500 111.87 12.999 87 111
tpca 0.999 0.3 0.75 500 111.59 12.363 89.475 111
max_pca 1 0.1 0 500 1354.086 855.529 74.325 2000
max_pca 2 0.1 0 500 735.168 846.191 62.475 189.025
max_pca 3 0.1 0 500 258.398 462.016 57.475 129
max_pca 5 0.1 0 500 107.142 91.303 50.95 97
max_pca 10 0.1 0 500 79.678 21.566 43 77
max_pca 20 0.1 0 500 70.592 18.627 38.475 68
min_pca 1 0.1 0 500 2000 0 2000 2000
min_pca 2 0.1 0 500 1310.138 889.738 121.425 2000
min_pca 3 0.1 0 500 778.026 870.359 114.425 176.025
min_pca 5 0.1 0 500 301.34 501.96 106.475 154
min_pca 10 0.1 0 500 144.21 85.294 105 138
min_pca 20 0.1 0 500 117.01 11.645 95.475 116
tpca 0.8 0.1 0 500 778.026 870.359 114.425 176.025
tpca 0.9 0.1 0 500 301.34 501.96 106.475 154
tpca 0.95 0.1 0 500 139.264 85.959 94.475 133
tpca 0.99 0.1 0 500 124.55 15.613 95.475 123
tpca 0.995 0.1 0 500 122.806 14.707 96 121.025
tpca 0.999 0.1 0 500 122.16 13.676 97 120.025
max_pca 1 0.1 0.5 500 1323.026 861.374 81 2000
max_pca 2 0.1 0.5 500 784.732 867.154 66.475 189
max_pca 3 0.1 0.5 500 250.18 446.371 62.475 131.025
max_pca 5 0.1 0.5 500 122.804 173.422 51.475 103
max_pca 10 0.1 0.5 500 81.364 22.545 43.475 78
max_pca 20 0.1 0.5 500 71.638 20.205 39 69
min_pca 1 0.1 0.5 500 2000 0 2000 2000
min_pca 2 0.1 0.5 500 1424.52 851.583 127 2000
min_pca 3 0.1 0.5 500 1037.73 918.249 115.475 196
min_pca 5 0.1 0.5 500 462.012 682.218 115 164
min_pca 10 0.1 0.5 500 166.018 185.543 112.475 145
min_pca 20 0.1 0.5 500 121.878 12.813 100 121
tpca 0.8 0.1 0.5 500 1037.73 918.249 115.475 196
tpca 0.9 0.1 0.5 500 462.012 682.218 115 164
tpca 0.95 0.1 0.5 500 171.962 234.339 105 140
tpca 0.99 0.1 0.5 500 130.094 16.76 100 128
tpca 0.995 0.1 0.5 500 127.924 15.442 99 126
tpca 0.999 0.1 0.5 500 127.466 14.504 101.475 126
max_pca 1 0.1 0.75 500 1396.4 846.331 73 2000
max_pca 2 0.1 0.75 500 760.036 857.745 71.425 186
max_pca 3 0.1 0.75 500 273.98 498.215 56 127
max_pca 5 0.1 0.75 500 109.928 94.364 48 99
max_pca 10 0.1 0.75 500 81.924 26.569 45 78
max_pca 20 0.1 0.75 500 70.214 19.717 39.475 67.025
min_pca 1 0.1 0.75 500 2000 0 2000 2000
min_pca 2 0.1 0.75 500 1590.234 763.528 136.475 2000
min_pca 3 0.1 0.75 500 1084.656 916.408 125 199.025
min_pca 5 0.1 0.75 500 512.122 721.599 123 171
min_pca 10 0.1 0.75 500 176.664 218.35 117 149.025
min_pca 20 0.1 0.75 500 123.836 12.332 102.475 123
tpca 0.8 0.1 0.75 500 1084.656 916.408 125 199.025
tpca 0.9 0.1 0.75 500 512.122 721.599 123 171
tpca 0.95 0.1 0.75 500 156.852 144.933 108 144
tpca 0.99 0.1 0.75 500 133.096 17.119 103.475 132
tpca 0.995 0.1 0.75 500 131.336 16.147 104.475 130
tpca 0.999 0.1 0.75 500 129.926 14.675 104.475 128.025
max_pca 1 0.05 0 500 1359.976 860.814 77.425 2000
max_pca 2 0.05 0 500 773.032 865.025 64.9 187
max_pca 3 0.05 0 500 232.706 419.927 55 126
max_pca 5 0.05 0 500 110.308 124.165 51 97
max_pca 10 0.05 0 500 81.444 20.497 46 80
max_pca 20 0.05 0 500 71.744 18.444 36.475 69
min_pca 1 0.05 0 500 2000 0 2000 2000
min_pca 2 0.05 0 500 1564.596 779.972 136.9 2000
min_pca 3 0.05 0 500 1084.648 916.439 123.475 199.025
min_pca 5 0.05 0 500 548.328 749.471 116.475 172
min_pca 10 0.05 0 500 179.74 233.126 113.95 148
min_pca 20 0.05 0 500 123.998 12.685 100 123
tpca 0.8 0.05 0 500 1084.648 916.439 123.475 199.025
tpca 0.9 0.05 0 500 548.328 749.471 116.475 172
tpca 0.95 0.05 0 500 171.502 219.107 104.475 143.025
tpca 0.99 0.05 0 500 133.24 17.041 102.475 131
tpca 0.995 0.05 0 500 130.684 15.68 103 129
tpca 0.999 0.05 0 500 130.024 14.728 104 128
max_pca 1 0.05 0.5 500 1360.908 859.783 89.95 2000
max_pca 2 0.05 0.5 500 771.142 870.028 67.475 176
max_pca 3 0.05 0.5 500 242.798 439.867 51.475 127
max_pca 5 0.05 0.5 500 108.57 91.697 47.95 98
max_pca 10 0.05 0.5 500 80.966 22.431 43 77
max_pca 20 0.05 0.5 500 71.878 19.743 39 69
min_pca 1 0.05 0.5 500 2000 0 2000 2000
min_pca 2 0.05 0.5 500 1590.376 763.255 143.375 2000
min_pca 3 0.05 0.5 500 1041.484 914.637 126.95 199
min_pca 5 0.05 0.5 500 510.1 717.896 120 173
min_pca 10 0.05 0.5 500 177.686 218.129 119 151
min_pca 20 0.05 0.5 500 124.554 12.397 103 123
tpca 0.8 0.05 0.5 500 1041.484 914.637 126.95 199
tpca 0.9 0.05 0.5 500 510.1 717.896 120 173
tpca 0.95 0.05 0.5 500 171.744 219.03 105.475 144
tpca 0.99 0.05 0.5 500 133.524 16.216 104 131
tpca 0.995 0.05 0.5 500 131.134 14.897 105 129.025
tpca 0.999 0.05 0.5 500 130.012 13.91 105 128
max_pca 1 0.05 0.75 500 1305.502 879.162 73 2000
max_pca 2 0.05 0.75 500 792.12 874.943 62 179
max_pca 3 0.05 0.75 500 236.404 419.867 52.475 127.025
max_pca 5 0.05 0.75 500 105.222 40.765 43.425 99.025
max_pca 10 0.05 0.75 500 80.202 22.358 40.475 77
max_pca 20 0.05 0.75 500 70.01 18.978 37 68
min_pca 1 0.05 0.75 500 2000 0 2000 2000
min_pca 2 0.05 0.75 500 1620.016 742.289 148.475 2000
min_pca 3 0.05 0.75 500 1224.338 905.085 128.475 2000
min_pca 5 0.05 0.75 500 528.512 732.137 121 171
min_pca 10 0.05 0.75 500 186.33 246.531 115 152
min_pca 20 0.05 0.75 500 125.08 13.338 100.475 124.025
tpca 0.8 0.05 0.75 500 1224.338 905.085 128.475 2000
tpca 0.9 0.05 0.75 500 528.512 732.137 121 171
tpca 0.95 0.05 0.75 500 162.038 166.661 105.475 144.025
tpca 0.99 0.05 0.75 500 134.504 17.042 103.475 133
tpca 0.995 0.05 0.75 500 132.642 16.379 103 132
tpca 0.999 0.05 0.75 500 131.676 15.43 103 131
max_pca 1 0.02 0 500 1352.628 854.745 88.375 2000
max_pca 2 0.02 0 500 750.864 858.836 66.475 179
max_pca 3 0.02 0 500 245.79 439.483 59 128
max_pca 5 0.02 0 500 106.662 32.631 52 102
max_pca 10 0.02 0 500 81.36 20.943 45.475 79
max_pca 20 0.02 0 500 71.766 18.899 38.475 69.025
min_pca 1 0.02 0 500 2000 0 2000 2000
min_pca 2 0.02 0 500 1612.354 748.196 139.425 2000
min_pca 3 0.02 0 500 1092.25 916.094 125.95 200.025
min_pca 5 0.02 0 500 557.222 753.833 122.475 173
min_pca 10 0.02 0 500 186.808 246.544 116 153
min_pca 20 0.02 0 500 125.486 12.958 102.475 124
tpca 0.8 0.02 0 500 1092.25 916.094 125.95 200.025
tpca 0.9 0.02 0 500 557.222 753.833 122.475 173
tpca 0.95 0.02 0 500 192.576 284.561 105.475 148
tpca 0.99 0.02 0 500 135.066 17.624 102.475 133
tpca 0.995 0.02 0 500 132.51 16.378 102.475 130.025
tpca 0.999 0.02 0 500 131.322 14.888 104 129
max_pca 1 0.02 0.5 500 1345.682 868.337 68 2000
max_pca 2 0.02 0.5 500 798.314 877.882 63.475 180.025
max_pca 3 0.02 0.5 500 262.09 473.471 57 127
max_pca 5 0.02 0.5 500 102.274 32.897 47 97
max_pca 10 0.02 0.5 500 81.588 22.472 43.475 79
max_pca 20 0.02 0.5 500 71.514 18.842 39.475 69
min_pca 1 0.02 0.5 500 2000 0 2000 2000
min_pca 2 0.02 0.5 500 1582.53 769.042 135 2000
min_pca 3 0.02 0.5 500 1065.584 916.977 123 199
min_pca 5 0.02 0.5 500 559.386 757.192 118.475 170
min_pca 10 0.02 0.5 500 181.048 233.027 115 149
min_pca 20 0.02 0.5 500 124.528 12.782 98.475 124
tpca 0.8 0.02 0.5 500 1065.584 916.977 123 199
tpca 0.9 0.02 0.5 500 559.386 757.192 118.475 170
tpca 0.95 0.02 0.5 500 164.976 185.99 104.475 145
tpca 0.99 0.02 0.5 500 133.95 17.597 102 131
tpca 0.995 0.02 0.5 500 131.654 16.031 102.425 130
tpca 0.999 0.02 0.5 500 130.848 14.784 105 129.025
max_pca 1 0.02 0.75 500 1379.488 850.963 78.475 2000
max_pca 2 0.02 0.75 500 813.194 878.699 66.475 187
max_pca 3 0.02 0.75 500 281.06 503.461 59 129
max_pca 5 0.02 0.75 500 104.924 33.415 51 100.025
max_pca 10 0.02 0.75 500 83.342 23.058 42.95 80
max_pca 20 0.02 0.75 500 71.934 20.554 36.475 69
min_pca 1 0.02 0.75 500 2000 0 2000 2000
min_pca 2 0.02 0.75 500 1659.42 713.282 135.475 2000
min_pca 3 0.02 0.75 500 1227.646 904.944 129 2000
min_pca 5 0.02 0.75 500 612.26 789.41 117.475 174
min_pca 10 0.02 0.75 500 207.884 316.018 115.475 152
min_pca 20 0.02 0.75 500 125.244 12.54 102.95 123.025
tpca 0.8 0.02 0.75 500 1227.646 904.944 129 2000
tpca 0.9 0.02 0.75 500 612.26 789.41 117.475 174
tpca 0.95 0.02 0.75 500 202.884 317.017 108 148
tpca 0.99 0.02 0.75 500 138.938 85.159 105 133
tpca 0.995 0.02 0.75 500 133.098 15.96 106 131
tpca 0.999 0.02 0.75 500 131.642 14.671 107 130
