method method_param p change_param n_sim edd sd_edd edd_lower edd_upper
mix 0.03 0.98 0.5 500 4.918 0.651 4 5
mix 0.1 0.98 0.5 500 4.122 0.597 3 4
mix 0.3 0.98 0.5 500 3.65 0.533 3 4
mix 1 0.98 0.5 500 3.288 0.5 3 3
max_pca 1 0.98 0.5 500 36.834 9.193 21 36
max_pca 2 0.98 0.5 500 23.186 5.235 14 23
max_pca 3 0.98 0.5 500 19.154 3.596 13 19
max_pca 5 0.98 0.5 500 14.91 2.452 10.475 15
max_pca 10 0.98 0.5 500 11.094 1.542 8 11
max_pca 20 0.98 0.5 500 7.516 0.929 6 7
min_pca 1 0.98 0.5 500 686.21 939.978 2 9
min_pca 2 0.98 0.5 500 667.398 928.308 2 13
min_pca 3 0.98 0.5 500 725.79 948.769 2 17
min_pca 5 0.98 0.5 500 753.26 952.749 3 29
min_pca 10 0.98 0.5 500 937.51 974.306 6.475 109.025
min_pca 20 0.98 0.5 500 1380.278 896.52 28 2000
tpca 0.8 0.98 0.5 500 686.21 939.978 2 9
tpca 0.9 0.98 0.5 500 686.21 939.978 2 9
tpca 0.95 0.98 0.5 500 686.21 939.978 2 9
tpca 0.99 0.98 0.5 500 686.21 939.978 2 9
tpca 0.995 0.98 0.5 500 424.69 775.965 2 14
tpca 0.999 0.98 0.5 500 120.928 326.523 3 23
mix 0.03 0.98 0.75 500 15.196 3.236 9 15
mix 0.1 0.98 0.75 500 12.326 2.672 7 12
mix 0.3 0.98 0.75 500 10.786 2.355 6 11
mix 1 0.98 0.75 500 9.816 2.232 6 10
max_pca 1 0.98 0.75 500 129.982 128.841 49.475 114
max_pca 2 0.98 0.75 500 70.766 21.662 34.475 67
max_pca 3 0.98 0.75 500 56.98 15.437 30 55
max_pca 5 0.98 0.75 500 42.884 9.918 26 42
max_pca 10 0.98 0.75 500 30.168 5.468 21 30
max_pca 20 0.98 0.75 500 18.894 3.068 13 19
min_pca 1 0.98 0.75 500 836.182 975.47 3 28
min_pca 2 0.98 0.75 500 827.132 967.095 3 48.025
min_pca 3 0.98 0.75 500 912.55 977.128 4.475 74
min_pca 5 0.98 0.75 500 1020.574 976.971 7 133
min_pca 10 0.98 0.75 500 1410.296 889.357 24.475 2000
min_pca 20 0.98 0.75 500 1926.106 362.444 174.95 2000
tpca 0.8 0.98 0.75 500 836.182 975.47 3 28
tpca 0.9 0.98 0.75 500 836.182 975.47 3 28
tpca 0.95 0.98 0.75 500 836.182 975.47 3 28
tpca 0.99 0.98 0.75 500 836.182 975.47 3 28
tpca 0.995 0.98 0.75 500 864.326 975.68 3 45.025
tpca 0.999 0.98 0.75 500 920.814 973.714 6 86.025
mix 0.03 0.98 1.5 500 5.038 1.1 3 5
mix 0.1 0.98 1.5 500 4.58 0.943 3 4
mix 0.3 0.98 1.5 500 4.408 0.889 3 4
mix 1 0.98 1.5 500 4.328 0.898 3 4
max_pca 1 0.98 1.5 500 1649.238 710.605 106.95 2000
max_pca 2 0.98 1.5 500 893.16 901.175 65.425 193
max_pca 3 0.98 1.5 500 401.852 648.564 49 139
max_pca 5 0.98 1.5 500 140.968 241.226 46 103
max_pca 10 0.98 1.5 500 79.136 25.389 38.475 76
max_pca 20 0.98 1.5 500 54.854 15.026 31 53
min_pca 1 0.98 1.5 500 23.69 28.054 2 7
min_pca 2 0.98 1.5 500 20.636 20.904 2 9
min_pca 3 0.98 1.5 500 20.178 18.475 2 10
min_pca 5 0.98 1.5 500 17.718 12.721 3 12
min_pca 10 0.98 1.5 500 19.78 9.914 5 17
min_pca 20 0.98 1.5 500 20.332 6.201 9 20
tpca 0.8 0.98 1.5 500 23.69 28.054 2 7
tpca 0.9 0.98 1.5 500 23.69 28.054 2 7
tpca 0.95 0.98 1.5 500 23.69 28.054 2 7
tpca 0.99 0.98 1.5 500 23.69 28.054 2 7
tpca 0.995 0.98 1.5 500 19.85 19.373 2 9
tpca 0.999 0.98 1.5 500 14.488 9.55 3 11
mix 0.03 0.98 2 500 2.344 0.476 2 2
mix 0.1 0.98 2 500 2.198 0.399 2 2
mix 0.3 0.98 2 500 2.144 0.351 2 2
mix 1 0.98 2 500 2.132 0.339 2 2
max_pca 1 0.98 2 500 47.02 24.755 11 41
max_pca 2 0.98 2 500 27.41 12.827 9 25
max_pca 3 0.98 2 500 20.876 8.108 8 20
max_pca 5 0.98 2 500 16.024 5.705 7 15
max_pca 10 0.98 2 500 12.238 3.528 6 12
max_pca 20 0.98 2 500 8.812 2.012 5.475 8
min_pca 1 0.98 2 500 9.842 10.607 2 4
min_pca 2 0.98 2 500 8.5 7.83 2 4
min_pca 3 0.98 2 500 8.346 7.154 2 5
min_pca 5 0.98 2 500 7.49 5.229 2 5
min_pca 10 0.98 2 500 8.124 4.199 3 7
min_pca 20 0.98 2 500 8.532 2.896 4 8
tpca 0.8 0.98 2 500 9.842 10.607 2 4
tpca 0.9 0.98 2 500 9.842 10.607 2 4
tpca 0.95 0.98 2 500 9.842 10.607 2 4
tpca 0.99 0.98 2 500 9.842 10.607 2 4
tpca 0.995 0.98 2 500 7.908 6.896 2 4
tpca 0.999 0.98 2 500 6.346 3.853 2 5
mix 0.03 0.95 0.5 500 5.036 0.684 4 5
mix 0.1 0.95 0.5 500 4.2 0.611 3 4
mix 0.3 0.95 0.5 500 3.71 0.561 3 4
mix 1 0.95 0.5 500 3.348 0.493 3 3
max_pca 1 0.95 0.5 500 39.428 10.21 21 38
max_pca 2 0.95 0.5 500 24.722 5.434 15 24
max_pca 3 0.95 0.5 500 20.208 4.008 13 20
max_pca 5 0.95 0.5 500 15.734 2.735 11 15
max_pca 10 0.95 0.5 500 11.63 1.748 9 12
max_pca 20 0.95 0.5 500 7.956 1.024 6 8
min_pca 1 0.95 0.5 500 139.158 495.386 2 3
min_pca 2 0.95 0.5 500 146.046 501.861 2 4
min_pca 3 0.95 0.5 500 177.03 552.844 2 5
min_pca 5 0.95 0.5 500 184.482 557.853 2 8
min_pca 10 0.95 0.5 500 271.382 651.606 4 18
min_pca 20 0.95 0.5 500 628.082 878.477 18.475 78
tpca 0.8 0.95 0.5 500 139.158 495.386 2 3
tpca 0.9 0.95 0.5 500 139.158 495.386 2 3
tpca 0.95 0.95 0.5 500 139.158 495.386 2 3
tpca 0.99 0.95 0.5 500 139.158 495.386 2 3
tpca 0.995 0.95 0.5 500 99.902 408.954 2 4
tpca 0.999 0.95 0.5 500 70.422 317.476 2 7
mix 0.03 0.95 0.75 500 15.486 3.362 10 15
mix 0.1 0.95 0.75 500 12.546 2.645 8 12
mix 0.3 0.95 0.75 500 11.044 2.384 7 11
mix 1 0.95 0.75 500 10.112 2.224 6 10
max_pca 1 0.95 0.75 500 149.058 196.377 53 122
max_pca 2 0.95 0.75 500 75.48 24.106 33 72.025
max_pca 3 0.95 0.75 500 60.678 17.059 31.95 58
max_pca 5 0.95 0.75 500 44.964 10.762 27 43.025
max_pca 10 0.95 0.75 500 31.262 6.089 20 30
max_pca 20 0.95 0.75 500 19.884 3.202 14 20
min_pca 1 0.95 0.75 500 183.036 558.214 2 6
min_pca 2 0.95 0.75 500 199.474 574.103 3 10
min_pca 3 0.95 0.75 500 228.906 604.638 3 13
min_pca 5 0.95 0.75 500 296.564 671.518 5 21
min_pca 10 0.95 0.75 500 631.978 884.577 14 69
min_pca 20 0.95 0.75 500 1454.514 850.519 70.475 2000
tpca 0.8 0.95 0.75 500 183.036 558.214 2 6
tpca 0.9 0.95 0.75 500 183.036 558.214 2 6
tpca 0.95 0.95 0.75 500 183.036 558.214 2 6
tpca 0.99 0.95 0.75 500 183.036 558.214 2 6
tpca 0.995 0.95 0.75 500 192.924 562.493 3 10
tpca 0.999 0.95 0.75 500 238.726 607.905 5 19
mix 0.03 0.95 1.5 500 5.034 1.093 3 5
mix 0.1 0.95 1.5 500 4.586 0.964 3 4
mix 0.3 0.95 1.5 500 4.422 0.937 3 4
mix 1 0.95 1.5 500 4.342 0.933 3 4
max_pca 1 0.95 1.5 500 1722.29 652.411 113.325 2000
max_pca 2 0.95 1.5 500 1127.384 918.198 66.425 716.9
max_pca 3 0.95 1.5 500 592.072 794.039 51.475 158
max_pca 5 0.95 1.5 500 189.94 353.831 49 111.025
max_pca 10 0.95 1.5 500 87.41 28.467 43.475 81.025
max_pca 20 0.95 1.5 500 60.022 16.067 33 58
min_pca 1 0.95 1.5 500 7.682 15.595 2 3
min_pca 2 0.95 1.5 500 7.446 11.118 2 4
min_pca 3 0.95 1.5 500 7.896 10.002 2 4
min_pca 5 0.95 1.5 500 8.28 7.589 2 5
min_pca 10 0.95 1.5 500 11.448 7.327 4 9
min_pca 20 0.95 1.5 500 14.62 5.33 7 13
tpca 0.8 0.95 1.5 500 7.682 15.595 2 3
tpca 0.9 0.95 1.5 500 7.682 15.595 2 3
tpca 0.95 0.95 1.5 500 7.682 15.595 2 3
tpca 0.99 0.95 1.5 500 7.682 15.595 2 3
tpca 0.995 0.95 1.5 500 7.362 10.206 2 4
tpca 0.999 0.95 1.5 500 7.538 6.353 2 5
mix 0.03 0.95 2 500 2.41 0.496 2 2
mix 0.1 0.95 2 500 2.254 0.436 2 2
mix 0.3 0.95 2 500 2.204 0.403 2 2
mix 1 0.95 2 500 2.188 0.391 2 2
max_pca 1 0.95 2 500 48.366 24.885 13 41.025
max_pca 2 0.95 2 500 29.142 12.845 10 26
max_pca 3 0.95 2 500 22.914 9.186 10 21
max_pca 5 0.95 2 500 17.196 5.94 8 16
max_pca 10 0.95 2 500 13.09 3.59 7 13
max_pca 20 0.95 2 500 9.508 2.285 6 9
min_pca 1 0.95 2 500 3.638 4.11 2 2
min_pca 2 0.95 2 500 3.578 3.255 2 2
min_pca 3 0.95 2 500 3.798 3.212 2 3
min_pca 5 0.95 2 500 3.93 2.421 2 3
min_pca 10 0.95 2 500 5.05 2.497 2 4
min_pca 20 0.95 2 500 6.274 2.078 3 6
tpca 0.8 0.95 2 500 3.638 4.11 2 2
tpca 0.9 0.95 2 500 3.638 4.11 2 2
tpca 0.95 0.95 2 500 3.638 4.11 2 2
tpca 0.99 0.95 2 500 3.638 4.11 2 2
tpca 0.995 0.95 2 500 3.72 3.324 2 2.025
tpca 0.999 0.95 2 500 3.786 2.187 2 3
mix 0.03 0.9 0.5 500 5.12 0.703 4 5
mix 0.1 0.9 0.5 500 4.298 0.608 3 4
mix 0.3 0.9 0.5 500 3.824 0.581 3 4
mix 1 0.9 0.5 500 3.462 0.57 3 3
max_pca 1 0.9 0.5 500 44.516 13.787 23 42
max_pca 2 0.9 0.5 500 27.506 7.057 16 27
max_pca 3 0.9 0.5 500 22.422 5.132 13 22
max_pca 5 0.9 0.5 500 17.374 3.47 11 17
max_pca 10 0.9 0.5 500 12.836 2.098 9 13
max_pca 20 0.9 0.5 500 8.79 1.228 7 9
min_pca 1 0.9 0.5 500 10.928 126.215 2 2
min_pca 2 0.9 0.5 500 11.466 126.18 2 3
min_pca 3 0.9 0.5 500 12.012 126.163 2 3
min_pca 5 0.9 0.5 500 13.31 126.133 2 4
min_pca 10 0.9 0.5 500 19.49 126.486 4 8
min_pca 20 0.9 0.5 500 89.288 325.761 11 25.025
tpca 0.8 0.9 0.5 500 10.928 126.215 2 2
tpca 0.9 0.9 0.5 500 10.928 126.215 2 2
tpca 0.95 0.9 0.5 500 10.928 126.215 2 2
tpca 0.99 0.9 0.5 500 10.928 126.215 2 2
tpca 0.995 0.9 0.5 500 7.816 89.627 2 3
tpca 0.999 0.9 0.5 500 12.984 126.128 2 4
mix 0.03 0.9 0.75 500 16.278 3.335 11 16
mix 0.1 0.9 0.75 500 13.35 2.742 8 13
mix 0.3 0.9 0.75 500 11.796 2.561 7 12
mix 1 0.9 0.75 500 10.812 2.449 7 11
max_pca 1 0.9 0.75 500 197.682 325.803 56.95 127
max_pca 2 0.9 0.75 500 81.216 25.358 35.475 79
max_pca 3 0.9 0.75 500 65.598 19.405 34 63
max_pca 5 0.9 0.75 500 48.422 12.255 28 46
max_pca 10 0.9 0.75 500 34.1 6.592 22 33
max_pca 20 0.9 0.75 500 21.416 3.482 15 21
min_pca 1 0.9 0.75 500 21.61 177.957 2 4
min_pca 2 0.9 0.75 500 27.932 198.59 2 5
min_pca 3 0.9 0.75 500 30.98 198.562 3 7
min_pca 5 0.9 0.75 500 40.212 217.089 4 10
min_pca 10 0.9 0.75 500 138.608 437.267 10 27
min_pca 20 0.9 0.75 500 619.902 849.441 41.475 109.025
tpca 0.8 0.9 0.75 500 21.61 177.957 2 4
tpca 0.9 0.9 0.75 500 21.61 177.957 2 4
tpca 0.95 0.9 0.75 500 21.61 177.957 2 4
tpca 0.99 0.9 0.75 500 21.61 177.957 2 4
tpca 0.995 0.9 0.75 500 24.664 178.016 2 6
tpca 0.999 0.9 0.75 500 38.09 216.925 3 10
mix 0.03 0.9 1.5 500 5.286 1.188 3 5
mix 0.1 0.9 1.5 500 4.812 1.041 3 5
mix 0.3 0.9 1.5 500 4.56 0.992 3 4
mix 1 0.9 1.5 500 4.508 0.972 3 4
max_pca 1 0.9 1.5 500 1838.062 514.265 142.375 2000
max_pca 2 0.9 1.5 500 1465.492 833.978 86.325 2000
max_pca 3 0.9 1.5 500 935.978 911.695 70.475 203
max_pca 5 0.9 1.5 500 460.518 708.948 53 142
max_pca 10 0.9 1.5 500 124.338 172.695 49.475 103.025
max_pca 20 0.9 1.5 500 73.762 21.881 38 70
min_pca 1 0.9 1.5 500 3.194 4.098 2 2
min_pca 2 0.9 1.5 500 3.504 3.274 2 3
min_pca 3 0.9 1.5 500 3.952 3.62 2 3
min_pca 5 0.9 1.5 500 4.588 3.273 2 4
min_pca 10 0.9 1.5 500 7 3.663 3 6
min_pca 20 0.9 1.5 500 10.736 3.596 6 10
tpca 0.8 0.9 1.5 500 3.194 4.098 2 2
tpca 0.9 0.9 1.5 500 3.194 4.098 2 2
tpca 0.95 0.9 1.5 500 3.194 4.098 2 2
tpca 0.99 0.9 1.5 500 3.194 4.098 2 2
tpca 0.995 0.9 1.5 500 3.606 3.481 2 3
tpca 0.999 0.9 1.5 500 4.39 3.081 2 4
mix 0.03 0.9 2 500 2.43 0.496 2 2
mix 0.1 0.9 2 500 2.258 0.438 2 2
mix 0.3 0.9 2 500 2.202 0.402 2 2
mix 1 0.9 2 500 2.208 0.406 2 2
max_pca 1 0.9 2 500 58.188 33.732 14 50
max_pca 2 0.9 2 500 32.238 14.994 10.475 29
max_pca 3 0.9 2 500 24.79 10.254 9 23
max_pca 5 0.9 2 500 19.53 7.071 8 18
max_pca 10 0.9 2 500 14.356 4.036 8 14
max_pca 20 0.9 2 500 10.204 2.581 6 10
min_pca 1 0.9 2 500 2.204 0.704 2 2
min_pca 2 0.9 2 500 2.292 0.879 2 2
min_pca 3 0.9 2 500 2.366 0.813 2 2
min_pca 5 0.9 2 500 2.572 0.918 2 2
min_pca 10 0.9 2 500 3.414 1.18 2 3
min_pca 20 0.9 2 500 4.778 1.358 3 4
tpca 0.8 0.9 2 500 2.204 0.704 2 2
tpca 0.9 0.9 2 500 2.204 0.704 2 2
tpca 0.95 0.9 2 500 2.204 0.704 2 2
tpca 0.99 0.9 2 500 2.204 0.704 2 2
tpca 0.995 0.9 2 500 2.288 0.742 2 2
tpca 0.999 0.9 2 500 2.54 0.877 2 2
mix 0.03 0.7 0.5 500 5.77 0.806 4 6
mix 0.1 0.7 0.5 500 4.878 0.74 4 5
mix 0.3 0.7 0.5 500 4.354 0.668 3 4
mix 1 0.7 0.5 500 3.98 0.648 3 4
max_pca 1 0.7 0.5 500 73.494 35.084 30 66
max_pca 2 0.7 0.5 500 43.602 14.968 22 41
max_pca 3 0.7 0.5 500 34.622 9.755 18 33
max_pca 5 0.7 0.5 500 26.424 6.234 16 25
max_pca 10 0.7 0.5 500 19.638 3.837 13 19
max_pca 20 0.7 0.5 500 13.098 2.191 9 13
min_pca 1 0.7 0.5 500 2.208 0.503 2 2
min_pca 2 0.7 0.5 500 2.318 0.581 2 2
min_pca 3 0.7 0.5 500 2.486 0.709 2 2
min_pca 5 0.7 0.5 500 2.904 0.87 2 3
min_pca 10 0.7 0.5 500 4.6 1.353 3 4
min_pca 20 0.7 0.5 500 10.516 3.107 6 10
tpca 0.8 0.7 0.5 500 2.208 0.503 2 2
tpca 0.9 0.7 0.5 500 2.208 0.503 2 2
tpca 0.95 0.7 0.5 500 2.208 0.503 2 2
tpca 0.99 0.7 0.5 500 2.208 0.503 2 2
tpca 0.995 0.7 0.5 500 2.376 0.66 2 2
tpca 0.999 0.7 0.5 500 2.886 0.959 2 3
mix 0.03 0.7 0.75 500 19.132 4.366 11 19
mix 0.1 0.7 0.75 500 15.902 3.798 9 16
mix 0.3 0.7 0.75 500 14.308 3.488 8 14
mix 1 0.7 0.75 500 13.352 3.299 7.475 13
max_pca 1 0.7 0.75 500 803.384 864.87 72 196
max_pca 2 0.7 0.75 500 130.01 153.372 53.475 110
max_pca 3 0.7 0.75 500 95.244 29.999 50 90
max_pca 5 0.7 0.75 500 71.208 19.049 37 68
max_pca 10 0.7 0.75 500 47.858 10.78 28.475 46
max_pca 20 0.7 0.75 500 28.574 5.443 19 28
min_pca 1 0.7 0.75 500 2.97 1.187 2 3
min_pca 2 0.7 0.75 500 3.558 1.421 2 3
min_pca 3 0.7 0.75 500 4.244 1.683 2 4
min_pca 5 0.7 0.75 500 5.72 2.154 3 5
min_pca 10 0.7 0.75 500 11.732 4.063 5 11
min_pca 20 0.7 0.75 500 34.774 9.485 20 33
tpca 0.8 0.7 0.75 500 2.97 1.187 2 3
tpca 0.9 0.7 0.75 500 2.97 1.187 2 3
tpca 0.95 0.7 0.75 500 2.97 1.187 2 3
tpca 0.99 0.7 0.75 500 2.97 1.187 2 3
tpca 0.995 0.7 0.75 500 3.668 1.547 2 3
tpca 0.999 0.7 0.75 500 5.368 2.14 2 5
mix 0.03 0.7 1.5 500 6.05 1.407 4 6
mix 0.1 0.7 1.5 500 5.548 1.255 3 5
mix 0.3 0.7 1.5 500 5.378 1.196 3 5
mix 1 0.7 1.5 500 5.36 1.189 3 5
max_pca 1 0.7 1.5 500 1964.736 242.86 2000 2000
max_pca 2 0.7 1.5 500 1955.462 279.533 1756.4 2000
max_pca 3 0.7 1.5 500 1955.964 281.345 2000 2000
max_pca 5 0.7 1.5 500 1890.062 435.824 165.85 2000
max_pca 10 0.7 1.5 500 1666.34 708.342 121 2000
max_pca 20 0.7 1.5 500 1075.448 922.266 94.95 209.025
min_pca 1 0.7 1.5 500 2.284 0.648 2 2
min_pca 2 0.7 1.5 500 2.418 0.764 2 2
min_pca 3 0.7 1.5 500 2.538 0.828 2 2
min_pca 5 0.7 1.5 500 2.898 0.981 2 3
min_pca 10 0.7 1.5 500 4.226 1.234 3 4
min_pca 20 0.7 1.5 500 7.198 1.702 5 7
tpca 0.8 0.7 1.5 500 2.284 0.648 2 2
tpca 0.9 0.7 1.5 500 2.284 0.648 2 2
tpca 0.95 0.7 1.5 500 2.284 0.648 2 2
tpca 0.99 0.7 1.5 500 2.284 0.648 2 2
tpca 0.995 0.7 1.5 500 2.44 0.729 2 2
tpca 0.999 0.7 1.5 500 2.876 1.027 2 3
mix 0.03 0.7 2 500 2.782 0.501 2 3
mix 0.1 0.7 2 500 2.65 0.525 2 3
mix 0.3 0.7 2 500 2.578 0.526 2 3
mix 1 0.7 2 500 2.566 0.531 2 3
max_pca 1 0.7 2 500 293.976 567.356 25 97
max_pca 2 0.7 2 500 72.782 127.487 18 55.025
max_pca 3 0.7 2 500 46.474 21.621 16.475 42
max_pca 5 0.7 2 500 35.116 13.231 14 33
max_pca 10 0.7 2 500 24.998 8.066 12 23
max_pca 20 0.7 2 500 17.084 4.498 9 17
min_pca 1 0.7 2 500 2.066 0.264 2 2
min_pca 2 0.7 2 500 2.062 0.25 2 2
min_pca 3 0.7 2 500 2.08 0.279 2 2
min_pca 5 0.7 2 500 2.13 0.343 2 2
min_pca 10 0.7 2 500 2.552 0.613 2 2
min_pca 20 0.7 2 500 3.6 0.658 3 3
tpca 0.8 0.7 2 500 2.066 0.264 2 2
tpca 0.9 0.7 2 500 2.066 0.264 2 2
tpca 0.95 0.7 2 500 2.066 0.264 2 2
tpca 0.99 0.7 2 500 2.066 0.264 2 2
tpca 0.995 0.7 2 500 2.084 0.292 2 2
tpca 0.999 0.7 2 500 2.16 0.408 2 2
mix 0.03 0.5 0.5 500 6.928 0.998 5 7
mix 0.1 0.5 0.5 500 5.958 0.935 4 6
mix 0.3 0.5 0.5 500 5.376 0.881 4 5
mix 1 0.5 0.5 500 5.03 0.866 4 5
max_pca 1 0.5 0.5 500 312.182 558.594 50 117.025
max_pca 2 0.5 0.5 500 77.874 28.554 34 72
max_pca 3 0.5 0.5 500 62.818 20.482 31 59
max_pca 5 0.5 0.5 500 46.474 13.304 25 44
max_pca 10 0.5 0.5 500 32.412 7.373 19.475 31
max_pca 20 0.5 0.5 500 20.748 3.734 14 20
min_pca 1 0.5 0.5 500 2.162 0.486 2 2
min_pca 2 0.5 0.5 500 2.248 0.554 2 2
min_pca 3 0.5 0.5 500 2.378 0.654 2 2
min_pca 5 0.5 0.5 500 2.71 0.802 2 3
min_pca 10 0.5 0.5 500 4.132 1.118 3 4
min_pca 20 0.5 0.5 500 8.678 2.129 5 8
tpca 0.8 0.5 0.5 500 2.162 0.486 2 2
tpca 0.9 0.5 0.5 500 2.162 0.486 2 2
tpca 0.95 0.5 0.5 500 2.162 0.486 2 2
tpca 0.99 0.5 0.5 500 2.162 0.486 2 2
tpca 0.995 0.5 0.5 500 2.294 0.613 2 2
tpca 0.999 0.5 0.5 500 2.698 0.858 2 2
mix 0.03 0.5 0.75 500 24.55 5.464 14 24
mix 0.1 0.5 0.75 500 21.04 4.806 12 21
mix 0.3 0.5 0.75 500 19.218 4.5 10 19
mix 1 0.5 0.75 500 18.134 4.57 9 18
max_pca 1 0.5 0.75 500 1456.146 821.031 89.475 2000
max_pca 2 0.5 0.75 500 596.718 774.156 65.475 172.025
max_pca 3 0.5 0.75 500 304.79 525.369 60.95 136
max_pca 5 0.5 0.75 500 109.654 124.104 51 95
max_pca 10 0.5 0.75 500 66.492 15.923 39.95 64
max_pca 20 0.5 0.75 500 39.436 7.651 25 39
min_pca 1 0.5 0.75 500 2.818 1.11 2 2
min_pca 2 0.5 0.75 500 3.324 1.306 2 3
min_pca 3 0.5 0.75 500 3.91 1.495 2 4
min_pca 5 0.5 0.75 500 4.988 1.833 2.475 5
min_pca 10 0.5 0.75 500 9.852 3.121 5 9
min_pca 20 0.5 0.75 500 26.376 5.681 16.475 26
tpca 0.8 0.5 0.75 500 2.818 1.11 2 2
tpca 0.9 0.5 0.75 500 2.818 1.11 2 2
tpca 0.95 0.5 0.75 500 2.818 1.11 2 2
tpca 0.99 0.5 0.75 500 2.818 1.11 2 2
tpca 0.995 0.5 0.75 500 3.422 1.388 2 3
tpca 0.999 0.5 0.75 500 4.746 1.847 2 4
mix 0.03 0.5 1.5 500 7.358 1.899 4 7
mix 0.1 0.5 1.5 500 6.878 1.764 4 7
mix 0.3 0.5 1.5 500 6.75 1.709 4 6
mix 1 0.5 1.5 500 6.824 1.712 4 7
max_pca 1 0.5 1.5 500 1991.502 111.212 2000 2000
max_pca 2 0.5 1.5 500 1996.188 61.145 2000 2000
max_pca 3 0.5 1.5 500 2000 0 2000 2000
max_pca 5 0.5 1.5 500 2000 0 2000 2000
max_pca 10 0.5 1.5 500 2000 0 2000 2000
max_pca 20 0.5 1.5 500 2000 0 2000 2000
min_pca 1 0.5 1.5 500 2.192 0.521 2 2
min_pca 2 0.5 1.5 500 2.286 0.597 2 2
min_pca 3 0.5 1.5 500 2.404 0.688 2 2
min_pca 5 0.5 1.5 500 2.742 0.849 2 3
min_pca 10 0.5 1.5 500 3.992 1.106 3 4
min_pca 20 0.5 1.5 500 6.972 1.442 5 7
tpca 0.8 0.5 1.5 500 2.192 0.521 2 2
tpca 0.9 0.5 1.5 500 2.192 0.521 2 2
tpca 0.95 0.5 1.5 500 2.192 0.521 2 2
tpca 0.99 0.5 1.5 500 2.192 0.521 2 2
tpca 0.995 0.5 1.5 500 2.32 0.659 2 2
tpca 0.999 0.5 1.5 500 2.746 0.892 2 3
mix 0.03 0.5 2 500 3.07 0.515 2 3
mix 0.1 0.5 2 500 2.95 0.486 2 3
mix 0.3 0.5 2 500 2.938 0.493 2 3
mix 1 0.5 2 500 2.986 0.543 2 3
max_pca 1 0.5 2 500 1269.714 905.73 43.475 2000
max_pca 2 0.5 2 500 734.01 879.891 32.475 147.025
max_pca 3 0.5 2 500 334.454 618.333 26 102
max_pca 5 0.5 2 500 159.828 378.215 26 77
max_pca 10 0.5 2 500 58.756 28.798 20.475 53
max_pca 20 0.5 2 500 36.108 11.415 18 34
min_pca 1 0.5 2 500 2.03 0.193 2 2
min_pca 2 0.5 2 500 2.03 0.182 2 2
min_pca 3 0.5 2 500 2.026 0.159 2 2
min_pca 5 0.5 2 500 2.064 0.245 2 2
min_pca 10 0.5 2 500 2.358 0.524 2 2
min_pca 20 0.5 2 500 3.382 0.594 3 3
tpca 0.8 0.5 2 500 2.03 0.193 2 2
tpca 0.9 0.5 2 500 2.03 0.193 2 2
tpca 0.95 0.5 2 500 2.03 0.193 2 2
tpca 0.99 0.5 2 500 2.03 0.193 2 2
tpca 0.995 0.5 2 500 2.03 0.171 2 2
tpca 0.999 0.5 2 500 2.092 0.303 2 2
mix 0.03 0.3 0.5 500 9.004 1.319 6 9
mix 0.1 0.3 0.5 500 8.066 1.232 6 8
mix 0.3 0.3 0.5 500 7.606 1.247 5 8
mix 1 0.3 0.5 500 7.416 1.325 5 7
max_pca 1 0.3 0.5 500 1200.556 898.632 83.475 2000
max_pca 2 0.3 0.5 500 433.688 673.898 53 145
max_pca 3 0.3 0.5 500 250.4 475.657 49.95 117
max_pca 5 0.3 0.5 500 104.482 151.232 44 88
max_pca 10 0.3 0.5 500 59.812 15.813 32.475 58
max_pca 20 0.3 0.5 500 36.128 7.585 23 35
min_pca 1 0.3 0.5 500 2.256 0.596 2 2
min_pca 2 0.3 0.5 500 2.374 0.663 2 2
min_pca 3 0.3 0.5 500 2.52 0.737 2 2
min_pca 5 0.3 0.5 500 2.932 0.884 2 3
min_pca 10 0.3 0.5 500 4.48 1.29 3 4
min_pca 20 0.3 0.5 500 9.346 2.317 5 9
tpca 0.8 0.3 0.5 500 2.256 0.596 2 2
tpca 0.9 0.3 0.5 500 2.256 0.596 2 2
tpca 0.95 0.3 0.5 500 2.256 0.596 2 2
tpca 0.99 0.3 0.5 500 2.256 0.596 2 2
tpca 0.995 0.3 0.5 500 2.42 0.724 2 2
tpca 0.999 0.3 0.5 500 2.9 0.967 2 3
mix 0.03 0.3 0.75 500 35.002 8.354 20 35
mix 0.1 0.3 0.75 500 31.366 7.871 18 31
mix 0.3 0.3 0.75 500 29.88 7.93 16 29
mix 1 0.3 0.75 500 29.692 8.383 14.475 29
max_pca 1 0.3 0.75 500 1858.126 481.227 176.375 2000
max_pca 2 0.3 0.75 500 1460.214 826.304 110.425 2000
max_pca 3 0.3 0.75 500 1288.132 889.191 105.425 2000
max_pca 5 0.3 0.75 500 616.686 796.938 86 168
max_pca 10 0.3 0.75 500 113.042 89.759 62 104
max_pca 20 0.3 0.75 500 59.488 13.068 36 58
min_pca 1 0.3 0.75 500 2.964 1.327 2 3
min_pca 2 0.3 0.75 500 3.548 1.589 2 3
min_pca 3 0.3 0.75 500 4.206 1.804 2 4
min_pca 5 0.3 0.75 500 5.494 2.301 3 5
min_pca 10 0.3 0.75 500 10.994 4.014 5 10
min_pca 20 0.3 0.75 500 27.986 7.174 16 27
tpca 0.8 0.3 0.75 500 2.964 1.327 2 3
tpca 0.9 0.3 0.75 500 2.964 1.327 2 3
tpca 0.95 0.3 0.75 500 2.964 1.327 2 3
tpca 0.99 0.3 0.75 500 2.964 1.327 2 3
tpca 0.995 0.3 0.75 500 3.604 1.66 2 3
tpca 0.999 0.3 0.75 500 5.178 2.26 2 5
mix 0.03 0.3 1.5 500 10.61 3.151 5 10
mix 0.1 0.3 1.5 500 10.112 3.038 5 10
mix 0.3 0.3 1.5 500 10.15 3.035 5 10
mix 1 0.3 1.5 500 10.532 3.203 5 10
max_pca 1 0.3 1.5 500 1996.312 80.781 2000 2000
max_pca 2 0.3 1.5 500 2000 0 2000 2000
max_pca 3 0.3 1.5 500 1996.968 67.798 2000 2000
max_pca 5 0.3 1.5 500 2000 0 2000 2000
max_pca 10 0.3 1.5 500 2000 0 2000 2000
max_pca 20 0.3 1.5 500 2000 0 2000 2000
min_pca 1 0.3 1.5 500 2.212 0.509 2 2
min_pca 2 0.3 1.5 500 2.328 0.604 2 2
min_pca 3 0.3 1.5 500 2.518 0.712 2 2
min_pca 5 0.3 1.5 500 2.942 0.883 2 3
min_pca 10 0.3 1.5 500 4.46 1.279 3 4
min_pca 20 0.3 1.5 500 8.208 1.965 5 8
tpca 0.8 0.3 1.5 500 2.212 0.509 2 2
tpca 0.9 0.3 1.5 500 2.212 0.509 2 2
tpca 0.95 0.3 1.5 500 2.212 0.509 2 2
tpca 0.99 0.3 1.5 500 2.212 0.509 2 2
tpca 0.995 0.3 1.5 500 2.386 0.662 2 2
tpca 0.999 0.3 1.5 500 2.94 0.935 2 3
mix 0.03 0.3 2 500 3.828 0.812 3 4
mix 0.1 0.3 2 500 3.752 0.79 3 4
mix 0.3 0.3 2 500 3.824 0.814 3 4
mix 1 0.3 2 500 3.992 0.877 3 4
max_pca 1 0.3 2 500 1948.038 298.414 314.15 2000
max_pca 2 0.3 2 500 1923.168 367.37 171.325 2000
max_pca 3 0.3 2 500 1908.068 401.247 164.325 2000
max_pca 5 0.3 2 500 1835.006 525.313 146 2000
max_pca 10 0.3 2 500 1727.424 654.926 115.375 2000
max_pca 20 0.3 2 500 1267.754 905.641 86.475 2000
min_pca 1 0.3 2 500 2.046 0.228 2 2
min_pca 2 0.3 2 500 2.06 0.262 2 2
min_pca 3 0.3 2 500 2.07 0.271 2 2
min_pca 5 0.3 2 500 2.128 0.352 2 2
min_pca 10 0.3 2 500 2.568 0.631 2 2
min_pca 20 0.3 2 500 3.82 0.79 3 4
tpca 0.8 0.3 2 500 2.046 0.228 2 2
tpca 0.9 0.3 2 500 2.046 0.228 2 2
tpca 0.95 0.3 2 500 2.046 0.228 2 2
tpca 0.99 0.3 2 500 2.046 0.228 2 2
tpca 0.995 0.3 2 500 2.074 0.291 2 2
tpca 0.999 0.3 2 500 2.154 0.418 2 2
mix 0.03 0.1 0.5 500 16.4 2.763 11 16
mix 0.1 0.1 0.5 500 16.49 2.967 10 16
mix 0.3 0.1 0.5 500 17.482 3.583 10 17
mix 1 0.1 0.5 500 19.442 4.381 10.475 19
max_pca 1 0.1 0.5 500 1932.574 330.925 285 2000
max_pca 2 0.1 0.5 500 1830.842 522.273 153.475 2000
max_pca 3 0.1 0.5 500 1733.634 641.085 141 2000
max_pca 5 0.1 0.5 500 1404.012 854.685 103.425 2000
max_pca 10 0.1 0.5 500 383.122 621.503 73 145
max_pca 20 0.1 0.5 500 78.02 16.657 46.475 76
min_pca 1 0.1 0.5 500 3.092 2.574 2 2
min_pca 2 0.1 0.5 500 3.568 2.8 2 3
min_pca 3 0.1 0.5 500 4.194 3.461 2 3
min_pca 5 0.1 0.5 500 5.272 4.236 2 4
min_pca 10 0.1 0.5 500 9.736 7.582 4 8
min_pca 20 0.1 0.5 500 21.662 12.918 9 18
tpca 0.8 0.1 0.5 500 3.092 2.574 2 2
tpca 0.9 0.1 0.5 500 3.092 2.574 2 2
tpca 0.95 0.1 0.5 500 3.092 2.574 2 2
tpca 0.99 0.1 0.5 500 3.092 2.574 2 2
tpca 0.995 0.1 0.5 500 3.794 3.564 2 3
tpca 0.999 0.1 0.5 500 5.224 4.722 2 4
mix 0.03 0.1 0.75 500 78.208 20.427 41 76
mix 0.1 0.1 0.75 500 79.872 22.9 35 78
mix 0.3 0.1 0.75 500 86.938 27.262 35 85.025
mix 1 0.1 0.75 500 100.242 35.257 35 97
max_pca 1 0.1 0.75 500 1990.578 115.079 2000 2000
max_pca 2 0.1 0.75 500 1968.672 232.74 2000 2000
max_pca 3 0.1 0.75 500 1949.114 300.196 262.825 2000
max_pca 5 0.1 0.75 500 1855.04 492.336 158.95 2000
max_pca 10 0.1 0.75 500 1041.128 915.349 105 206
max_pca 20 0.1 0.75 500 96.116 23.897 56.475 92
min_pca 1 0.1 0.75 500 13.914 126.173 2 4
min_pca 2 0.1 0.75 500 16.17 126.284 2 5
min_pca 3 0.1 0.75 500 14.668 90.058 3 7
min_pca 5 0.1 0.75 500 18.484 90.05 4 10
min_pca 10 0.1 0.75 500 40.958 153.584 10 22
min_pca 20 0.1 0.75 500 69.02 152.265 26 50
tpca 0.8 0.1 0.75 500 13.914 126.173 2 4
tpca 0.9 0.1 0.75 500 13.914 126.173 2 4
tpca 0.95 0.1 0.75 500 13.914 126.173 2 4
tpca 0.99 0.1 0.75 500 13.914 126.173 2 4
tpca 0.995 0.1 0.75 500 16.424 126.303 2 5
tpca 0.999 0.1 0.75 500 17.232 89.85 3.475 9
mix 0.03 0.1 1.5 500 23.512 7.726 11 23
mix 0.1 0.1 1.5 500 24.668 8.178 11.475 24
mix 0.3 0.1 1.5 500 27.478 9.241 12 26
mix 1 0.1 1.5 500 31.546 11.073 13 30
max_pca 1 0.1 1.5 500 1985.136 152.665 2000 2000
max_pca 2 0.1 1.5 500 1993.158 94.896 2000 2000
max_pca 3 0.1 1.5 500 1997.554 54.694 2000 2000
max_pca 5 0.1 1.5 500 2000 0 2000 2000
max_pca 10 0.1 1.5 500 2000 0 2000 2000
max_pca 20 0.1 1.5 500 1916.518 380.641 191.95 2000
min_pca 1 0.1 1.5 500 3.428 5.845 2 2
min_pca 2 0.1 1.5 500 3.716 4.338 2 3
min_pca 3 0.1 1.5 500 4.362 5.071 2 3
min_pca 5 0.1 1.5 500 5.332 4.934 2 4
min_pca 10 0.1 1.5 500 9.52 8.324 3 7
min_pca 20 0.1 1.5 500 18.852 11.335 8 16
tpca 0.8 0.1 1.5 500 3.428 5.845 2 2
tpca 0.9 0.1 1.5 500 3.428 5.845 2 2
tpca 0.95 0.1 1.5 500 3.428 5.845 2 2
tpca 0.99 0.1 1.5 500 3.428 5.845 2 2
tpca 0.995 0.1 1.5 500 4.09 6.193 2 3
tpca 0.999 0.1 1.5 500 5.334 5.376 2 4
mix 0.03 0.1 2 500 7.044 2.055 4 7
mix 0.1 0.1 2 500 7.438 2.093 4 7
mix 0.3 0.1 2 500 8.116 2.312 4 8
mix 1 0.1 2 500 9.036 2.591 5 8
max_pca 1 0.1 2 500 1995.982 86.166 2000 2000
max_pca 2 0.1 2 500 2000 0 2000 2000
max_pca 3 0.1 2 500 2000 0 2000 2000
max_pca 5 0.1 2 500 2000 0 2000 2000
max_pca 10 0.1 2 500 2000 0 2000 2000
max_pca 20 0.1 2 500 2000 0 2000 2000
min_pca 1 0.1 2 500 6.286 89.346 2 2
min_pca 2 0.1 2 500 6.324 89.342 2 2
min_pca 3 0.1 2 500 6.466 89.337 2 2
min_pca 5 0.1 2 500 6.724 89.328 2 2
min_pca 10 0.1 2 500 8.018 89.285 2 3
min_pca 20 0.1 2 500 7.346 7.06 4 6
tpca 0.8 0.1 2 500 6.286 89.346 2 2
tpca 0.9 0.1 2 500 6.286 89.346 2 2
tpca 0.95 0.1 2 500 6.286 89.346 2 2
tpca 0.99 0.1 2 500 6.286 89.346 2 2
tpca 0.995 0.1 2 500 6.404 89.342 2 2
tpca 0.999 0.1 2 500 2.988 4.678 2 2
mix 0.03 0.05 0.5 500 24.612 4.82 15 24
mix 0.1 0.05 0.5 500 26.792 5.726 16 26
mix 0.3 0.05 0.5 500 30.996 7.271 18 30
mix 1 0.05 0.5 500 37.3 9.949 19.475 36
max_pca 1 0.05 0.5 500 1960.186 254.21 1770.05 2000
max_pca 2 0.05 0.5 500 1948.564 298.963 445.425 2000
max_pca 3 0.05 0.5 500 1928.036 350.252 197 2000
max_pca 5 0.05 0.5 500 1853.762 496.551 147 2000
max_pca 10 0.05 0.5 500 1071.666 918.755 102.95 216.075
max_pca 20 0.05 0.5 500 100.152 23.795 61 96.025
min_pca 1 0.05 0.5 500 94.286 409.455 2 3
min_pca 2 0.05 0.5 500 76.562 361.56 2 4
min_pca 3 0.05 0.5 500 74.064 350.984 2 5
min_pca 5 0.05 0.5 500 64.898 317.212 2 6
min_pca 10 0.05 0.5 500 89.362 359.695 4 13
min_pca 20 0.05 0.5 500 100.32 335.926 11 31
tpca 0.8 0.05 0.5 500 94.286 409.455 2 3
tpca 0.9 0.05 0.5 500 94.286 409.455 2 3
tpca 0.95 0.05 0.5 500 94.286 409.455 2 3
tpca 0.99 0.05 0.5 500 94.286 409.455 2 3
tpca 0.995 0.05 0.5 500 80.754 371.603 2 4
tpca 0.999 0.05 0.5 500 61.392 305.245 2 6
mix 0.03 0.05 0.75 500 218.932 369.09 65 135
mix 0.1 0.05 0.75 500 370.406 581.222 70.95 154
mix 0.3 0.05 0.75 500 580.51 735.096 72.95 193
mix 1 0.05 0.75 500 957.928 856.019 74.95 346.05
max_pca 1 0.05 0.75 500 1973.832 208.31 2000 2000
max_pca 2 0.05 0.75 500 1973.558 212.273 2000 2000
max_pca 3 0.05 0.75 500 1971.712 222.796 2000 2000
max_pca 5 0.05 0.75 500 1927.046 357.827 193.425 2000
max_pca 10 0.05 0.75 500 1463.52 832.458 124.9 2000
max_pca 20 0.05 0.75 500 116.782 88.7 65.475 109
min_pca 1 0.05 0.75 500 175.354 539.412 2 6.025
min_pca 2 0.05 0.75 500 186.726 550.487 2 10
min_pca 3 0.05 0.75 500 180.096 530.945 3 13
min_pca 5 0.05 0.75 500 174.994 510.143 5 19
min_pca 10 0.05 0.75 500 238.838 569.396 12.475 42
min_pca 20 0.05 0.75 500 258.306 549.746 34.475 77
tpca 0.8 0.05 0.75 500 175.354 539.412 2 6.025
tpca 0.9 0.05 0.75 500 175.354 539.412 2 6.025
tpca 0.95 0.05 0.75 500 175.354 539.412 2 6.025
tpca 0.99 0.05 0.75 500 175.354 539.412 2 6.025
tpca 0.995 0.05 0.75 500 176.896 531.893 2 10
tpca 0.999 0.05 0.75 500 127.572 422.732 4 17
mix 0.03 0.05 1.5 500 40.25 15.938 14.475 38
mix 0.1 0.05 1.5 500 45.518 18.589 16 43
mix 0.3 0.05 1.5 500 55.432 23.166 19 52
mix 1 0.05 1.5 500 70.436 32.052 22 65
max_pca 1 0.05 1.5 500 1987.53 131.424 2000 2000
max_pca 2 0.05 1.5 500 1986.738 149.46 2000 2000
max_pca 3 0.05 1.5 500 1996.48 78.71 2000 2000
max_pca 5 0.05 1.5 500 2000 0 2000 2000
max_pca 10 0.05 1.5 500 1981.762 181.684 2000 2000
max_pca 20 0.05 1.5 500 1140.534 913.858 114.475 2000
min_pca 1 0.05 1.5 500 94.466 409.469 2 3
min_pca 2 0.05 1.5 500 80.926 371.774 2 4
min_pca 3 0.05 1.5 500 89.44 390.856 2 5
min_pca 5 0.05 1.5 500 75.996 350.738 3 6
min_pca 10 0.05 1.5 500 88.256 359.864 4 12
min_pca 20 0.05 1.5 500 73.502 262.958 12 26.025
tpca 0.8 0.05 1.5 500 94.466 409.469 2 3
tpca 0.9 0.05 1.5 500 94.466 409.469 2 3
tpca 0.95 0.05 1.5 500 94.466 409.469 2 3
tpca 0.99 0.05 1.5 500 94.466 409.469 2 3
tpca 0.995 0.05 1.5 500 92.572 400.225 2 4
tpca 0.999 0.05 1.5 500 42.302 235.014 2 6
mix 0.03 0.05 2 500 11.358 4.084 5 11
mix 0.1 0.05 2 500 12.568 4.514 5 12
mix 0.3 0.05 2 500 14.7 5.229 6 14
mix 1 0.05 2 500 17.476 6.199 7 17
max_pca 1 0.05 2 500 1984.65 156.66 2000 2000
max_pca 2 0.05 2 500 1996.286 83.048 2000 2000
max_pca 3 0.05 2 500 1996.284 83.092 2000 2000
max_pca 5 0.05 2 500 1996.264 83.539 2000 2000
max_pca 10 0.05 2 500 1996.29 82.958 2000 2000
max_pca 20 0.05 2 500 1865.726 475.574 175.425 2000
min_pca 1 0.05 2 500 68.712 351.75 2 2
min_pca 2 0.05 2 500 64.604 340.876 2 2
min_pca 3 0.05 2 500 64.348 340.822 2 3
min_pca 5 0.05 2 500 64.824 340.729 2 3
min_pca 10 0.05 2 500 67.604 340.289 2.475 5
min_pca 20 0.05 2 500 36.928 199.002 4 10
tpca 0.8 0.05 2 500 68.712 351.75 2 2
tpca 0.9 0.05 2 500 68.712 351.75 2 2
tpca 0.95 0.05 2 500 68.712 351.75 2 2
tpca 0.99 0.05 2 500 68.712 351.75 2 2
tpca 0.995 0.05 2 500 64.396 340.847 2 2
tpca 0.999 0.05 2 500 16.92 128.175 2 3
mix 0.03 0.02 0.5 500 49.688 11.578 29 48
mix 0.1 0.02 0.5 500 60.94 16.019 32 59.025
mix 0.3 0.02 0.5 500 77.222 21.798 36 76
mix 1 0.02 0.5 500 102.606 90.234 44.95 96
max_pca 1 0.02 0.5 500 1971.526 202.589 2000 2000
max_pca 2 0.02 0.5 500 1975.79 205.15 2000 2000
max_pca 3 0.02 0.5 500 1971.242 226.249 2000 2000
max_pca 5 0.02 0.5 500 1967.646 239.288 2000 2000
max_pca 10 0.02 0.5 500 1604.468 750.091 142.85 2000
max_pca 20 0.02 0.5 500 119.518 31.843 70 115
min_pca 1 0.02 0.5 500 635.368 920.219 2 10
min_pca 2 0.02 0.5 500 614.06 908.595 2 14
min_pca 3 0.02 0.5 500 628.28 912.304 2 17
min_pca 5 0.02 0.5 500 588.488 890.425 3 22
min_pca 10 0.02 0.5 500 613.112 888.133 6.475 43.025
min_pca 20 0.02 0.5 500 614.618 870.013 17 77
tpca 0.8 0.02 0.5 500 635.368 920.219 2 10
tpca 0.9 0.02 0.5 500 635.368 920.219 2 10
tpca 0.95 0.02 0.5 500 635.368 920.219 2 10
tpca 0.99 0.02 0.5 500 635.368 920.219 2 10
tpca 0.995 0.02 0.5 500 642.846 919.578 2 14.025
tpca 0.999 0.02 0.5 500 529.878 855.096 3 23
mix 0.03 0.02 0.75 500 1531.856 757.709 124.475 2000
mix 0.1 0.02 0.75 500 1612.976 668.913 135 2000
mix 0.3 0.02 0.75 500 1683.07 606.783 151 2000
mix 1 0.02 0.75 500 1699.308 592.315 178.75 2000
max_pca 1 0.02 0.75 500 1972.972 206.626 2000 2000
max_pca 2 0.02 0.75 500 1984.806 165.373 2000 2000
max_pca 3 0.02 0.75 500 1982.612 173.8 2000 2000
max_pca 5 0.02 0.75 500 1982.204 177.39 2000 2000
max_pca 10 0.02 0.75 500 1735.684 640.127 157 2000
max_pca 20 0.02 0.75 500 151.86 206.167 78 126
min_pca 1 0.02 0.75 500 731.762 944.472 2 32
min_pca 2 0.02 0.75 500 769.59 952.515 3 47.025
min_pca 3 0.02 0.75 500 787.372 950.954 4 64.025
min_pca 5 0.02 0.75 500 737.652 928.134 6 77.025
min_pca 10 0.02 0.75 500 884.69 947.011 19.475 141
min_pca 20 0.02 0.75 500 866.86 926.814 44 156.025
tpca 0.8 0.02 0.75 500 731.762 944.472 2 32
tpca 0.9 0.02 0.75 500 731.762 944.472 2 32
tpca 0.95 0.02 0.75 500 731.762 944.472 2 32
tpca 0.99 0.02 0.75 500 731.762 944.472 2 32
tpca 0.995 0.02 0.75 500 795.79 956.411 3 54
tpca 0.999 0.02 0.75 500 637.18 889.954 6 67
mix 0.03 0.02 1.5 500 202.178 426.623 31.475 94
mix 0.1 0.02 1.5 500 429.326 680.529 36.95 130
mix 0.3 0.02 1.5 500 915.504 880.119 46.85 206.025
mix 1 0.02 1.5 500 1312.188 837.717 71 2000
max_pca 1 0.02 1.5 500 1975.592 199.14 2000 2000
max_pca 2 0.02 1.5 500 1980.21 183.745 2000 2000
max_pca 3 0.02 1.5 500 1994.392 93.486 2000 2000
max_pca 5 0.02 1.5 500 1996.364 81.303 2000 2000
max_pca 10 0.02 1.5 500 1931.056 347.277 199 2000
max_pca 20 0.02 1.5 500 335.294 550.713 88.475 153
min_pca 1 0.02 1.5 500 546.718 880.508 2 8
min_pca 2 0.02 1.5 500 529.054 868.576 2 10.025
min_pca 3 0.02 1.5 500 531.226 867.411 2 13
min_pca 5 0.02 1.5 500 498.77 844.93 3 19.025
min_pca 10 0.02 1.5 500 522.428 845.498 6 39
min_pca 20 0.02 1.5 500 468.932 786.442 18 66
tpca 0.8 0.02 1.5 500 546.718 880.508 2 8
tpca 0.9 0.02 1.5 500 546.718 880.508 2 8
tpca 0.95 0.02 1.5 500 546.718 880.508 2 8
tpca 0.99 0.02 1.5 500 546.718 880.508 2 8
tpca 0.995 0.02 1.5 500 531.634 867.257 2 11
tpca 0.999 0.02 1.5 500 385.58 753.391 3 18
mix 0.03 0.02 2 500 23.166 10.65 8 21
mix 0.1 0.02 2 500 28.602 12.542 9 26
mix 0.3 0.02 2 500 37.74 16.174 14 34
mix 1 0.02 2 500 51.11 23.831 17 46
max_pca 1 0.02 2 500 1993.894 97.015 2000 2000
max_pca 2 0.02 2 500 2000 0 2000 2000
max_pca 3 0.02 2 500 1996.392 80.677 2000 2000
max_pca 5 0.02 2 500 1996.328 82.108 2000 2000
max_pca 10 0.02 2 500 1959.978 267.154 2000 2000
max_pca 20 0.02 2 500 864.008 890.823 109.475 189.025
min_pca 1 0.02 2 500 511.35 865.173 2 4
min_pca 2 0.02 2 500 503.22 860.655 2 4
min_pca 3 0.02 2 500 473.004 840.382 2 5
min_pca 5 0.02 2 500 472.48 840.541 2 7
min_pca 10 0.02 2 500 476.546 838.331 3 13
min_pca 20 0.02 2 500 387.444 752.314 6 27
tpca 0.8 0.02 2 500 511.35 865.173 2 4
tpca 0.9 0.02 2 500 511.35 865.173 2 4
tpca 0.95 0.02 2 500 511.35 865.173 2 4
tpca 0.99 0.02 2 500 511.35 865.173 2 4
tpca 0.995 0.02 2 500 473.406 840.192 2 4
tpca 0.999 0.02 2 500 345.3 729.664 2 7
