method method_param p change_param n_sim edd sd_edd edd_lower edd_upper
max_pca 1 0.98 0.5 500 1036.316 907.132 63 290.225
max_pca 2 0.98 0.5 500 105.61 43.965 39.475 99
max_pca 3 0.98 0.5 500 88.982 31.296 39 85
max_pca 5 0.98 0.5 500 78.232 22.053 40 76
max_pca 10 0.98 0.5 500 52.172 11.946 30 51
max_pca 20 0.98 0.5 500 24.832 5.303 16 24
min_pca 1 0.98 0.5 500 1126.016 929.416 76 2000
min_pca 2 0.98 0.5 500 265.746 505.956 64 117
min_pca 3 0.98 0.5 500 110.48 88.915 65 102
min_pca 5 0.98 0.5 500 41.212 6.964 29 40
min_pca 10 0.98 0.5 500 39.226 4.862 31 39
min_pca 20 0.98 0.5 500 31.048 2.726 26 31
tpca 0.8 0.98 0.5 500 39.226 4.862 31 39
tpca 0.9 0.98 0.5 500 33.722 3.747 27 33
tpca 0.95 0.98 0.5 500 32.434 3.161 27 32
tpca 0.99 0.98 0.5 500 31.048 2.726 26 31
tpca 0.995 0.98 0.5 500 31.048 2.726 26 31
tpca 0.999 0.98 0.5 500 31.048 2.726 26 31
mix 0.03 0.98 0.5 500 7.1 1.548 4 7
mix 0.1 0.98 0.5 500 6.086 1.338 4 6
mix 0.3 0.98 0.5 500 5.52 1.23 3 5
mix 1 0.98 0.5 500 5.206 1.159 3 5
max_pca 1 0.98 0.7 500 986.118 899.177 72 275.025
max_pca 2 0.98 0.7 500 77.556 27.082 36 72
max_pca 3 0.98 0.7 500 70.852 21.793 36 68
max_pca 5 0.98 0.7 500 62.918 16.831 35.475 61
max_pca 10 0.98 0.7 500 38.876 8.953 23.475 38
max_pca 20 0.98 0.7 500 16.4 3.534 10 16
min_pca 1 0.98 0.7 500 452.016 736.758 38.475 106.025
min_pca 2 0.98 0.7 500 100.252 173.513 39.475 79
min_pca 3 0.98 0.7 500 80.752 22.726 44 77
min_pca 5 0.98 0.7 500 27.924 4.956 19 27
min_pca 10 0.98 0.7 500 25.412 3.434 19 25
min_pca 20 0.98 0.7 500 19.678 1.792 16 20
tpca 0.8 0.98 0.7 500 25.412 3.434 19 25
tpca 0.9 0.98 0.7 500 21.482 2.453 17 21
tpca 0.95 0.98 0.7 500 20.618 2.097 17 20
tpca 0.99 0.98 0.7 500 19.678 1.792 16 20
tpca 0.995 0.98 0.7 500 19.678 1.792 16 20
tpca 0.999 0.98 0.7 500 19.678 1.792 16 20
mix 0.03 0.98 0.7 500 4.556 0.793 3 4
mix 0.1 0.98 0.7 500 3.976 0.702 3 4
mix 0.3 0.98 0.7 500 3.66 0.664 3 4
mix 1 0.98 0.7 500 3.438 0.612 2 3
max_pca 1 0.98 1 500 833.262 876.943 61 193
max_pca 2 0.98 1 500 50.16 15.912 22 47
max_pca 3 0.98 1 500 50.062 14.193 26 48
max_pca 5 0.98 1 500 44.24 11.133 26 43
max_pca 10 0.98 1 500 26.378 5.539 16.475 26
max_pca 20 0.98 1 500 10.046 1.884 7 10
min_pca 1 0.98 1 500 174.396 446.513 20 57
min_pca 2 0.98 1 500 52.748 24.705 24 45
min_pca 3 0.98 1 500 54.836 18.834 28.475 50
min_pca 5 0.98 1 500 17.802 2.998 12 17
min_pca 10 0.98 1 500 15.262 1.853 12 15
min_pca 20 0.98 1 500 11.682 0.989 10 12
tpca 0.8 0.98 1 500 15.262 1.853 12 15
tpca 0.9 0.98 1 500 12.72 1.306 10 13
tpca 0.95 0.98 1 500 12.234 1.111 10 12
tpca 0.99 0.98 1 500 11.682 0.989 10 12
tpca 0.995 0.98 1 500 11.682 0.989 10 12
tpca 0.999 0.98 1 500 11.682 0.989 10 12
mix 0.03 0.98 1 500 3.086 0.418 2 3
mix 0.1 0.98 1 500 2.83 0.392 2 3
mix 0.3 0.98 1 500 2.612 0.488 2 3
mix 1 0.98 1 500 2.386 0.487 2 2
max_pca 1 0.95 0.5 500 1007.308 904.371 76.475 273.05
max_pca 2 0.95 0.5 500 127.33 194.993 44 100
max_pca 3 0.95 0.5 500 91.584 33.913 42 85.025
max_pca 5 0.95 0.5 500 79.586 22.688 42 75
max_pca 10 0.95 0.5 500 53.342 12.056 32 52
max_pca 20 0.95 0.5 500 25.36 5.781 16 24
min_pca 1 0.95 0.5 500 1126.378 936.612 61 2000
min_pca 2 0.95 0.5 500 254.126 488.118 57.425 115
min_pca 3 0.95 0.5 500 111.226 123.148 56.425 99
min_pca 5 0.95 0.5 500 41.064 7.444 28 40
min_pca 10 0.95 0.5 500 40.024 5.915 29 39
min_pca 20 0.95 0.5 500 31.874 3.161 26 32
tpca 0.8 0.95 0.5 500 40.024 5.915 29 39
tpca 0.9 0.95 0.5 500 34.468 4.286 27 34
tpca 0.95 0.95 0.5 500 33.16 3.533 26 33
tpca 0.99 0.95 0.5 500 31.874 3.161 26 32
tpca 0.995 0.95 0.5 500 31.874 3.161 26 32
tpca 0.999 0.95 0.5 500 31.874 3.161 26 32
mix 0.03 0.95 0.5 500 7.224 1.563 4 7
mix 0.1 0.95 0.5 500 6.152 1.351 4 6
mix 0.3 0.95 0.5 500 5.648 1.253 3 6
mix 1 0.95 0.5 500 5.322 1.184 3 5
max_pca 1 0.95 0.7 500 905.5 886.648 59 224
max_pca 2 0.95 0.7 500 81.552 32.28 39 76
max_pca 3 0.95 0.7 500 72.62 23.548 34 69
max_pca 5 0.95 0.7 500 64.84 18.149 36.475 61
max_pca 10 0.95 0.7 500 39.73 9.278 23 38
max_pca 20 0.95 0.7 500 16.77 3.514 11 16
min_pca 1 0.95 0.7 500 738.704 902.885 34 115.05
min_pca 2 0.95 0.7 500 159.948 368.131 32 77
min_pca 3 0.95 0.7 500 81.164 30.262 38 74
min_pca 5 0.95 0.7 500 28.304 5.834 18 28
min_pca 10 0.95 0.7 500 25.758 4.148 19 25
min_pca 20 0.95 0.7 500 20.114 2.103 16 20
tpca 0.8 0.95 0.7 500 25.758 4.148 19 25
tpca 0.9 0.95 0.7 500 21.904 2.837 17 22
tpca 0.95 0.95 0.7 500 21.118 2.469 17 21
tpca 0.99 0.95 0.7 500 20.114 2.103 16 20
tpca 0.995 0.95 0.7 500 20.114 2.103 16 20
tpca 0.999 0.95 0.7 500 20.114 2.103 16 20
mix 0.03 0.95 0.7 500 4.622 0.877 3 5
mix 0.1 0.95 0.7 500 4.042 0.755 3 4
mix 0.3 0.95 0.7 500 3.696 0.679 3 4
mix 1 0.95 0.7 500 3.49 0.638 2 3
max_pca 1 0.95 1 500 862.952 888.272 51.475 195
max_pca 2 0.95 1 500 53.63 19.105 24 50
max_pca 3 0.95 1 500 52.428 17.067 27 49.025
max_pca 5 0.95 1 500 45.648 13.146 24.475 44
max_pca 10 0.95 1 500 26.782 6.137 16 26
max_pca 20 0.95 1 500 10.434 1.91 7 10
min_pca 1 0.95 1 500 370.738 707.529 16 59.025
min_pca 2 0.95 1 500 83.466 230.925 19 45
min_pca 3 0.95 1 500 55.032 25.792 21 49
min_pca 5 0.95 1 500 17.838 3.812 12 17
min_pca 10 0.95 1 500 15.622 2.479 12 15
min_pca 20 0.95 1 500 11.984 1.264 10 12
tpca 0.8 0.95 1 500 15.622 2.479 12 15
tpca 0.9 0.95 1 500 13.116 1.731 10 13
tpca 0.95 0.95 1 500 12.598 1.489 10 12
tpca 0.99 0.95 1 500 11.984 1.264 10 12
tpca 0.995 0.95 1 500 11.984 1.264 10 12
tpca 0.999 0.95 1 500 11.984 1.264 10 12
mix 0.03 0.95 1 500 3.168 0.456 2 3
mix 0.1 0.95 1 500 2.868 0.394 2 3
mix 0.3 0.95 1 500 2.68 0.471 2 3
mix 1 0.95 1 500 2.48 0.5 2 2
max_pca 1 0.9 0.5 500 979.66 900.566 75 262.075
max_pca 2 0.9 0.5 500 125.656 174.282 45 102
max_pca 3 0.9 0.5 500 92.96 30.86 44.475 88
max_pca 5 0.9 0.5 500 79.474 23.167 40.475 76
max_pca 10 0.9 0.5 500 51.962 13.851 28 50
max_pca 20 0.9 0.5 500 25.684 6.225 16 25
min_pca 1 0.9 0.5 500 1168.422 939.629 41 2000
min_pca 2 0.9 0.5 500 351.11 627.991 41.475 115.025
min_pca 3 0.9 0.5 500 109.894 150.535 46.475 93
min_pca 5 0.9 0.5 500 42.32 9.629 27 41
min_pca 10 0.9 0.5 500 40.728 7.058 29 40
min_pca 20 0.9 0.5 500 32.832 3.905 26 32
tpca 0.8 0.9 0.5 500 40.728 7.058 29 40
tpca 0.9 0.9 0.5 500 35.522 5.246 27 35
tpca 0.95 0.9 0.5 500 34.148 4.509 26 34
tpca 0.99 0.9 0.5 500 32.832 3.905 26 32
tpca 0.995 0.9 0.5 500 32.832 3.905 26 32
tpca 0.999 0.9 0.5 500 32.832 3.905 26 32
mix 0.03 0.9 0.5 500 7.49 1.628 5 7
mix 0.1 0.9 0.5 500 6.47 1.455 4 6
mix 0.3 0.9 0.5 500 5.888 1.329 4 6
mix 1 0.9 0.5 500 5.544 1.258 3 5
max_pca 1 0.9 0.7 500 910.428 892.176 68.95 206.025
max_pca 2 0.9 0.7 500 88.18 93.087 37 76
max_pca 3 0.9 0.7 500 75.84 29.072 35 70
max_pca 5 0.9 0.7 500 63.858 19.415 33 61
max_pca 10 0.9 0.7 500 40.24 10.178 23.475 39
max_pca 20 0.9 0.7 500 17.614 3.821 11 17
min_pca 1 0.9 0.7 500 761.61 914.376 25.475 119
min_pca 2 0.9 0.7 500 224.89 496.738 32 79
min_pca 3 0.9 0.7 500 83.39 91.87 33 72
min_pca 5 0.9 0.7 500 29.076 7.148 18 28
min_pca 10 0.9 0.7 500 26.574 4.959 18 26
min_pca 20 0.9 0.7 500 20.886 2.465 17 21
tpca 0.8 0.9 0.7 500 26.574 4.959 18 26
tpca 0.9 0.9 0.7 500 22.608 3.311 17 22
tpca 0.95 0.9 0.7 500 21.86 2.935 17 21
tpca 0.99 0.9 0.7 500 20.886 2.465 17 21
tpca 0.995 0.9 0.7 500 20.886 2.465 17 21
tpca 0.999 0.9 0.7 500 20.886 2.465 17 21
mix 0.03 0.9 0.7 500 4.792 0.859 3 5
mix 0.1 0.9 0.7 500 4.142 0.75 3 4
mix 0.3 0.9 0.7 500 3.84 0.695 3 4
mix 1 0.9 0.7 500 3.592 0.68 2 4
max_pca 1 0.9 1 500 791.14 864.774 68.475 184
max_pca 2 0.9 1 500 58.098 28.198 23 50
max_pca 3 0.9 1 500 54.244 21.332 25.475 50
max_pca 5 0.9 1 500 46.226 15.807 23.475 43
max_pca 10 0.9 1 500 27.728 7.155 16 27
max_pca 20 0.9 1 500 10.99 2.333 7 11
min_pca 1 0.9 1 500 461.836 785.375 14 59
min_pca 2 0.9 1 500 104.408 300.099 15.475 44.025
min_pca 3 0.9 1 500 53.234 28.091 18 44
min_pca 5 0.9 1 500 18.174 4.773 11 17
min_pca 10 0.9 1 500 16.134 3.191 11 16
min_pca 20 0.9 1 500 12.406 1.549 10 12
tpca 0.8 0.9 1 500 16.134 3.191 11 16
tpca 0.9 0.9 1 500 13.526 2.064 10 13
tpca 0.95 0.9 1 500 12.978 1.8 10 13
tpca 0.99 0.9 1 500 12.406 1.549 10 12
tpca 0.995 0.9 1 500 12.406 1.549 10 12
tpca 0.999 0.9 1 500 12.406 1.549 10 12
mix 0.03 0.9 1 500 3.236 0.478 3 3
mix 0.1 0.9 1 500 2.904 0.409 2 3
mix 0.3 0.9 1 500 2.718 0.459 2 3
mix 1 0.9 1 500 2.53 0.5 2 3
max_pca 1 0.7 0.5 500 990.286 900.919 68 261.075
max_pca 2 0.7 0.5 500 214.972 405.488 49 116
max_pca 3 0.7 0.5 500 111.328 152.386 46 92
max_pca 5 0.7 0.5 500 84.806 26.018 43.475 80
max_pca 10 0.7 0.5 500 57.53 15.141 33.475 55
max_pca 20 0.7 0.5 500 29.684 7.409 18 28
min_pca 1 0.7 0.5 500 1158.668 946.774 31.95 2000
min_pca 2 0.7 0.5 500 368.92 654.664 35.95 112
min_pca 3 0.7 0.5 500 103.656 151.425 38.95 85
min_pca 5 0.7 0.5 500 48.518 13.599 27 46
min_pca 10 0.7 0.5 500 47.596 10.373 30 46
min_pca 20 0.7 0.5 500 39.004 5.681 30 38
tpca 0.8 0.7 0.5 500 47.596 10.373 30 46
tpca 0.9 0.7 0.5 500 42.186 7.98 29 41
tpca 0.95 0.7 0.5 500 40.4 6.596 30 39
tpca 0.99 0.7 0.5 500 39.004 5.681 30 38
tpca 0.995 0.7 0.5 500 39.004 5.681 30 38
tpca 0.999 0.7 0.5 500 39.004 5.681 30 38
mix 0.03 0.7 0.5 500 8.844 2.08 5 9
mix 0.1 0.7 0.5 500 7.59 1.806 4 7
mix 0.3 0.7 0.5 500 6.99 1.687 4 7
mix 1 0.7 0.5 500 6.678 1.691 4 6
max_pca 1 0.7 0.7 500 812.146 868.43 50 195.025
max_pca 2 0.7 0.7 500 133.968 257.885 40 86
max_pca 3 0.7 0.7 500 86.968 94.157 37.475 73
max_pca 5 0.7 0.7 500 68.068 23.001 36 62.025
max_pca 10 0.7 0.7 500 43.736 12.765 24 42
max_pca 20 0.7 0.7 500 21.236 5.203 13 21
min_pca 1 0.7 0.7 500 1022.308 959.98 20.475 174.05
min_pca 2 0.7 0.7 500 247.57 533.078 24 79
min_pca 3 0.7 0.7 500 77.756 92.657 25 65
min_pca 5 0.7 0.7 500 35.156 12.855 18 32
min_pca 10 0.7 0.7 500 32.4 8.69 20 30
min_pca 20 0.7 0.7 500 25.812 4.57 18 25
tpca 0.8 0.7 0.7 500 32.4 8.69 20 30
tpca 0.9 0.7 0.7 500 27.906 6.066 18 27
tpca 0.95 0.7 0.7 500 26.872 5.208 18 26
tpca 0.99 0.7 0.7 500 25.812 4.57 18 25
tpca 0.995 0.7 0.7 500 25.812 4.57 18 25
tpca 0.999 0.7 0.7 500 25.812 4.57 18 25
mix 0.03 0.7 0.7 500 5.522 1.018 4 5
mix 0.1 0.7 0.7 500 4.844 0.904 3 5
mix 0.3 0.7 0.7 500 4.42 0.823 3 4
mix 1 0.7 0.7 500 4.194 0.796 3 4
max_pca 1 0.7 1 500 600.508 790.224 41.425 159
max_pca 2 0.7 1 500 92.77 196.92 23 60
max_pca 3 0.7 1 500 63.18 34.436 23 52
max_pca 5 0.7 1 500 50.39 19.605 23.475 45
max_pca 10 0.7 1 500 30.98 9.702 16 29
max_pca 20 0.7 1 500 13.016 3.149 8 12
min_pca 1 0.7 1 500 625.404 880.388 11 72.025
min_pca 2 0.7 1 500 138.744 392.263 13.475 43
min_pca 3 0.7 1 500 53.11 92.556 14.475 39
min_pca 5 0.7 1 500 20.73 7.693 10.475 19
min_pca 10 0.7 1 500 18.614 5.069 11 18
min_pca 20 0.7 1 500 14.994 2.502 11 15
tpca 0.8 0.7 1 500 18.614 5.069 11 18
tpca 0.9 0.7 1 500 16.126 3.347 11 15
tpca 0.95 0.7 1 500 15.616 2.903 11 15
tpca 0.99 0.7 1 500 14.994 2.502 11 15
tpca 0.995 0.7 1 500 14.994 2.502 11 15
tpca 0.999 0.7 1 500 14.994 2.502 11 15
mix 0.03 0.7 1 500 3.536 0.556 3 4
mix 0.1 0.7 1 500 3.186 0.49 2 3
mix 0.3 0.7 1 500 2.98 0.415 2 3
mix 1 0.7 1 500 2.866 0.425 2 3
max_pca 1 0.5 0.5 500 891.59 890.095 58.95 208.05
max_pca 2 0.5 0.5 500 282.852 515.95 49.475 124
max_pca 3 0.5 0.5 500 115.386 151.282 46.475 99
max_pca 5 0.5 0.5 500 89.202 28.295 44 85
max_pca 10 0.5 0.5 500 61.404 16.598 32.475 58
max_pca 20 0.5 0.5 500 35.496 9.312 20 34
min_pca 1 0.5 0.5 500 1233.95 931.908 37.475 2000
min_pca 2 0.5 0.5 500 414.322 699.071 39 111
min_pca 3 0.5 0.5 500 100.706 125.591 42 84
min_pca 5 0.5 0.5 500 58.592 19.123 32 55
min_pca 10 0.5 0.5 500 56.918 14.051 35 54
min_pca 20 0.5 0.5 500 47.938 7.618 35 47
tpca 0.8 0.5 0.5 500 56.918 14.051 35 54
tpca 0.9 0.5 0.5 500 51.116 10.275 35 50
tpca 0.95 0.5 0.5 500 49.106 8.737 35 48
tpca 0.99 0.5 0.5 500 47.938 7.618 35 47
tpca 0.995 0.5 0.5 500 47.938 7.618 35 47
tpca 0.999 0.5 0.5 500 47.938 7.618 35 47
mix 0.03 0.5 0.5 500 11.032 2.856 6 11
mix 0.1 0.5 0.5 500 9.736 2.571 5 9
mix 0.3 0.5 0.5 500 9.154 2.407 5 9
mix 1 0.5 0.5 500 8.914 2.451 5 9
max_pca 1 0.5 0.7 500 790.252 861.736 56.475 187
max_pca 2 0.5 0.7 500 207.73 415.363 39.95 106
max_pca 3 0.5 0.7 500 88.42 33.534 37 82
max_pca 5 0.5 0.7 500 74.12 25.515 34 69
max_pca 10 0.5 0.7 500 48.624 14.777 25 47
max_pca 20 0.5 0.7 500 25.576 6.485 14.475 25
min_pca 1 0.5 0.7 500 990.952 955.733 20 171.025
min_pca 2 0.5 0.7 500 253.75 538.072 23 83
min_pca 3 0.5 0.7 500 81.728 126.62 25 65
min_pca 5 0.5 0.7 500 41.036 15.25 19 37
min_pca 10 0.5 0.7 500 38.894 11.882 22 36
min_pca 20 0.5 0.7 500 32.464 6.267 22 31
tpca 0.8 0.5 0.7 500 38.894 11.882 22 36
tpca 0.9 0.5 0.7 500 34.556 8.098 22 33
tpca 0.95 0.5 0.7 500 33.402 7.167 22 32
tpca 0.99 0.5 0.7 500 32.464 6.267 22 31
tpca 0.995 0.5 0.7 500 32.464 6.267 22 31
tpca 0.999 0.5 0.7 500 32.464 6.267 22 31
mix 0.03 0.5 0.7 500 6.506 1.376 4 6
mix 0.1 0.5 0.7 500 5.832 1.223 4 6
mix 0.3 0.5 0.7 500 5.44 1.175 3 5
mix 1 0.5 0.7 500 5.28 1.171 3 5
max_pca 1 0.5 1 500 654.91 822.908 43.9 163
max_pca 2 0.5 1 500 147.718 331.365 29 77
max_pca 3 0.5 1 500 72.876 41.769 27.475 65
max_pca 5 0.5 1 500 57.544 23.376 24 51
max_pca 10 0.5 1 500 35.036 11.729 17 33
max_pca 20 0.5 1 500 16.97 4.722 10 16
min_pca 1 0.5 1 500 692.538 907.022 11 85.025
min_pca 2 0.5 1 500 147.84 399.977 13 49
min_pca 3 0.5 1 500 54.136 92.35 14.475 41
min_pca 5 0.5 1 500 26.924 12.713 12 23
min_pca 10 0.5 1 500 24.372 8.384 13 22
min_pca 20 0.5 1 500 20.014 4.225 13 19
tpca 0.8 0.5 1 500 24.372 8.384 13 22
tpca 0.9 0.5 1 500 21.518 5.842 13 20
tpca 0.95 0.5 1 500 20.708 5.006 13 20
tpca 0.99 0.5 1 500 20.014 4.225 13 19
tpca 0.995 0.5 1 500 20.014 4.225 13 19
tpca 0.999 0.5 1 500 20.014 4.225 13 19
mix 0.03 0.5 1 500 4.168 0.649 3 4
mix 0.1 0.5 1 500 3.752 0.626 3 4
mix 0.3 0.5 1 500 3.52 0.615 3 3
mix 1 0.5 1 500 3.402 0.614 2 3
max_pca 1 0.3 0.5 500 917.984 892.004 67 225
max_pca 2 0.3 0.5 500 336.016 570.753 59 135
max_pca 3 0.3 0.5 500 136.282 211.614 49.475 104
max_pca 5 0.3 0.5 500 97.656 90.1 49.475 88.025
max_pca 10 0.3 0.5 500 67.18 17.287 38.475 64
max_pca 20 0.3 0.5 500 44.39 11.935 25 42
min_pca 1 0.3 0.5 500 1410.914 876.022 46.8 2000
min_pca 2 0.3 0.5 500 551.574 793.327 44.425 136
min_pca 3 0.3 0.5 500 109.71 124.704 45.475 97
min_pca 5 0.3 0.5 500 71.756 20.518 39 69
min_pca 10 0.3 0.5 500 70.632 15.912 43 68
min_pca 20 0.3 0.5 500 62.212 10.424 45.475 61
tpca 0.8 0.3 0.5 500 70.632 15.912 43 68
tpca 0.9 0.3 0.5 500 65.722 12.468 44 64
tpca 0.95 0.3 0.5 500 62.776 10.974 44 61
tpca 0.99 0.3 0.5 500 62.212 10.424 45.475 61
tpca 0.995 0.3 0.5 500 62.212 10.424 45.475 61
tpca 0.999 0.3 0.5 500 62.212 10.424 45.475 61
mix 0.03 0.3 0.5 500 15.118 4.159 8 14.025
mix 0.1 0.3 0.5 500 13.852 3.935 7 13
mix 0.3 0.3 0.5 500 13.346 3.867 6 13
mix 1 0.3 0.5 500 13.326 4.041 6 13
max_pca 1 0.3 0.7 500 817.988 872.164 56.475 195.025
max_pca 2 0.3 0.7 500 261.282 489.311 49 116
max_pca 3 0.3 0.7 500 111.474 153.394 42.475 93
max_pca 5 0.3 0.7 500 80.722 26.671 37 77
max_pca 10 0.3 0.7 500 57.056 16.12 32 54
max_pca 20 0.3 0.7 500 34.162 9.333 18 33
min_pca 1 0.3 0.7 500 1084.586 954.371 26 200.1
min_pca 2 0.3 0.7 500 325.892 620.296 27.475 98
min_pca 3 0.3 0.7 500 85.932 92.518 32 74
min_pca 5 0.3 0.7 500 54.286 19.238 26.475 49
min_pca 10 0.3 0.7 500 51.592 14.053 30 49
min_pca 20 0.3 0.7 500 44.732 7.684 32 44
tpca 0.8 0.3 0.7 500 51.592 14.053 30 49
tpca 0.9 0.3 0.7 500 46.826 10.143 30.475 45
tpca 0.95 0.3 0.7 500 45.262 8.601 31 44
tpca 0.99 0.3 0.7 500 44.732 7.684 32 44
tpca 0.995 0.3 0.7 500 44.732 7.684 32 44
tpca 0.999 0.3 0.7 500 44.732 7.684 32 44
mix 0.03 0.3 0.7 500 8.778 2.007 5 9
mix 0.1 0.3 0.7 500 8.048 1.938 5 8
mix 0.3 0.3 0.7 500 7.808 1.919 4 8
mix 1 0.3 0.7 500 7.752 1.979 4 8
max_pca 1 0.3 1 500 632.934 807.115 42.95 164.025
max_pca 2 0.3 1 500 168.81 339.276 36 95
max_pca 3 0.3 1 500 86.786 92.967 33.475 74
max_pca 5 0.3 1 500 66.23 23.852 29.475 62
max_pca 10 0.3 1 500 43.824 14.361 23 40.025
max_pca 20 0.3 1 500 23.184 6.674 13 22
min_pca 1 0.3 1 500 781.364 931.694 13 104.05
min_pca 2 0.3 1 500 222.438 519.632 17 59
min_pca 3 0.3 1 500 62.45 93.933 18 47.025
min_pca 5 0.3 1 500 37.596 17.808 15 32
min_pca 10 0.3 1 500 33.49 11.013 17 31
min_pca 20 0.3 1 500 28.734 6.206 19 28
tpca 0.8 0.3 1 500 33.49 11.013 17 31
tpca 0.9 0.3 1 500 30.516 8.176 18 29
tpca 0.95 0.3 1 500 29.262 6.907 18 28
tpca 0.99 0.3 1 500 28.734 6.206 19 28
tpca 0.995 0.3 1 500 28.734 6.206 19 28
tpca 0.999 0.3 1 500 28.734 6.206 19 28
mix 0.03 0.3 1 500 5.162 0.966 4 5
mix 0.1 0.3 1 500 4.774 0.908 3 5
mix 0.3 0.3 1 500 4.614 0.914 3 5
mix 1 0.3 1 500 4.566 0.973 3 5
max_pca 1 0.1 0.5 500 1005.276 903.34 69.475 299
max_pca 2 0.1 0.5 500 456.776 687.99 60.95 153.025
max_pca 3 0.1 0.5 500 169.794 302.1 55.425 115
max_pca 5 0.1 0.5 500 105.356 31.025 52.475 100
max_pca 10 0.1 0.5 500 77.92 19.914 42 77
max_pca 20 0.1 0.5 500 58.938 15.197 33 58
min_pca 1 0.1 0.5 500 1758.764 624.862 109.95 2000
min_pca 2 0.1 0.5 500 806.96 888.343 83.95 174
min_pca 3 0.1 0.5 500 170.86 288.787 71.475 122
min_pca 5 0.1 0.5 500 96.226 19.509 62.475 94
min_pca 10 0.1 0.5 500 99.804 15.541 73 99
min_pca 20 0.1 0.5 500 88.184 9.945 71 87
tpca 0.8 0.1 0.5 500 99.804 15.541 73 99
tpca 0.9 0.1 0.5 500 93.15 12.181 71 92
tpca 0.95 0.1 0.5 500 88.216 10.472 69 87
tpca 0.99 0.1 0.5 500 88.184 9.945 71 87
tpca 0.995 0.1 0.5 500 88.184 9.945 71 87
tpca 0.999 0.1 0.5 500 88.184 9.945 71 87
mix 0.03 0.1 0.5 500 34.342 11.355 14 33
mix 0.1 0.1 0.5 500 34.992 12.054 13.475 34
mix 0.3 0.1 0.5 500 37.244 13.471 13 35
mix 1 0.1 0.5 500 41.192 16.651 13 38
max_pca 1 0.1 0.7 500 979.166 897.42 75.475 246.1
max_pca 2 0.1 0.7 500 369.946 602.263 56.475 144.025
max_pca 3 0.1 0.7 500 131.574 173.324 54 108.025
max_pca 5 0.1 0.7 500 98.212 30.49 51 92
max_pca 10 0.1 0.7 500 72.942 19.476 40 69
max_pca 20 0.1 0.7 500 51.044 13.315 27 49
min_pca 1 0.1 0.7 500 1532.004 816.131 49 2000
min_pca 2 0.1 0.7 500 541.396 780.778 49.9 139
min_pca 3 0.1 0.7 500 133.424 225.117 51.475 103
min_pca 5 0.1 0.7 500 81.738 20.633 46 80
min_pca 10 0.1 0.7 500 82.628 16.708 53.475 81
min_pca 20 0.1 0.7 500 73.102 10.461 55 72
tpca 0.8 0.1 0.7 500 82.628 16.708 53.475 81
tpca 0.9 0.1 0.7 500 76.966 12.788 55 76
tpca 0.95 0.1 0.7 500 73.274 11.277 53 72
tpca 0.99 0.1 0.7 500 73.102 10.461 55 72
tpca 0.995 0.1 0.7 500 73.102 10.461 55 72
tpca 0.999 0.1 0.7 500 73.102 10.461 55 72
mix 0.03 0.1 0.7 500 17.804 5.005 9 17
mix 0.1 0.1 0.7 500 17.986 5.213 9 17
mix 0.3 0.1 0.7 500 19.228 5.774 9 19
mix 1 0.1 0.7 500 20.984 6.812 9 20
max_pca 1 0.1 1 500 813.812 862.88 56 194
max_pca 2 0.1 1 500 292.174 514.627 52 135
max_pca 3 0.1 1 500 112.978 126.401 46 100
max_pca 5 0.1 1 500 88.342 28.121 43.475 83
max_pca 10 0.1 1 500 62.774 17.49 34 60
max_pca 20 0.1 1 500 41.574 11.183 21.475 40
min_pca 1 0.1 1 500 1161.906 947.063 27 2000
min_pca 2 0.1 1 500 365.492 661.592 32 99
min_pca 3 0.1 1 500 87.242 92.53 30.475 77
min_pca 5 0.1 1 500 63.576 20.451 27.475 61
min_pca 10 0.1 1 500 61.74 14.735 37 60
min_pca 20 0.1 1 500 55.27 9.585 39 54
tpca 0.8 0.1 1 500 61.74 14.735 37 60
tpca 0.9 0.1 1 500 57.966 11.926 38 55
tpca 0.95 0.1 1 500 55.38 10.242 39 54
tpca 0.99 0.1 1 500 55.27 9.585 39 54
tpca 0.995 0.1 1 500 55.27 9.585 39 54
tpca 0.999 0.1 1 500 55.27 9.585 39 54
mix 0.03 0.1 1 500 9.528 2.204 6 9
mix 0.1 0.1 1 500 9.604 2.306 5 9
mix 0.3 0.1 1 500 10.104 2.598 5 10
mix 1 0.1 1 500 11.022 3.073 5 11
max_pca 1 0.05 0.5 500 979.448 898.632 63.475 271.025
max_pca 2 0.05 0.5 500 502.31 724.45 63 156
max_pca 3 0.05 0.5 500 170.39 290.895 55 119
max_pca 5 0.05 0.5 500 108.234 31.712 56.475 104
max_pca 10 0.05 0.5 500 82.118 21.441 45.475 80
max_pca 20 0.05 0.5 500 63.772 16.65 36 62
min_pca 1 0.05 0.5 500 1904.34 408.907 163.85 2000
min_pca 2 0.05 0.5 500 1142.468 919.085 112.475 2000
min_pca 3 0.05 0.5 500 239.662 421.945 87 138
min_pca 5 0.05 0.5 500 106.75 18.805 75 104
min_pca 10 0.05 0.5 500 111.78 15.3 86 111
min_pca 20 0.05 0.5 500 98.624 10.439 79 98
tpca 0.8 0.05 0.5 500 111.78 15.3 86 111
tpca 0.9 0.05 0.5 500 104.294 12.4 81 104
tpca 0.95 0.05 0.5 500 98.61 10.902 78 98
tpca 0.99 0.05 0.5 500 98.624 10.439 79 98
tpca 0.995 0.05 0.5 500 98.624 10.439 79 98
tpca 0.999 0.05 0.5 500 98.624 10.439 79 98
mix 0.03 0.05 0.5 500 59.928 24.98 21.95 55
mix 0.1 0.05 0.5 500 66.544 29.78 20.475 60
mix 0.3 0.05 0.5 500 84.686 96.843 19.95 72
mix 1 0.05 0.5 500 115.508 152.252 19.475 87
max_pca 1 0.05 0.7 500 957.796 894.909 59 248.175
max_pca 2 0.05 0.7 500 395.812 632.032 59 149
max_pca 3 0.05 0.7 500 164.872 291.62 56 115
max_pca 5 0.05 0.7 500 103.204 35.559 52.475 98
max_pca 10 0.05 0.7 500 78.674 20.492 42 75
max_pca 20 0.05 0.7 500 59.944 16.541 34 57
min_pca 1 0.05 0.7 500 1749.684 637.135 93.95 2000
min_pca 2 0.05 0.7 500 843.696 898.915 73.425 179
min_pca 3 0.05 0.7 500 175.106 300.12 70.475 123
min_pca 5 0.05 0.7 500 97.068 20.508 63 94
min_pca 10 0.05 0.7 500 100.46 16.463 72 99
min_pca 20 0.05 0.7 500 88.71 10.533 70 87
tpca 0.8 0.05 0.7 500 100.46 16.463 72 99
tpca 0.9 0.05 0.7 500 93.86 13.118 70 92.025
tpca 0.95 0.05 0.7 500 88.684 11.413 67 87
tpca 0.99 0.05 0.7 500 88.71 10.533 70 87
tpca 0.995 0.05 0.7 500 88.71 10.533 70 87
tpca 0.999 0.05 0.7 500 88.71 10.533 70 87
mix 0.03 0.05 0.7 500 28.682 9.434 13 27
mix 0.1 0.05 0.7 500 31.552 11.183 13 30
mix 0.3 0.05 0.7 500 35.93 14.036 13.475 34
mix 1 0.05 0.7 500 42.802 18.653 14 40
max_pca 1 0.05 1 500 907.228 892.758 53.475 217.025
max_pca 2 0.05 1 500 370.992 612.679 55.475 140
max_pca 3 0.05 1 500 133.042 193.928 50 106
max_pca 5 0.05 1 500 99.618 90.939 47 92
max_pca 10 0.05 1 500 72.014 19.826 38 68
max_pca 20 0.05 1 500 52.048 14.764 30 49
min_pca 1 0.05 1 500 1439.636 861.337 49.95 2000
min_pca 2 0.05 1 500 573.066 803.507 49.475 137
min_pca 3 0.05 1 500 116.608 150.28 48.475 101
min_pca 5 0.05 1 500 82.016 19.905 48.475 80
min_pca 10 0.05 1 500 81.464 16.291 53 79
min_pca 20 0.05 1 500 72.864 9.813 55 72
tpca 0.8 0.05 1 500 81.464 16.291 53 79
tpca 0.9 0.05 1 500 76.402 12.716 53.475 74
tpca 0.95 0.05 1 500 73.044 10.663 53 72
tpca 0.99 0.05 1 500 72.864 9.813 55 72
tpca 0.995 0.05 1 500 72.864 9.813 55 72
tpca 0.999 0.05 1 500 72.864 9.813 55 72
mix 0.03 0.05 1 500 14.822 4.211 7 14
mix 0.1 0.05 1 500 16.092 4.659 7.475 15
mix 0.3 0.05 1 500 18.14 5.671 7 18
mix 1 0.05 1 500 21.174 7.189 7 20
max_pca 1 0.02 0.5 500 1129.544 904.365 75.75 651.05
max_pca 2 0.02 0.5 500 532.418 750.454 65 154.025
max_pca 3 0.02 0.5 500 165.464 267.359 54.475 120.025
max_pca 5 0.02 0.5 500 109.916 36.973 52 104
max_pca 10 0.02 0.5 500 83.228 22.138 45 80
max_pca 20 0.02 0.5 500 67.042 17.265 37.475 65
min_pca 1 0.02 0.5 500 1974.564 213.683 2000 2000
min_pca 2 0.02 0.5 500 1362.604 873.449 132 2000
min_pca 3 0.02 0.5 500 275.184 474.388 95 147
min_pca 5 0.02 0.5 500 112.696 19.729 79.475 110
min_pca 10 0.02 0.5 500 120.562 16.186 90.475 120
min_pca 20 0.02 0.5 500 105.572 10.878 86 105
tpca 0.8 0.02 0.5 500 120.562 16.186 90.475 120
tpca 0.9 0.02 0.5 500 112.444 13.27 87.475 111
tpca 0.95 0.02 0.5 500 105.408 11.44 85 104
tpca 0.99 0.02 0.5 500 105.572 10.878 86 105
tpca 0.995 0.02 0.5 500 105.572 10.878 86 105
tpca 0.999 0.02 0.5 500 105.572 10.878 86 105
mix 0.03 0.02 0.5 500 473.656 680.168 44 142.025
mix 0.1 0.02 0.5 500 647.726 741.733 48.475 186.05
mix 0.3 0.02 0.5 500 768.598 741.921 43.425 315.075
mix 1 0.02 0.5 500 837.84 731.588 36.95 531.025
max_pca 1 0.02 0.7 500 980.582 897.745 72 256.075
max_pca 2 0.02 0.7 500 488.008 721.502 62 151
max_pca 3 0.02 0.7 500 173.534 313.632 53.475 115
max_pca 5 0.02 0.7 500 109.72 89.866 53 103
max_pca 10 0.02 0.7 500 82.708 21.212 44 81
max_pca 20 0.02 0.7 500 65.744 16.499 34 65
min_pca 1 0.02 0.7 500 1915.282 386.282 175.475 2000
min_pca 2 0.02 0.7 500 1126.006 918.134 109.95 250.85
min_pca 3 0.02 0.7 500 204.112 338.411 88 141
min_pca 5 0.02 0.7 500 108.248 19.495 73 106
min_pca 10 0.02 0.7 500 115.148 16.456 85 114
min_pca 20 0.02 0.7 500 101.524 11.098 81 100
tpca 0.8 0.02 0.7 500 115.148 16.456 85 114
tpca 0.9 0.02 0.7 500 108.322 13.571 84.475 106
tpca 0.95 0.02 0.7 500 101.474 11.909 79.475 100
tpca 0.99 0.02 0.7 500 101.524 11.098 81 100
tpca 0.995 0.02 0.7 500 101.524 11.098 81 100
tpca 0.999 0.02 0.7 500 101.524 11.098 81 100
mix 0.03 0.02 0.7 500 67.006 29.786 21.95 62
mix 0.1 0.02 0.7 500 90.07 76.721 22.475 78
mix 0.3 0.02 0.7 500 178.294 323.942 23.95 99
mix 1 0.02 0.7 500 327.718 509.353 28 137
max_pca 1 0.02 1 500 981.814 898.771 74 251.025
max_pca 2 0.02 1 500 495.08 722.619 63 156
max_pca 3 0.02 1 500 157.046 253.926 52.475 119
max_pca 5 0.02 1 500 123.994 172.676 52.475 104
max_pca 10 0.02 1 500 81.622 20.981 45.475 79
max_pca 20 0.02 1 500 61.418 15.005 34 60
min_pca 1 0.02 1 500 1791.962 586.491 113.95 2000
min_pca 2 0.02 1 500 953.776 917.385 94.475 190
min_pca 3 0.02 1 500 211.244 385.276 79 127
min_pca 5 0.02 1 500 100.818 20.443 68 97
min_pca 10 0.02 1 500 104.288 15.976 75.475 101
min_pca 20 0.02 1 500 92.718 10.504 73 92
tpca 0.8 0.02 1 500 104.288 15.976 75.475 101
tpca 0.9 0.02 1 500 97.98 12.944 76 96
tpca 0.95 0.02 1 500 92.632 11.231 71.475 92
tpca 0.99 0.02 1 500 92.718 10.504 73 92
tpca 0.995 0.02 1 500 92.718 10.504 73 92
tpca 0.999 0.02 1 500 92.718 10.504 73 92
mix 0.03 0.02 1 500 28.658 10.44 12 27
mix 0.1 0.02 1 500 35.424 13.431 13 33
mix 0.3 0.02 1 500 45.824 18.661 16 42
mix 1 0.02 1 500 59.322 27.7 17 53
