method method_param p change_param n_sim edd sd_edd edd_lower edd_upper
mix 0.03 0.98 0.5 500 8.188 1.704 5 8
mix 0.1 0.98 0.5 500 6.994 1.421 5 7
mix 0.3 0.98 0.5 500 6.272 1.269 4 6
mix 1 0.98 0.5 500 5.96 1.18 4 6
max_pca 1 0.98 0.5 500 1975.182 186.602 2000 2000
max_pca 2 0.98 0.5 500 1977.764 182.396 2000 2000
max_pca 3 0.98 0.5 500 1971.814 221.901 2000 2000
max_pca 5 0.98 0.5 500 1014.77 912.351 91 216.1
max_pca 10 0.98 0.5 500 68.978 16.348 40 67
max_pca 20 0.98 0.5 500 35.02 7.208 22.475 34
min_pca 1 0.98 0.5 500 2.004 0.063 2 2
min_pca 2 0.98 0.5 500 2 0 2 2
min_pca 3 0.98 0.5 500 2 0 2 2
min_pca 5 0.98 0.5 500 2 0 2 2
min_pca 10 0.98 0.5 500 2.198 0.399 2 2
min_pca 20 0.98 0.5 500 3.672 0.53 3 4
tpca 0.8 0.98 0.5 500 2 0 2 2
tpca 0.9 0.98 0.5 500 2 0 2 2
tpca 0.95 0.98 0.5 500 2 0 2 2
tpca 0.99 0.98 0.5 500 2 0 2 2
tpca 0.995 0.98 0.5 500 2 0 2 2
tpca 0.999 0.98 0.5 500 2.204 0.403 2 2
mix 0.03 0.98 0.7 500 5.126 0.855 4 5
mix 0.1 0.98 0.7 500 4.462 0.741 3 4
mix 0.3 0.98 0.7 500 4.07 0.686 3 4
mix 1 0.98 0.7 500 3.842 0.668 3 4
max_pca 1 0.98 0.7 500 1918.612 368.168 200.7 2000
max_pca 2 0.98 0.7 500 1911.566 387.489 188.475 2000
max_pca 3 0.98 0.7 500 1881.59 446.39 176 2000
max_pca 5 0.98 0.7 500 139.372 209.173 57.475 110
max_pca 10 0.98 0.7 500 40.364 9.395 25 39
max_pca 20 0.98 0.7 500 20.902 3.979 14 20
min_pca 1 0.98 0.7 500 2 0 2 2
min_pca 2 0.98 0.7 500 2 0 2 2
min_pca 3 0.98 0.7 500 2 0 2 2
min_pca 5 0.98 0.7 500 2 0 2 2
min_pca 10 0.98 0.7 500 2.002 0.045 2 2
min_pca 20 0.98 0.7 500 3.008 0.089 3 3
tpca 0.8 0.98 0.7 500 2 0 2 2
tpca 0.9 0.98 0.7 500 2 0 2 2
tpca 0.95 0.98 0.7 500 2 0 2 2
tpca 0.99 0.98 0.7 500 2 0 2 2
tpca 0.995 0.98 0.7 500 2 0 2 2
tpca 0.999 0.98 0.7 500 2.002 0.045 2 2
mix 0.03 0.98 1 500 3.33 0.496 3 3
mix 0.1 0.98 1 500 2.976 0.34 2 3
mix 0.3 0.98 1 500 2.846 0.383 2 3
mix 1 0.98 1 500 2.692 0.462 2 3
max_pca 1 0.98 1 500 1481.6 815.384 86.425 2000
max_pca 2 0.98 1 500 1238.416 898.002 73.9 2000
max_pca 3 0.98 1 500 1202.466 905.822 85 2000
max_pca 5 0.98 1 500 60.068 20.561 30 56
max_pca 10 0.98 1 500 22.256 4.823 13 21
max_pca 20 0.98 1 500 11.948 2.122 8 12
min_pca 1 0.98 1 500 2 0 2 2
min_pca 2 0.98 1 500 2 0 2 2
min_pca 3 0.98 1 500 2 0 2 2
min_pca 5 0.98 1 500 2 0 2 2
min_pca 10 0.98 1 500 2 0 2 2
min_pca 20 0.98 1 500 2.092 0.289 2 2
tpca 0.8 0.98 1 500 2 0 2 2
tpca 0.9 0.98 1 500 2 0 2 2
tpca 0.95 0.98 1 500 2 0 2 2
tpca 0.99 0.98 1 500 2 0 2 2
tpca 0.995 0.98 1 500 2 0 2 2
tpca 0.999 0.98 1 500 2 0 2 2
mix 0.03 0.98 1.3 500 2.798 0.402 2 3
mix 0.1 0.98 1.3 500 2.284 0.451 2 2
mix 0.3 0.98 1.3 500 2.076 0.265 2 2
mix 1 0.98 1.3 500 2.014 0.118 2 2
max_pca 1 0.98 1.3 500 540.946 765.308 46 145.025
max_pca 2 0.98 1.3 500 359.55 616.438 50 124
max_pca 3 0.98 1.3 500 322.612 570.988 50 127
max_pca 5 0.98 1.3 500 37.324 10.921 20 36
max_pca 10 0.98 1.3 500 14.176 2.68 9 14
max_pca 20 0.98 1.3 500 8.092 1.242 6 8
min_pca 1 0.98 1.3 500 2.002 0.045 2 2
min_pca 2 0.98 1.3 500 2 0 2 2
min_pca 3 0.98 1.3 500 2 0 2 2
min_pca 5 0.98 1.3 500 2 0 2 2
min_pca 10 0.98 1.3 500 2 0 2 2
min_pca 20 0.98 1.3 500 2.004 0.063 2 2
tpca 0.8 0.98 1.3 500 2 0 2 2
tpca 0.9 0.98 1.3 500 2 0 2 2
tpca 0.95 0.98 1.3 500 2 0 2 2
tpca 0.99 0.98 1.3 500 2 0 2 2
tpca 0.995 0.98 1.3 500 2 0 2 2
tpca 0.999 0.98 1.3 500 2 0 2 2
mix 0.03 0.95 0.5 500 8.434 1.755 5 8
mix 0.1 0.95 0.5 500 7.234 1.51 5 7
mix 0.3 0.95 0.5 500 6.59 1.36 4 6
mix 1 0.95 0.5 500 6.198 1.267 4 6
max_pca 1 0.95 0.5 500 1980.72 179.761 2000 2000
max_pca 2 0.95 0.5 500 1969.018 223.413 2000 2000
max_pca 3 0.95 0.5 500 1966.31 239.95 2000 2000
max_pca 5 0.95 0.5 500 985.352 912.269 98 206.025
max_pca 10 0.95 0.5 500 70.63 18.867 39.475 67
max_pca 20 0.95 0.5 500 34.992 7.2 22 34
min_pca 1 0.95 0.5 500 2.248 2.537 2 2
min_pca 2 0.95 0.5 500 2 0 2 2
min_pca 3 0.95 0.5 500 2 0 2 2
min_pca 5 0.95 0.5 500 2.014 0.118 2 2
min_pca 10 0.95 0.5 500 2.374 0.532 2 2
min_pca 20 0.95 0.5 500 3.804 0.792 3 4
tpca 0.8 0.95 0.5 500 2 0 2 2
tpca 0.9 0.95 0.5 500 2 0 2 2
tpca 0.95 0.95 0.5 500 2 0 2 2
tpca 0.99 0.95 0.5 500 2.014 0.118 2 2
tpca 0.995 0.95 0.5 500 2.052 0.222 2 2
tpca 0.999 0.95 0.5 500 2.38 0.537 2 2
mix 0.03 0.95 0.7 500 5.136 0.864 4 5
mix 0.1 0.95 0.7 500 4.434 0.742 3 4
mix 0.3 0.95 0.7 500 4.062 0.675 3 4
mix 1 0.95 0.7 500 3.836 0.65 3 4
max_pca 1 0.95 0.7 500 1899.936 403.089 171.95 2000
max_pca 2 0.95 0.7 500 1847.8 496.244 144.425 2000
max_pca 3 0.95 0.7 500 1819.89 542.184 140.375 2000
max_pca 5 0.95 0.7 500 238.492 456.222 50 115.025
max_pca 10 0.95 0.7 500 41.466 10.015 24 40
max_pca 20 0.95 0.7 500 21.576 4.058 14 21
min_pca 1 0.95 0.7 500 6.272 89.435 2 2
min_pca 2 0.95 0.7 500 2 0 2 2
min_pca 3 0.95 0.7 500 2 0 2 2
min_pca 5 0.95 0.7 500 2 0 2 2
min_pca 10 0.95 0.7 500 2.066 0.256 2 2
min_pca 20 0.95 0.7 500 3.068 0.405 2 3
tpca 0.8 0.95 0.7 500 2 0 2 2
tpca 0.9 0.95 0.7 500 2 0 2 2
tpca 0.95 0.95 0.7 500 2 0 2 2
tpca 0.99 0.95 0.7 500 2 0 2 2
tpca 0.995 0.95 0.7 500 2.006 0.077 2 2
tpca 0.999 0.95 0.7 500 2.064 0.253 2 2
mix 0.03 0.95 1 500 3.404 0.515 3 3
mix 0.1 0.95 1 500 3.05 0.352 2 3
mix 0.3 0.95 1 500 2.872 0.385 2 3
mix 1 0.95 1 500 2.694 0.47 2 3
max_pca 1 0.95 1 500 1376.658 864.111 82.475 2000
max_pca 2 0.95 1 500 1214.258 907.532 81 2000
max_pca 3 0.95 1 500 1079.402 919.499 77.95 335.4
max_pca 5 0.95 1 500 65.39 28.539 31 58.025
max_pca 10 0.95 1 500 22.83 5.055 15 22
max_pca 20 0.95 1 500 12.422 2.294 8 12
min_pca 1 0.95 1 500 6.836 89.961 2 2
min_pca 2 0.95 1 500 2 0 2 2
min_pca 3 0.95 1 500 2 0 2 2
min_pca 5 0.95 1 500 2 0 2 2
min_pca 10 0.95 1 500 2.004 0.063 2 2
min_pca 20 0.95 1 500 2.234 0.433 2 2
tpca 0.8 0.95 1 500 2 0 2 2
tpca 0.9 0.95 1 500 2 0 2 2
tpca 0.95 0.95 1 500 2 0 2 2
tpca 0.99 0.95 1 500 2 0 2 2
tpca 0.995 0.95 1 500 2 0 2 2
tpca 0.999 0.95 1 500 2.006 0.077 2 2
mix 0.03 0.95 1.3 500 2.8 0.4 2 3
mix 0.1 0.95 1.3 500 2.378 0.485 2 2
mix 0.3 0.95 1.3 500 2.094 0.292 2 2
mix 1 0.95 1.3 500 2.024 0.153 2 2
max_pca 1 0.95 1.3 500 802.036 894.291 42.475 163.025
max_pca 2 0.95 1.3 500 509.158 757.93 45.475 132
max_pca 3 0.95 1.3 500 436.052 700.981 48 122.05
max_pca 5 0.95 1.3 500 38.306 13.037 20 35
max_pca 10 0.95 1.3 500 14.91 3.176 10 15
max_pca 20 0.95 1.3 500 8.232 1.338 6 8
min_pca 1 0.95 1.3 500 2.05 0.746 2 2
min_pca 2 0.95 1.3 500 2 0 2 2
min_pca 3 0.95 1.3 500 2 0 2 2
min_pca 5 0.95 1.3 500 2 0 2 2
min_pca 10 0.95 1.3 500 2 0 2 2
min_pca 20 0.95 1.3 500 2.034 0.181 2 2
tpca 0.8 0.95 1.3 500 2 0 2 2
tpca 0.9 0.95 1.3 500 2 0 2 2
tpca 0.95 0.95 1.3 500 2 0 2 2
tpca 0.99 0.95 1.3 500 2 0 2 2
tpca 0.995 0.95 1.3 500 2 0 2 2
tpca 0.999 0.95 1.3 500 2 0 2 2
mix 0.03 0.9 0.5 500 8.566 1.75 5 8
mix 0.1 0.9 0.5 500 7.296 1.509 5 7
mix 0.3 0.9 0.5 500 6.642 1.389 4 7
mix 1 0.9 0.5 500 6.34 1.349 4 6
max_pca 1 0.9 0.5 500 1979.674 180.142 2000 2000
max_pca 2 0.9 0.5 500 1971.416 226.023 2000 2000
max_pca 3 0.9 0.5 500 1959.806 268.32 2000 2000
max_pca 5 0.9 0.5 500 1073.284 914.015 88.475 286.1
max_pca 10 0.9 0.5 500 73.542 19.473 42.475 69
max_pca 20 0.9 0.5 500 36.62 7.898 23 35
min_pca 1 0.9 0.5 500 22.82 199.003 2 2
min_pca 2 0.9 0.5 500 2.002 0.045 2 2
min_pca 3 0.9 0.5 500 2.014 0.118 2 2
min_pca 5 0.9 0.5 500 2.05 0.227 2 2
min_pca 10 0.9 0.5 500 2.53 0.689 2 2
min_pca 20 0.9 0.5 500 4.078 1.183 3 4
tpca 0.8 0.9 0.5 500 2.002 0.045 2 2
tpca 0.9 0.9 0.5 500 2.014 0.118 2 2
tpca 0.95 0.9 0.5 500 2.026 0.159 2 2
tpca 0.99 0.9 0.5 500 2.05 0.227 2 2
tpca 0.995 0.9 0.5 500 2.122 0.362 2 2
tpca 0.999 0.9 0.5 500 2.53 0.686 2 2
mix 0.03 0.9 0.7 500 5.33 0.946 4 5
mix 0.1 0.9 0.7 500 4.672 0.833 3 5
mix 0.3 0.9 0.7 500 4.268 0.741 3 4
mix 1 0.9 0.7 500 4.072 0.701 3 4
max_pca 1 0.9 0.7 500 1872.154 459.098 162 2000
max_pca 2 0.9 0.7 500 1799.878 567.529 145.425 2000
max_pca 3 0.9 0.7 500 1718.57 656.554 127.375 2000
max_pca 5 0.9 0.7 500 274.528 511.605 55.475 121
max_pca 10 0.9 0.7 500 44.878 11.839 25 43
max_pca 20 0.9 0.7 500 22.914 4.889 15 22
min_pca 1 0.9 0.7 500 3.296 12.09 2 2
min_pca 2 0.9 0.7 500 2 0 2 2
min_pca 3 0.9 0.7 500 2 0 2 2
min_pca 5 0.9 0.7 500 2.01 0.1 2 2
min_pca 10 0.9 0.7 500 2.134 0.375 2 2
min_pca 20 0.9 0.7 500 3.154 0.579 2 3
tpca 0.8 0.9 0.7 500 2 0 2 2
tpca 0.9 0.9 0.7 500 2 0 2 2
tpca 0.95 0.9 0.7 500 2.006 0.077 2 2
tpca 0.99 0.9 0.7 500 2.01 0.1 2 2
tpca 0.995 0.9 0.7 500 2.024 0.153 2 2
tpca 0.999 0.9 0.7 500 2.132 0.373 2 2
mix 0.03 0.9 1 500 3.516 0.531 3 3
mix 0.1 0.9 1 500 3.134 0.39 3 3
mix 0.3 0.9 1 500 2.914 0.378 2 3
mix 1 0.9 1 500 2.79 0.422 2 3
max_pca 1 0.9 1 500 1371.91 869.015 68.9 2000
max_pca 2 0.9 1 500 1132.92 924.257 61.95 2000
max_pca 3 0.9 1 500 1051.322 928.279 66 236.325
max_pca 5 0.9 1 500 85.224 175.138 28 60.025
max_pca 10 0.9 1 500 24.452 7.082 13 23
max_pca 20 0.9 1 500 13.078 2.59 9 13
min_pca 1 0.9 1 500 10.656 126.388 2 2
min_pca 2 0.9 1 500 2 0 2 2
min_pca 3 0.9 1 500 2 0 2 2
min_pca 5 0.9 1 500 2 0 2 2
min_pca 10 0.9 1 500 2.018 0.133 2 2
min_pca 20 0.9 1 500 2.364 0.514 2 2
tpca 0.8 0.9 1 500 2 0 2 2
tpca 0.9 0.9 1 500 2 0 2 2
tpca 0.95 0.9 1 500 2 0 2 2
tpca 0.99 0.9 1 500 2 0 2 2
tpca 0.995 0.9 1 500 2 0 2 2
tpca 0.999 0.9 1 500 2.026 0.159 2 2
mix 0.03 0.9 1.3 500 2.836 0.371 2 3
mix 0.1 0.9 1.3 500 2.472 0.5 2 2
mix 0.3 0.9 1.3 500 2.192 0.394 2 2
mix 1 0.9 1.3 500 2.058 0.234 2 2
max_pca 1 0.9 1.3 500 887.206 913.995 35 185.1
max_pca 2 0.9 1.3 500 676.312 862.037 35.475 134.025
max_pca 3 0.9 1.3 500 569.734 810.721 38 122
max_pca 5 0.9 1.3 500 43.364 22.684 17 37
max_pca 10 0.9 1.3 500 15.568 3.934 9 15
max_pca 20 0.9 1.3 500 8.578 1.607 6 8
min_pca 1 0.9 1.3 500 2.164 1.648 2 2
min_pca 2 0.9 1.3 500 2 0 2 2
min_pca 3 0.9 1.3 500 2 0 2 2
min_pca 5 0.9 1.3 500 2 0 2 2
min_pca 10 0.9 1.3 500 2 0 2 2
min_pca 20 0.9 1.3 500 2.086 0.281 2 2
tpca 0.8 0.9 1.3 500 2 0 2 2
tpca 0.9 0.9 1.3 500 2 0 2 2
tpca 0.95 0.9 1.3 500 2 0 2 2
tpca 0.99 0.9 1.3 500 2 0 2 2
tpca 0.995 0.9 1.3 500 2 0 2 2
tpca 0.999 0.9 1.3 500 2 0 2 2
mix 0.03 0.7 0.5 500 10.094 2.12 6 10
mix 0.1 0.7 0.5 500 8.776 1.842 5 9
mix 0.3 0.7 0.5 500 8.062 1.655 5 8
mix 1 0.7 0.5 500 7.676 1.572 5 7
max_pca 1 0.7 0.5 500 1965.744 229.252 1799.95 2000
max_pca 2 0.7 0.5 500 1951.004 291.506 735.85 2000
max_pca 3 0.7 0.5 500 1884.744 441.661 174.325 2000
max_pca 5 0.7 0.5 500 1185.24 913.59 91 2000
max_pca 10 0.7 0.5 500 98.512 124.819 42 83.025
max_pca 20 0.7 0.5 500 44.046 10.6 25.475 42
min_pca 1 0.7 0.5 500 40.998 265.875 2 2
min_pca 2 0.7 0.5 500 2.094 0.581 2 2
min_pca 3 0.7 0.5 500 2.176 0.768 2 2
min_pca 5 0.7 0.5 500 2.324 0.77 2 2
min_pca 10 0.7 0.5 500 3.17 1.42 2 3
min_pca 20 0.7 0.5 500 5.224 2.299 3 4
tpca 0.8 0.7 0.5 500 2.094 0.581 2 2
tpca 0.9 0.7 0.5 500 2.176 0.768 2 2
tpca 0.95 0.7 0.5 500 2.262 0.848 2 2
tpca 0.99 0.7 0.5 500 2.324 0.77 2 2
tpca 0.995 0.7 0.5 500 2.48 0.923 2 2
tpca 0.999 0.7 0.5 500 3.182 1.448 2 3
mix 0.03 0.7 0.7 500 6.078 1.087 4 6
mix 0.1 0.7 0.7 500 5.322 0.951 4 5
mix 0.3 0.7 0.7 500 4.894 0.888 3 5
mix 1 0.7 0.7 500 4.688 0.849 3 5
max_pca 1 0.7 0.7 500 1850.118 495.594 148.375 2000
max_pca 2 0.7 0.7 500 1753.044 623.79 119.9 2000
max_pca 3 0.7 0.7 500 1616.67 745.116 99.475 2000
max_pca 5 0.7 0.7 500 549.392 786.075 54.95 132
max_pca 10 0.7 0.7 500 56.758 20.557 26 53
max_pca 20 0.7 0.7 500 27.856 6.574 17 27
min_pca 1 0.7 0.7 500 18.812 178.143 2 2
min_pca 2 0.7 0.7 500 2.01 0.1 2 2
min_pca 3 0.7 0.7 500 2.016 0.126 2 2
min_pca 5 0.7 0.7 500 2.05 0.218 2 2
min_pca 10 0.7 0.7 500 2.38 0.613 2 2
min_pca 20 0.7 0.7 500 3.606 1.022 2.475 3
tpca 0.8 0.7 0.7 500 2.01 0.1 2 2
tpca 0.9 0.7 0.7 500 2.016 0.126 2 2
tpca 0.95 0.7 0.7 500 2.028 0.177 2 2
tpca 0.99 0.7 0.7 500 2.05 0.218 2 2
tpca 0.995 0.7 0.7 500 2.106 0.327 2 2
tpca 0.999 0.7 0.7 500 2.386 0.634 2 2
mix 0.03 0.7 1 500 3.832 0.548 3 4
mix 0.1 0.7 1 500 3.418 0.51 3 3
mix 0.3 0.7 1 500 3.17 0.449 2 3
mix 1 0.7 1 500 3.036 0.418 2 3
max_pca 1 0.7 1 500 1508.442 813.112 66.9 2000
max_pca 2 0.7 1 500 1260.368 905.073 58.475 2000
max_pca 3 0.7 1 500 1060.518 931.274 50.425 243.125
max_pca 5 0.7 1 500 187.646 435.71 29 73
max_pca 10 0.7 1 500 32.312 12.645 17 29
max_pca 20 0.7 1 500 16.47 4.249 10 16
min_pca 1 0.7 1 500 3.112 7.823 2 2
min_pca 2 0.7 1 500 2.012 0.19 2 2
min_pca 3 0.7 1 500 2.008 0.126 2 2
min_pca 5 0.7 1 500 2.012 0.126 2 2
min_pca 10 0.7 1 500 2.094 0.343 2 2
min_pca 20 0.7 1 500 2.71 0.703 2 3
tpca 0.8 0.7 1 500 2.012 0.19 2 2
tpca 0.9 0.7 1 500 2.008 0.126 2 2
tpca 0.95 0.7 1 500 2.01 0.134 2 2
tpca 0.99 0.7 1 500 2.012 0.126 2 2
tpca 0.995 0.7 1 500 2.02 0.178 2 2
tpca 0.999 0.7 1 500 2.11 0.366 2 2
mix 0.03 0.7 1.3 500 2.98 0.289 2 3
mix 0.1 0.7 1.3 500 2.76 0.432 2 3
mix 0.3 0.7 1.3 500 2.534 0.499 2 3
mix 1 0.7 1.3 500 2.366 0.482 2 2
max_pca 1 0.7 1.3 500 1151.83 932.609 31.9 2000
max_pca 2 0.7 1.3 500 752.722 892.788 32 143.05
max_pca 3 0.7 1.3 500 565.872 819.221 31.475 105
max_pca 5 0.7 1.3 500 80.236 231.396 15.475 44
max_pca 10 0.7 1.3 500 20.188 7.354 10 18
max_pca 20 0.7 1.3 500 10.684 2.736 6 10
min_pca 1 0.7 1.3 500 18.694 178.194 2 2
min_pca 2 0.7 1.3 500 2.002 0.045 2 2
min_pca 3 0.7 1.3 500 2.002 0.045 2 2
min_pca 5 0.7 1.3 500 2.004 0.063 2 2
min_pca 10 0.7 1.3 500 2.018 0.147 2 2
min_pca 20 0.7 1.3 500 2.278 0.479 2 2
tpca 0.8 0.7 1.3 500 2.002 0.045 2 2
tpca 0.9 0.7 1.3 500 2.002 0.045 2 2
tpca 0.95 0.7 1.3 500 2.002 0.045 2 2
tpca 0.99 0.7 1.3 500 2.004 0.063 2 2
tpca 0.995 0.7 1.3 500 2.008 0.109 2 2
tpca 0.999 0.7 1.3 500 2.024 0.177 2 2
mix 0.03 0.5 0.5 500 12.662 2.841 7 12
mix 0.1 0.5 0.5 500 11.206 2.558 6.475 11
mix 0.3 0.5 0.5 500 10.526 2.518 6 10
mix 1 0.5 0.5 500 10.298 2.499 6 10
max_pca 1 0.5 0.5 500 1956.712 269.326 1578.95 2000
max_pca 2 0.5 0.5 500 1959.556 263.231 2000 2000
max_pca 3 0.5 0.5 500 1895.39 423.186 158 2000
max_pca 5 0.5 0.5 500 1458.432 836.885 100.85 2000
max_pca 10 0.5 0.5 500 178.226 335.46 57 111
max_pca 20 0.5 0.5 500 55.75 14.021 33 53
min_pca 1 0.5 0.5 500 33.24 234.985 2 2
min_pca 2 0.5 0.5 500 2.382 1.371 2 2
min_pca 3 0.5 0.5 500 2.544 1.696 2 2
min_pca 5 0.5 0.5 500 2.754 1.608 2 2
min_pca 10 0.5 0.5 500 4.044 2.384 2 3
min_pca 20 0.5 0.5 500 6.906 3.87 3 5
tpca 0.8 0.5 0.5 500 2.382 1.371 2 2
tpca 0.9 0.5 0.5 500 2.544 1.696 2 2
tpca 0.95 0.5 0.5 500 2.626 1.525 2 2
tpca 0.99 0.5 0.5 500 2.754 1.608 2 2
tpca 0.995 0.5 0.5 500 3.05 1.805 2 2
tpca 0.999 0.5 0.5 500 4.118 2.573 2 3
mix 0.03 0.5 0.7 500 7.298 1.459 4 7
mix 0.1 0.5 0.7 500 6.502 1.253 4 6
mix 0.3 0.5 0.7 500 6.118 1.218 4 6
mix 1 0.5 0.7 500 5.95 1.193 4 6
max_pca 1 0.5 0.7 500 1907.324 397.123 166.95 2000
max_pca 2 0.5 0.7 500 1795.936 575.961 119 2000
max_pca 3 0.5 0.7 500 1642.248 726.461 95.95 2000
max_pca 5 0.5 0.7 500 819.928 899.004 57.475 166
max_pca 10 0.5 0.7 500 83.006 125.133 33 67
max_pca 20 0.5 0.7 500 36.378 10.003 20 34.025
min_pca 1 0.5 0.7 500 49.15 293.345 2 2
min_pca 2 0.5 0.7 500 2.324 2.483 2 2
min_pca 3 0.5 0.7 500 2.286 2.026 2 2
min_pca 5 0.5 0.7 500 2.286 1.15 2 2
min_pca 10 0.5 0.7 500 2.848 1.459 2 2
min_pca 20 0.5 0.7 500 4.438 2.137 3 4
tpca 0.8 0.5 0.7 500 2.324 2.483 2 2
tpca 0.9 0.5 0.7 500 2.286 2.026 2 2
tpca 0.95 0.5 0.7 500 2.266 1.323 2 2
tpca 0.99 0.5 0.7 500 2.286 1.15 2 2
tpca 0.995 0.5 0.7 500 2.416 1.281 2 2
tpca 0.999 0.5 0.7 500 2.882 1.536 2 2
mix 0.03 0.5 1 500 4.49 0.644 3 4
mix 0.1 0.5 1 500 4.018 0.585 3 4
mix 0.3 0.5 1 500 3.786 0.587 3 4
mix 1 0.5 1 500 3.69 0.609 3 4
max_pca 1 0.5 1 500 1657.85 714.957 78.475 2000
max_pca 2 0.5 1 500 1372.786 880.865 60.475 2000
max_pca 3 0.5 1 500 1033.936 934.946 50.95 230.025
max_pca 5 0.5 1 500 316.158 612.38 32.95 89
max_pca 10 0.5 1 500 43.892 18.738 19 39
max_pca 20 0.5 1 500 21.358 6.124 12 20
min_pca 1 0.5 1 500 19.878 178.293 2 2
min_pca 2 0.5 1 500 2.048 0.412 2 2
min_pca 3 0.5 1 500 2.044 0.241 2 2
min_pca 5 0.5 1 500 2.058 0.266 2 2
min_pca 10 0.5 1 500 2.268 0.563 2 2
min_pca 20 0.5 1 500 3.204 0.961 2 3
tpca 0.8 0.5 1 500 2.048 0.412 2 2
tpca 0.9 0.5 1 500 2.044 0.241 2 2
tpca 0.95 0.5 1 500 2.044 0.241 2 2
tpca 0.99 0.5 1 500 2.058 0.266 2 2
tpca 0.995 0.5 1 500 2.09 0.355 2 2
tpca 0.999 0.5 1 500 2.292 0.623 2 2
mix 0.03 0.5 1.3 500 3.312 0.468 3 3
mix 0.1 0.5 1.3 500 3.076 0.356 2 3
mix 0.3 0.5 1.3 500 2.952 0.343 2 3
mix 1 0.5 1.3 500 2.878 0.389 2 3
max_pca 1 0.5 1.3 500 1277.568 910.358 36.95 2000
max_pca 2 0.5 1.3 500 867.052 927.291 35 158.05
max_pca 3 0.5 1.3 500 625.428 847.435 32 118.025
max_pca 5 0.5 1.3 500 143.498 381.315 20.475 55
max_pca 10 0.5 1.3 500 28.714 14.382 13 25
max_pca 20 0.5 1.3 500 14.468 3.927 8 14
min_pca 1 0.5 1.3 500 7.856 90.171 2 2
min_pca 2 0.5 1.3 500 2.062 0.894 2 2
min_pca 3 0.5 1.3 500 2.026 0.299 2 2
min_pca 5 0.5 1.3 500 2.022 0.214 2 2
min_pca 10 0.5 1.3 500 2.112 0.357 2 2
min_pca 20 0.5 1.3 500 2.57 0.714 2 2
tpca 0.8 0.5 1.3 500 2.062 0.894 2 2
tpca 0.9 0.5 1.3 500 2.026 0.299 2 2
tpca 0.95 0.5 1.3 500 2.02 0.199 2 2
tpca 0.99 0.5 1.3 500 2.022 0.214 2 2
tpca 0.995 0.5 1.3 500 2.038 0.254 2 2
tpca 0.999 0.5 1.3 500 2.122 0.389 2 2
mix 0.03 0.3 0.5 500 17.99 4.458 10 17
mix 0.1 0.3 0.5 500 16.582 4.198 9 16
mix 0.3 0.3 0.5 500 16.128 4.075 9 16
mix 1 0.3 0.5 500 16.41 4.224 9 16
max_pca 1 0.3 0.5 500 1953.494 271.942 938.4 2000
max_pca 2 0.3 0.5 500 1952.134 284.029 635.625 2000
max_pca 3 0.3 0.5 500 1949.136 300.073 246.825 2000
max_pca 5 0.3 0.5 500 1716.376 660.83 128 2000
max_pca 10 0.3 0.5 500 485.92 720.896 76 150
max_pca 20 0.3 0.5 500 73.198 18.58 42 71
min_pca 1 0.3 0.5 500 48.788 293.186 2 2
min_pca 2 0.3 0.5 500 7.026 89.433 2 2
min_pca 3 0.3 0.5 500 3.44 8.151 2 2
min_pca 5 0.3 0.5 500 3.386 3.359 2 2
min_pca 10 0.3 0.5 500 5.238 4.412 2 4
min_pca 20 0.3 0.5 500 9.404 6.513 4 7
tpca 0.8 0.3 0.5 500 7.026 89.433 2 2
tpca 0.9 0.3 0.5 500 3.44 8.151 2 2
tpca 0.95 0.3 0.5 500 3.392 6.159 2 2
tpca 0.99 0.3 0.5 500 3.386 3.359 2 2
tpca 0.995 0.3 0.5 500 3.898 3.929 2 3
tpca 0.999 0.3 0.5 500 5.352 4.669 2 4
mix 0.03 0.3 0.7 500 10.044 2.029 6 10
mix 0.1 0.3 0.7 500 9.278 1.935 6 9
mix 0.3 0.3 0.7 500 9.052 1.952 6 9
mix 1 0.3 0.7 500 9.132 2.001 6 9
max_pca 1 0.3 0.7 500 1942.544 310.345 324.3 2000
max_pca 2 0.3 0.7 500 1824.386 534.742 150.275 2000
max_pca 3 0.3 0.7 500 1709.922 670.781 105.475 2000
max_pca 5 0.3 0.7 500 1167.2 918.68 80 2000
max_pca 10 0.3 0.7 500 170.724 335.475 49 102.025
max_pca 20 0.3 0.7 500 51.526 13.774 30 50
min_pca 1 0.3 0.7 500 20.068 178.392 2 2
min_pca 2 0.3 0.7 500 6.532 89.375 2 2
min_pca 3 0.3 0.7 500 2.43 1.882 2 2
min_pca 5 0.3 0.7 500 2.57 1.648 2 2
min_pca 10 0.3 0.7 500 3.574 2.379 2 3
min_pca 20 0.3 0.7 500 5.994 3.612 3 5
tpca 0.8 0.3 0.7 500 6.532 89.375 2 2
tpca 0.9 0.3 0.7 500 2.43 1.882 2 2
tpca 0.95 0.3 0.7 500 2.478 1.581 2 2
tpca 0.99 0.3 0.7 500 2.57 1.648 2 2
tpca 0.995 0.3 0.7 500 2.798 1.966 2 2
tpca 0.999 0.3 0.7 500 3.644 2.624 2 3
mix 0.03 0.3 1 500 5.722 0.981 4 6
mix 0.1 0.3 1 500 5.322 0.925 4 5
mix 0.3 0.3 1 500 5.194 0.935 4 5
mix 1 0.3 1 500 5.21 0.988 4 5
max_pca 1 0.3 1 500 1801.278 567.535 97.475 2000
max_pca 2 0.3 1 500 1490.852 826.929 64.475 2000
max_pca 3 0.3 1 500 1248.27 911.597 61.95 2000
max_pca 5 0.3 1 500 649.49 848.405 47.475 133
max_pca 10 0.3 1 500 81.308 152.811 30.475 62
max_pca 20 0.3 1 500 32.728 8.728 19.475 30
min_pca 1 0.3 1 500 31.72 235.09 2 2
min_pca 2 0.3 1 500 2.154 0.753 2 2
min_pca 3 0.3 1 500 2.13 0.571 2 2
min_pca 5 0.3 1 500 2.206 0.73 2 2
min_pca 10 0.3 1 500 2.67 1.152 2 2
min_pca 20 0.3 1 500 4.096 1.715 2 3.025
tpca 0.8 0.3 1 500 2.154 0.753 2 2
tpca 0.9 0.3 1 500 2.13 0.571 2 2
tpca 0.95 0.3 1 500 2.17 0.624 2 2
tpca 0.99 0.3 1 500 2.206 0.73 2 2
tpca 0.995 0.3 1 500 2.306 0.904 2 2
tpca 0.999 0.3 1 500 2.734 1.306 2 2
mix 0.03 0.3 1.3 500 4.06 0.624 3 4
mix 0.1 0.3 1.3 500 3.79 0.606 3 4
mix 0.3 0.3 1.3 500 3.704 0.617 3 4
mix 1 0.3 1.3 500 3.716 0.657 3 4
max_pca 1 0.3 1.3 500 1608.61 756.768 48.475 2000
max_pca 2 0.3 1.3 500 1194.722 926.264 46 2000
max_pca 3 0.3 1.3 500 879.218 921.371 47 172.025
max_pca 5 0.3 1.3 500 256.97 530.801 30 88
max_pca 10 0.3 1.3 500 47.324 23.179 20 41
max_pca 20 0.3 1.3 500 22.218 6.057 13 21
min_pca 1 0.3 1.3 500 19.218 178.292 2 2
min_pca 2 0.3 1.3 500 2.192 1.708 2 2
min_pca 3 0.3 1.3 500 2.106 1.229 2 2
min_pca 5 0.3 1.3 500 2.076 0.338 2 2
min_pca 10 0.3 1.3 500 2.326 0.661 2 2
min_pca 20 0.3 1.3 500 3.3 1.128 2 3
tpca 0.8 0.3 1.3 500 2.192 1.708 2 2
tpca 0.9 0.3 1.3 500 2.106 1.229 2 2
tpca 0.95 0.3 1.3 500 2.062 0.344 2 2
tpca 0.99 0.3 1.3 500 2.076 0.338 2 2
tpca 0.995 0.3 1.3 500 2.13 0.458 2 2
tpca 0.999 0.3 1.3 500 2.352 0.714 2 2
mix 0.03 0.1 0.5 500 39.916 11.4 19.475 39
mix 0.1 0.1 0.5 500 41.002 11.834 19 40
mix 0.3 0.1 0.5 500 44.91 13.892 19 43
mix 1 0.1 0.5 500 51.352 17.409 20 49
max_pca 1 0.1 0.5 500 1987.136 135.621 2000 2000
max_pca 2 0.1 0.5 500 1976.836 199.836 2000 2000
max_pca 3 0.1 0.5 500 1988.738 145.188 2000 2000
max_pca 5 0.1 0.5 500 1938.964 325.828 212.925 2000
max_pca 10 0.1 0.5 500 1309.158 883.813 129.425 2000
max_pca 20 0.1 0.5 500 103.706 24.682 60 101
min_pca 1 0.1 0.5 500 79.846 372.045 2 2
min_pca 2 0.1 0.5 500 22.284 178.249 2 3
min_pca 3 0.1 0.5 500 14.644 126.364 2 3
min_pca 5 0.1 0.5 500 7.93 11.327 2 4
min_pca 10 0.1 0.5 500 12.938 13.862 3 8
min_pca 20 0.1 0.5 500 23.048 17.27 6 17
tpca 0.8 0.1 0.5 500 22.284 178.249 2 3
tpca 0.9 0.1 0.5 500 14.644 126.364 2 3
tpca 0.95 0.1 0.5 500 7.16 10.943 2 3.025
tpca 0.99 0.1 0.5 500 7.93 11.327 2 4
tpca 0.995 0.1 0.5 500 9.24 12.519 2 5
tpca 0.999 0.1 0.5 500 13.552 15.668 3 8
mix 0.03 0.1 0.7 500 20.224 5.192 11 20
mix 0.1 0.1 0.7 500 20.8 5.765 11 20
mix 0.3 0.1 0.7 500 22.37 6.51 11 22
mix 1 0.1 0.7 500 25.408 7.939 11 24.025
max_pca 1 0.1 0.7 500 1957.366 263.857 1398.6 2000
max_pca 2 0.1 0.7 500 1967.938 235.403 2000 2000
max_pca 3 0.1 0.7 500 1936.678 327.514 218.375 2000
max_pca 5 0.1 0.7 500 1805.042 561.595 141.9 2000
max_pca 10 0.1 0.7 500 920.86 908.466 93.475 190
max_pca 20 0.1 0.7 500 86.29 22.216 49.475 82
min_pca 1 0.1 0.7 500 61.796 329.707 2 2
min_pca 2 0.1 0.7 500 8.888 89.994 2 2
min_pca 3 0.1 0.7 500 8.344 89.431 2 2
min_pca 5 0.1 0.7 500 5.21 7.541 2 3
min_pca 10 0.1 0.7 500 8.12 8.22 3 5
min_pca 20 0.1 0.7 500 14.684 11.678 4 10
tpca 0.8 0.1 0.7 500 8.888 89.994 2 2
tpca 0.9 0.1 0.7 500 8.344 89.431 2 2
tpca 0.95 0.1 0.7 500 4.874 8.625 2 3
tpca 0.99 0.1 0.7 500 5.21 7.541 2 3
tpca 0.995 0.1 0.7 500 6.002 8.059 2 3
tpca 0.999 0.1 0.7 500 8.372 8.774 3 5
mix 0.03 0.1 1 500 10.598 2.223 6 10
mix 0.1 0.1 1 500 10.862 2.407 6 11
mix 0.3 0.1 1 500 11.642 2.751 7 11
mix 1 0.1 1 500 13.07 3.382 7 13
max_pca 1 0.1 1 500 1897.51 414.838 149 2000
max_pca 2 0.1 1 500 1815.946 549.818 122.475 2000
max_pca 3 0.1 1 500 1769.63 607.629 129.375 2000
max_pca 5 0.1 1 500 1407.6 857.258 94.475 2000
max_pca 10 0.1 1 500 399.53 653.404 67 134.025
max_pca 20 0.1 1 500 65.138 17.439 36 63
min_pca 1 0.1 1 500 33.252 235.115 2 2
min_pca 2 0.1 1 500 3.252 7.896 2 2
min_pca 3 0.1 1 500 2.934 2.784 2 2
min_pca 5 0.1 1 500 3.188 2.636 2 2
min_pca 10 0.1 1 500 4.808 4.017 2 3
min_pca 20 0.1 1 500 8.474 6.164 3 6
tpca 0.8 0.1 1 500 3.252 7.896 2 2
tpca 0.9 0.1 1 500 2.934 2.784 2 2
tpca 0.95 0.1 1 500 3 2.488 2 2
tpca 0.99 0.1 1 500 3.188 2.636 2 2
tpca 0.995 0.1 1 500 3.588 3.047 2 3
tpca 0.999 0.1 1 500 4.952 4.307 2 3
mix 0.03 0.1 1.3 500 6.89 1.3 4 7
mix 0.1 0.1 1.3 500 7 1.373 4.475 7
mix 0.3 0.1 1.3 500 7.488 1.505 5 7
mix 1 0.1 1.3 500 8.324 1.784 5 8
max_pca 1 0.1 1.3 500 1822.512 537.58 117.375 2000
max_pca 2 0.1 1.3 500 1699.284 680.446 98.95 2000
max_pca 3 0.1 1.3 500 1524.93 807.731 84.325 2000
max_pca 5 0.1 1.3 500 932.338 918.236 65 189
max_pca 10 0.1 1.3 500 165.406 347.233 44 91.025
max_pca 20 0.1 1.3 500 47.75 14.541 26 44
min_pca 1 0.1 1.3 500 19.872 178.281 2 2
min_pca 2 0.1 1.3 500 2.872 4.151 2 2
min_pca 3 0.1 1.3 500 2.7 3.464 2 2
min_pca 5 0.1 1.3 500 2.726 2.518 2 2
min_pca 10 0.1 1.3 500 3.632 3.129 2 3
min_pca 20 0.1 1.3 500 6.018 4.675 3 4
tpca 0.8 0.1 1.3 500 2.872 4.151 2 2
tpca 0.9 0.1 1.3 500 2.7 3.464 2 2
tpca 0.95 0.1 1.3 500 2.67 2.632 2 2
tpca 0.99 0.1 1.3 500 2.726 2.518 2 2
tpca 0.995 0.1 1.3 500 2.992 3.149 2 2
tpca 0.999 0.1 1.3 500 3.79 3.71 2 3
mix 0.03 0.05 0.5 500 68.642 23.41 32 63
mix 0.1 0.05 0.5 500 78.188 28.712 32 73
mix 0.3 0.05 0.5 500 100.304 94.059 34 91
mix 1 0.05 0.5 500 181.906 334.536 37 115
max_pca 1 0.05 0.5 500 1972.392 198.698 2000 2000
max_pca 2 0.05 0.5 500 1971.304 215.416 2000 2000
max_pca 3 0.05 0.5 500 1968.704 232.052 2000 2000
max_pca 5 0.05 0.5 500 1960.016 266.95 2000 2000
max_pca 10 0.05 0.5 500 1655.252 712.707 148 2000
max_pca 20 0.05 0.5 500 121.282 88.88 69 113
min_pca 1 0.05 0.5 500 193.288 575.971 2 3
min_pca 2 0.05 0.5 500 125.982 465.792 2 4
min_pca 3 0.05 0.5 500 85.086 371.105 2 5
min_pca 5 0.05 0.5 500 82.768 360.705 2 7
min_pca 10 0.05 0.5 500 84.584 338.337 4 14
min_pca 20 0.05 0.5 500 95.076 325.059 9 30
tpca 0.8 0.05 0.5 500 125.982 465.792 2 4
tpca 0.9 0.05 0.5 500 85.086 371.105 2 5
tpca 0.95 0.05 0.5 500 80.938 360.953 2 6
tpca 0.99 0.05 0.5 500 82.768 360.705 2 7
tpca 0.995 0.05 0.5 500 85.256 360.332 3 9
tpca 0.999 0.05 0.5 500 88.968 348.97 4 14
mix 0.03 0.05 0.7 500 33.376 9.766 16 33
mix 0.1 0.05 0.7 500 37.238 11.751 16 35
mix 0.3 0.05 0.7 500 44.024 14.399 16 42
mix 1 0.05 0.7 500 53.902 19.796 17.475 51
max_pca 1 0.05 0.7 500 1972.082 214.938 2000 2000
max_pca 2 0.05 0.7 500 1957.922 271.135 2000 2000
max_pca 3 0.05 0.7 500 1960.58 263.162 2000 2000
max_pca 5 0.05 0.7 500 1930.682 349.39 217.95 2000
max_pca 10 0.05 0.7 500 1362.512 869.992 117.95 2000
max_pca 20 0.05 0.7 500 106.352 26.322 64 103
min_pca 1 0.05 0.7 500 107.51 435.023 2 2
min_pca 2 0.05 0.7 500 74.456 361.829 2 3
min_pca 3 0.05 0.7 500 51.012 292.784 2 3
min_pca 5 0.05 0.7 500 47.998 279.36 2 4
min_pca 10 0.05 0.7 500 53.158 278.729 3 8
min_pca 20 0.05 0.7 500 63.428 277.492 6 17
tpca 0.8 0.05 0.7 500 74.456 361.829 2 3
tpca 0.9 0.05 0.7 500 51.012 292.784 2 3
tpca 0.95 0.05 0.7 500 51.044 292.74 2 4
tpca 0.99 0.05 0.7 500 47.998 279.36 2 4
tpca 0.995 0.05 0.7 500 49.454 279.217 2 5
tpca 0.999 0.05 0.7 500 53.78 278.739 3 8
mix 0.03 0.05 1 500 16.576 3.914 10 16
mix 0.1 0.05 1 500 18.242 4.523 10 18
mix 0.3 0.05 1 500 21.266 5.747 10 21
mix 1 0.05 1 500 25.344 7.282 12 24
max_pca 1 0.05 1 500 1971.378 208.893 2000 2000
max_pca 2 0.05 1 500 1963.654 254.9 2000 2000
max_pca 3 0.05 1 500 1920.692 370.623 200.95 2000
max_pca 5 0.05 1 500 1795.726 576.193 129.375 2000
max_pca 10 0.05 1 500 782.694 871.576 85.475 188.025
max_pca 20 0.05 1 500 86.502 22.558 49 83
min_pca 1 0.05 1 500 138.616 495.68 2 2
min_pca 2 0.05 1 500 97.082 418.485 2 2
min_pca 3 0.05 1 500 80.594 381.957 2 3
min_pca 5 0.05 1 500 73.67 362.003 2 3
min_pca 10 0.05 1 500 79.78 371.551 2 5
min_pca 20 0.05 1 500 64.088 304.68 4 10
tpca 0.8 0.05 1 500 97.082 418.485 2 2
tpca 0.9 0.05 1 500 80.594 381.957 2 3
tpca 0.95 0.05 1 500 73.34 362.084 2 3
tpca 0.99 0.05 1 500 73.67 362.003 2 3
tpca 0.995 0.05 1 500 67.134 340.687 2 3
tpca 0.999 0.05 1 500 69.264 340.286 2 5
mix 0.03 0.05 1.3 500 10.38 2.294 6 10
mix 0.1 0.05 1.3 500 11.44 2.597 7 11
mix 0.3 0.05 1.3 500 13.004 3.184 7 13
mix 1 0.05 1.3 500 15.448 4.145 8 15
max_pca 1 0.05 1.3 500 1947.338 291.929 606.875 2000
max_pca 2 0.05 1.3 500 1836.972 516.179 157.475 2000
max_pca 3 0.05 1.3 500 1813.49 551.879 132.425 2000
max_pca 5 0.05 1.3 500 1579.966 770.127 99.95 2000
max_pca 10 0.05 1.3 500 508.476 742.844 64 148
max_pca 20 0.05 1.3 500 70.478 18.177 40 67
min_pca 1 0.05 1.3 500 120.134 467.017 2 2
min_pca 2 0.05 1.3 500 68.782 351.823 2 2
min_pca 3 0.05 1.3 500 63.964 340.961 2 2
min_pca 5 0.05 1.3 500 64.022 340.924 2 3
min_pca 10 0.05 1.3 500 62.304 329.445 2 4
min_pca 20 0.05 1.3 500 26.396 155.887 3 8
tpca 0.8 0.05 1.3 500 68.782 351.823 2 2
tpca 0.9 0.05 1.3 500 63.964 340.961 2 2
tpca 0.95 0.05 1.3 500 60.162 329.768 2 2
tpca 0.99 0.05 1.3 500 64.022 340.924 2 3
tpca 0.995 0.05 1.3 500 27.9 199.928 2 3
tpca 0.999 0.05 1.3 500 33.132 218.281 2 4
mix 0.03 0.02 0.5 500 638.918 801.783 59.475 167.025
mix 0.1 0.02 0.5 500 1061.306 879.847 71.95 588.3
mix 0.3 0.02 0.5 500 1327.64 819.707 77.8 2000
mix 1 0.02 0.5 500 1531.874 708.726 90.175 2000
max_pca 1 0.02 0.5 500 1990.99 123.853 2000 2000
max_pca 2 0.02 0.5 500 1974.474 214.703 2000 2000
max_pca 3 0.02 0.5 500 1981.606 183.35 2000 2000
max_pca 5 0.02 0.5 500 1967.298 241.907 2000 2000
max_pca 10 0.02 0.5 500 1770.196 605.969 143.85 2000
max_pca 20 0.02 0.5 500 137.838 150.668 72 122.025
min_pca 1 0.02 0.5 500 640.406 921.244 2 10
min_pca 2 0.02 0.5 500 588.984 898.621 2 13
min_pca 3 0.02 0.5 500 575.068 889.85 2.475 15
min_pca 5 0.02 0.5 500 527.978 860.353 3 20
min_pca 10 0.02 0.5 500 527.42 847.307 6 38.025
min_pca 20 0.02 0.5 500 522.934 827.216 14 65
tpca 0.8 0.02 0.5 500 588.984 898.621 2 13
tpca 0.9 0.02 0.5 500 575.068 889.85 2.475 15
tpca 0.95 0.02 0.5 500 514.766 854.358 3 17
tpca 0.99 0.02 0.5 500 527.978 860.353 3 20
tpca 0.995 0.02 0.5 500 541.83 865.731 4 24
tpca 0.999 0.02 0.5 500 550.186 860.946 6 38
mix 0.03 0.02 0.7 500 75.114 26.345 32.475 71
mix 0.1 0.02 0.7 500 105.81 126.134 41.475 93
mix 0.3 0.02 0.7 500 238.448 414.351 47.475 126
mix 1 0.02 0.7 500 664.796 797.979 52.425 178
max_pca 1 0.02 0.7 500 1973.416 206.774 2000 2000
max_pca 2 0.02 0.7 500 1968.538 232.128 2000 2000
max_pca 3 0.02 0.7 500 1968.468 233.701 2000 2000
max_pca 5 0.02 0.7 500 1964.31 250.188 2000 2000
max_pca 10 0.02 0.7 500 1719.738 657.685 152.8 2000
max_pca 20 0.02 0.7 500 125.46 89.056 72 117
min_pca 1 0.02 0.7 500 600.2 908.876 2 5
min_pca 2 0.02 0.7 500 590.94 905.929 2 6
min_pca 3 0.02 0.7 500 518.684 865.538 2 8
min_pca 5 0.02 0.7 500 514.904 863.036 3 10
min_pca 10 0.02 0.7 500 521.336 859.366 4 21
min_pca 20 0.02 0.7 500 514.214 840.832 9 40
tpca 0.8 0.02 0.7 500 590.94 905.929 2 6
tpca 0.9 0.02 0.7 500 518.684 865.538 2 8
tpca 0.95 0.02 0.7 500 513.81 863.65 2 9
tpca 0.99 0.02 0.7 500 514.904 863.036 3 10
tpca 0.995 0.02 0.7 500 516.814 861.969 3 13
tpca 0.999 0.02 0.7 500 522.166 858.95 4 21
mix 0.03 0.02 1 500 32.856 10.3 17 31
mix 0.1 0.02 1 500 41.778 13.099 20.475 39
mix 0.3 0.02 1 500 54.69 19.059 24 52
mix 1 0.02 1 500 72.17 27.621 26.475 69
max_pca 1 0.02 1 500 1984.964 167.66 2000 2000
max_pca 2 0.02 1 500 1982.272 176.681 2000 2000
max_pca 3 0.02 1 500 1985.796 158.492 2000 2000
max_pca 5 0.02 1 500 1913.258 386.902 186.425 2000
max_pca 10 0.02 1 500 1466.704 831.549 125 2000
max_pca 20 0.02 1 500 113.388 88.703 59.475 106
min_pca 1 0.02 1 500 561.268 893.738 2 3
min_pca 2 0.02 1 500 519.04 869.82 2 4
min_pca 3 0.02 1 500 494.19 856.41 2 5
min_pca 5 0.02 1 500 494.514 856.205 2 6
min_pca 10 0.02 1 500 497.886 854.303 3 11
min_pca 20 0.02 1 500 465.606 820.998 6 22
tpca 0.8 0.02 1 500 519.04 869.82 2 4
tpca 0.9 0.02 1 500 494.19 856.41 2 5
tpca 0.95 0.02 1 500 493.93 856.528 2 5
tpca 0.99 0.02 1 500 494.514 856.205 2 6
tpca 0.995 0.02 1 500 481.12 845.243 2 7
tpca 0.999 0.02 1 500 495.062 851.344 3 11
mix 0.03 0.02 1.3 500 20.118 5.501 11 20
mix 0.1 0.02 1.3 500 24.57 6.999 12.475 24
mix 0.3 0.02 1.3 500 31.29 9.401 14 30
mix 1 0.02 1.3 500 40.698 13.02 16 40
max_pca 1 0.02 1.3 500 1956.866 266.555 1429.325 2000
max_pca 2 0.02 1.3 500 1933.508 333.499 216.75 2000
max_pca 3 0.02 1.3 500 1947.782 299.416 337.55 2000
max_pca 5 0.02 1.3 500 1876.384 458.258 169.425 2000
max_pca 10 0.02 1.3 500 1144.292 913.85 109 2000
max_pca 20 0.02 1.3 500 98.162 24.597 56.475 94
min_pca 1 0.02 1.3 500 596.562 911.062 2 3
min_pca 2 0.02 1.3 500 549.17 887.843 2 3
min_pca 3 0.02 1.3 500 547.936 888.488 2 4
min_pca 5 0.02 1.3 500 548.122 888.367 2 5
min_pca 10 0.02 1.3 500 550.374 886.994 3 8
min_pca 20 0.02 1.3 500 443.486 804.45 5 17
tpca 0.8 0.02 1.3 500 549.17 887.843 2 3
tpca 0.9 0.02 1.3 500 547.936 888.488 2 4
tpca 0.95 0.02 1.3 500 547.794 888.566 2 4
tpca 0.99 0.02 1.3 500 548.122 888.367 2 5
tpca 0.995 0.02 1.3 500 515.994 867.119 2 6
tpca 0.999 0.02 1.3 500 525.368 870.695 3 9
