method method_param p change_param n_sim edd sd_edd edd_lower edd_upper
max_pca 1 0.98 0 500 32.776 10.003 15 31
max_pca 2 0.98 0 500 21.718 5.395 12 21
max_pca 3 0.98 0 500 18.394 4.072 11 18
max_pca 5 0.98 0 500 14.608 2.942 9 14
max_pca 10 0.98 0 500 10.812 2.002 7 11
max_pca 20 0.98 0 500 8.734 1.731 6 9
min_pca 1 0.98 0 500 2.202 0.453 2 2
min_pca 2 0.98 0 500 2.226 0.446 2 2
min_pca 3 0.98 0 500 2.208 0.426 2 2
min_pca 5 0.98 0 500 2.236 0.43 2 2
min_pca 10 0.98 0 500 2.55 0.51 2 3
min_pca 20 0.98 0 500 3.076 0.301 3 3
tpca 0.8 0.98 0 500 2.202 0.453 2 2
tpca 0.9 0.98 0 500 2.202 0.453 2 2
tpca 0.95 0.98 0 500 2.202 0.453 2 2
tpca 0.99 0.98 0 500 2.162 0.38 2 2
tpca 0.995 0.98 0 500 2.182 0.391 2 2
tpca 0.999 0.98 0 500 2.256 0.441 2 2
max_pca 1 0.98 0.5 500 87.272 37.057 32.475 79
max_pca 2 0.98 0.5 500 53.862 18.022 26.475 50
max_pca 3 0.98 0.5 500 44.614 13.815 21 42
max_pca 5 0.98 0.5 500 33.198 8.844 19 32.025
max_pca 10 0.98 0.5 500 24.452 6.089 14 23
max_pca 20 0.98 0.5 500 21.004 5.706 12 20
min_pca 1 0.98 0.5 500 2.44 0.718 2 2
min_pca 2 0.98 0.5 500 2.574 0.697 2 2
min_pca 3 0.98 0.5 500 2.602 0.62 2 3
min_pca 5 0.98 0.5 500 2.736 0.568 2 3
min_pca 10 0.98 0.5 500 3.172 0.464 2 3
min_pca 20 0.98 0.5 500 4.136 0.575 3 4
tpca 0.8 0.98 0.5 500 2.44 0.718 2 2
tpca 0.9 0.98 0.5 500 2.44 0.718 2 2
tpca 0.95 0.98 0.5 500 2.44 0.718 2 2
tpca 0.99 0.98 0.5 500 2.456 0.636 2 2
tpca 0.995 0.98 0.5 500 2.582 0.626 2 2
tpca 0.999 0.98 0.5 500 2.752 0.575 2 3
max_pca 1 0.98 0.75 500 356.312 570.442 46.475 155
max_pca 2 0.98 0.75 500 97.728 38.459 42 90
max_pca 3 0.98 0.75 500 76.628 25.478 34 72
max_pca 5 0.98 0.75 500 55.458 16.552 28 53
max_pca 10 0.98 0.75 500 40.408 10.858 21 38
max_pca 20 0.98 0.75 500 36.55 10.319 18 35
min_pca 1 0.98 0.75 500 2.87 1.039 2 3
min_pca 2 0.98 0.75 500 3.208 0.924 2 3
min_pca 3 0.98 0.75 500 3.328 0.809 2 3
min_pca 5 0.98 0.75 500 3.564 0.726 3 3
min_pca 10 0.98 0.75 500 4.442 0.743 3 4
min_pca 20 0.98 0.75 500 6.252 0.823 5 6
tpca 0.8 0.98 0.75 500 2.87 1.039 2 3
tpca 0.9 0.98 0.75 500 2.87 1.039 2 3
tpca 0.95 0.98 0.75 500 2.87 1.039 2 3
tpca 0.99 0.98 0.75 500 2.994 0.905 2 3
tpca 0.995 0.98 0.75 500 3.264 0.822 2 3
tpca 0.999 0.98 0.75 500 3.588 0.761 2 3
max_pca 1 0.95 0 500 37.1 11.898 17 35
max_pca 2 0.95 0 500 24.082 6.532 12 23
max_pca 3 0.95 0 500 20.354 4.98 12 20
max_pca 5 0.95 0 500 16.024 3.557 9 16
max_pca 10 0.95 0 500 11.864 2.159 8 12
max_pca 20 0.95 0 500 9.582 1.841 6 9
min_pca 1 0.95 0 500 2.236 0.559 2 2
min_pca 2 0.95 0 500 2.274 0.513 2 2
min_pca 3 0.95 0 500 2.256 0.468 2 2
min_pca 5 0.95 0 500 2.272 0.454 2 2
min_pca 10 0.95 0 500 2.618 0.51 2 3
min_pca 20 0.95 0 500 3.138 0.351 3 3
tpca 0.8 0.95 0 500 2.236 0.559 2 2
tpca 0.9 0.95 0 500 2.236 0.559 2 2
tpca 0.95 0.95 0 500 2.236 0.559 2 2
tpca 0.99 0.95 0 500 2.188 0.435 2 2
tpca 0.995 0.95 0 500 2.194 0.406 2 2
tpca 0.999 0.95 0 500 2.262 0.449 2 2
max_pca 1 0.95 0.5 500 96.764 92.175 34 85.025
max_pca 2 0.95 0.5 500 58.8 19.36 25.475 56
max_pca 3 0.95 0.5 500 47.196 14.108 23 45
max_pca 5 0.95 0.5 500 35.268 9.386 20 34
max_pca 10 0.95 0.5 500 26.002 6.241 15 25
max_pca 20 0.95 0.5 500 22.516 5.667 12 22
min_pca 1 0.95 0.5 500 2.498 0.795 2 2
min_pca 2 0.95 0.5 500 2.654 0.732 2 3
min_pca 3 0.95 0.5 500 2.688 0.651 2 3
min_pca 5 0.95 0.5 500 2.838 0.566 2 3
min_pca 10 0.95 0.5 500 3.298 0.519 3 3
min_pca 20 0.95 0.5 500 4.312 0.589 3 4
tpca 0.8 0.95 0.5 500 2.498 0.795 2 2
tpca 0.9 0.95 0.5 500 2.498 0.795 2 2
tpca 0.95 0.95 0.5 500 2.498 0.795 2 2
tpca 0.99 0.95 0.5 500 2.536 0.685 2 2
tpca 0.995 0.95 0.5 500 2.648 0.639 2 3
tpca 0.999 0.95 0.5 500 2.85 0.576 2 3
max_pca 1 0.95 0.75 500 462.708 685.84 45.95 152
max_pca 2 0.95 0.75 500 102.556 48.172 37.95 95
max_pca 3 0.95 0.75 500 79.14 26.406 35 75
max_pca 5 0.95 0.75 500 57.206 16.014 30 55
max_pca 10 0.95 0.75 500 42.59 11.3 24 42
max_pca 20 0.95 0.75 500 39.228 11.37 19.475 38
min_pca 1 0.95 0.75 500 2.904 1.144 2 3
min_pca 2 0.95 0.75 500 3.32 0.925 2 3
min_pca 3 0.95 0.75 500 3.412 0.807 2 3
min_pca 5 0.95 0.75 500 3.716 0.762 3 4
min_pca 10 0.95 0.75 500 4.602 0.798 3 4
min_pca 20 0.95 0.75 500 6.542 0.937 5 6
tpca 0.8 0.95 0.75 500 2.904 1.144 2 3
tpca 0.9 0.95 0.75 500 2.904 1.144 2 3
tpca 0.95 0.95 0.75 500 2.904 1.144 2 3
tpca 0.99 0.95 0.75 500 3.126 0.976 2 3
tpca 0.995 0.95 0.75 500 3.382 0.835 2 3
tpca 0.999 0.95 0.75 500 3.714 0.798 3 4
max_pca 1 0.9 0 500 44.984 16.258 19.475 41
max_pca 2 0.9 0 500 28.614 8.048 15.475 27
max_pca 3 0.9 0 500 23.868 6.124 13 23
max_pca 5 0.9 0 500 18.614 4.273 11 18
max_pca 10 0.9 0 500 13.658 2.862 9 13
max_pca 20 0.9 0 500 11.134 2.481 7 11
min_pca 1 0.9 0 500 2.272 0.596 2 2
min_pca 2 0.9 0 500 2.294 0.518 2 2
min_pca 3 0.9 0 500 2.266 0.46 2 2
min_pca 5 0.9 0 500 2.294 0.465 2 2
min_pca 10 0.9 0 500 2.694 0.499 2 3
min_pca 20 0.9 0 500 3.224 0.432 3 3
tpca 0.8 0.9 0 500 2.272 0.596 2 2
tpca 0.9 0.9 0 500 2.272 0.596 2 2
tpca 0.95 0.9 0 500 2.272 0.596 2 2
tpca 0.99 0.9 0 500 2.214 0.491 2 2
tpca 0.995 0.9 0 500 2.232 0.45 2 2
tpca 0.999 0.9 0 500 2.32 0.484 2 2
max_pca 1 0.9 0.5 500 123.42 196.593 33.95 94
max_pca 2 0.9 0.5 500 63.386 23.266 25 59
max_pca 3 0.9 0.5 500 52.096 16.767 24.475 50
max_pca 5 0.9 0.5 500 38.366 10.909 20 37
max_pca 10 0.9 0.5 500 28.53 7.326 16 27
max_pca 20 0.9 0.5 500 24.97 6.085 15 24
min_pca 1 0.9 0.5 500 2.596 0.937 2 2
min_pca 2 0.9 0.5 500 2.764 0.806 2 3
min_pca 3 0.9 0.5 500 2.854 0.708 2 3
min_pca 5 0.9 0.5 500 2.978 0.575 2 3
min_pca 10 0.9 0.5 500 3.46 0.552 3 3
min_pca 20 0.9 0.5 500 4.614 0.646 4 5
tpca 0.8 0.9 0.5 500 2.596 0.937 2 2
tpca 0.9 0.9 0.5 500 2.596 0.937 2 2
tpca 0.95 0.9 0.5 500 2.596 0.937 2 2
tpca 0.99 0.9 0.5 500 2.574 0.744 2 2
tpca 0.995 0.9 0.5 500 2.772 0.702 2 3
tpca 0.999 0.9 0.5 500 2.994 0.578 2 3
max_pca 1 0.9 0.75 500 500.978 707.413 53.475 160
max_pca 2 0.9 0.75 500 113.148 97.313 41 102
max_pca 3 0.9 0.75 500 85.23 31.39 37.95 80
max_pca 5 0.9 0.75 500 59.492 18.382 29 57
max_pca 10 0.9 0.75 500 44.084 13.093 22 42
max_pca 20 0.9 0.75 500 40.7 12.222 20 39
min_pca 1 0.9 0.75 500 3.094 1.215 2 3
min_pca 2 0.9 0.75 500 3.532 0.967 2 3
min_pca 3 0.9 0.75 500 3.696 0.888 2 4
min_pca 5 0.9 0.75 500 3.928 0.793 3 4
min_pca 10 0.9 0.75 500 4.968 0.839 4 5
min_pca 20 0.9 0.75 500 7.08 0.986 5 7
tpca 0.8 0.9 0.75 500 3.094 1.215 2 3
tpca 0.9 0.9 0.75 500 3.094 1.215 2 3
tpca 0.95 0.9 0.75 500 3.094 1.215 2 3
tpca 0.99 0.9 0.75 500 3.308 1.037 2 3
tpca 0.995 0.9 0.75 500 3.614 0.876 2 3
tpca 0.999 0.9 0.75 500 3.962 0.826 3 4
max_pca 1 0.7 0 500 99.284 152.473 34 80
max_pca 2 0.7 0 500 54.478 19.611 24 51
max_pca 3 0.7 0 500 42.782 12.81 22 40
max_pca 5 0.7 0 500 32 8.485 17 31
max_pca 10 0.7 0 500 23.306 5.616 13 23
max_pca 20 0.7 0 500 20.052 5.019 11 19.025
min_pca 1 0.7 0 500 2.4 0.673 2 2
min_pca 2 0.7 0 500 2.572 0.662 2 2
min_pca 3 0.7 0 500 2.616 0.655 2 3
min_pca 5 0.7 0 500 2.738 0.592 2 3
min_pca 10 0.7 0 500 3.148 0.454 2 3
min_pca 20 0.7 0 500 4.106 0.558 3 4
tpca 0.8 0.7 0 500 2.4 0.673 2 2
tpca 0.9 0.7 0 500 2.4 0.673 2 2
tpca 0.95 0.7 0 500 2.4 0.673 2 2
tpca 0.99 0.7 0 500 2.412 0.619 2 2
tpca 0.995 0.7 0 500 2.546 0.62 2 2
tpca 0.999 0.7 0 500 2.758 0.58 2 3
max_pca 1 0.7 0.5 500 427.318 644.762 55 150
max_pca 2 0.7 0.5 500 104.454 127.016 37.475 89
max_pca 3 0.7 0.5 500 75.856 26.848 33.475 70
max_pca 5 0.7 0.5 500 54.04 17.031 25 51
max_pca 10 0.7 0.5 500 39.814 11.781 19 39
max_pca 20 0.7 0.5 500 36.354 11.138 16.475 35
min_pca 1 0.7 0.5 500 2.938 1.151 2 3
min_pca 2 0.7 0.5 500 3.262 1.077 2 3
min_pca 3 0.7 0.5 500 3.382 0.928 2 3
min_pca 5 0.7 0.5 500 3.6 0.808 2 3
min_pca 10 0.7 0.5 500 4.412 0.766 3 4
min_pca 20 0.7 0.5 500 6.212 0.861 5 6
tpca 0.8 0.7 0.5 500 2.938 1.151 2 3
tpca 0.9 0.7 0.5 500 2.938 1.151 2 3
tpca 0.95 0.7 0.5 500 2.938 1.151 2 3
tpca 0.99 0.7 0.5 500 3.042 0.956 2 3
tpca 0.995 0.7 0.5 500 3.328 0.902 2 3
tpca 0.999 0.7 0.5 500 3.636 0.818 2 3
max_pca 1 0.7 0.75 500 824.172 858.538 55.9 214.025
max_pca 2 0.7 0.75 500 229.764 415.255 44.375 124
max_pca 3 0.7 0.75 500 107.408 95.15 43.475 97
max_pca 5 0.7 0.75 500 70.662 24.421 30.475 66
max_pca 10 0.7 0.75 500 53.314 15.812 27 50
max_pca 20 0.7 0.75 500 51.656 15.681 25 49
min_pca 1 0.7 0.75 500 3.768 1.605 2 3
min_pca 2 0.7 0.75 500 4.476 1.559 2 4
min_pca 3 0.7 0.75 500 4.666 1.317 3 4
min_pca 5 0.7 0.75 500 5.13 1.228 3 5
min_pca 10 0.7 0.75 500 6.794 1.255 5 7
min_pca 20 0.7 0.75 500 10.196 1.478 8 10
tpca 0.8 0.7 0.75 500 3.768 1.605 2 3
tpca 0.9 0.7 0.75 500 3.768 1.605 2 3
tpca 0.95 0.7 0.75 500 3.768 1.605 2 3
tpca 0.99 0.7 0.75 500 4.116 1.477 2 4
tpca 0.995 0.7 0.75 500 4.598 1.396 3 4
tpca 0.999 0.7 0.75 500 5.138 1.239 3 5
max_pca 1 0.5 0 500 408.998 650.718 41 133
max_pca 2 0.5 0 500 94.068 43.778 38 86
max_pca 3 0.5 0 500 72.456 24.918 32 68
max_pca 5 0.5 0 500 53.026 16.768 25 50
max_pca 10 0.5 0 500 38.604 10.903 19 38
max_pca 20 0.5 0 500 34.82 10.413 17 34
min_pca 1 0.5 0 500 2.804 1.035 2 2
min_pca 2 0.5 0 500 3.058 0.932 2 3
min_pca 3 0.5 0 500 3.164 0.799 2 3
min_pca 5 0.5 0 500 3.358 0.703 2 3
min_pca 10 0.5 0 500 4.142 0.784 3 4
min_pca 20 0.5 0 500 5.788 0.901 4 6
tpca 0.8 0.5 0 500 2.804 1.035 2 2
tpca 0.9 0.5 0 500 2.804 1.035 2 2
tpca 0.95 0.5 0 500 2.804 1.035 2 2
tpca 0.99 0.5 0 500 2.92 0.878 2 3
tpca 0.995 0.5 0 500 3.132 0.812 2 3
tpca 0.999 0.5 0 500 3.428 0.742 2 3
max_pca 1 0.5 0.5 500 897.576 888.111 62.475 210.1
max_pca 2 0.5 0.5 500 230.278 422.921 42 123.025
max_pca 3 0.5 0.5 500 114.876 153.449 42 95
max_pca 5 0.5 0.5 500 71.16 24.689 32 67
max_pca 10 0.5 0.5 500 53.744 16.99 26 51
max_pca 20 0.5 0.5 500 53.038 16.969 27 50
min_pca 1 0.5 0.5 500 3.698 1.627 2 3
min_pca 2 0.5 0.5 500 4.386 1.574 2 4
min_pca 3 0.5 0.5 500 4.574 1.42 3 4
min_pca 5 0.5 0.5 500 5.076 1.3 3 5
min_pca 10 0.5 0.5 500 6.664 1.309 4 7
min_pca 20 0.5 0.5 500 9.974 1.555 7 10
tpca 0.8 0.5 0.5 500 3.698 1.627 2 3
tpca 0.9 0.5 0.5 500 3.698 1.627 2 3
tpca 0.95 0.5 0.5 500 3.698 1.627 2 3
tpca 0.99 0.5 0.5 500 3.988 1.444 2 4
tpca 0.995 0.5 0.5 500 4.488 1.421 3 4
tpca 0.999 0.5 0.5 500 5.1 1.32 3 5
max_pca 1 0.5 0.75 500 1135.866 896.152 67.95 956.05
max_pca 2 0.5 0.75 500 394.866 633.027 53 143
max_pca 3 0.5 0.75 500 186.712 341.317 50.475 115
max_pca 5 0.5 0.75 500 86.512 30.038 41.475 81
max_pca 10 0.5 0.75 500 65.242 20.351 32 61
max_pca 20 0.5 0.75 500 65.426 21.569 32 63
min_pca 1 0.5 0.75 500 5.268 2.562 2 5
min_pca 2 0.5 0.75 500 6.822 2.773 3 6
min_pca 3 0.5 0.75 500 7.234 2.515 4 7
min_pca 5 0.5 0.75 500 8.142 2.265 5 8
min_pca 10 0.5 0.75 500 11.236 2.229 7 11
min_pca 20 0.5 0.75 500 17.39 2.517 13 17
tpca 0.8 0.5 0.75 500 5.268 2.562 2 5
tpca 0.9 0.5 0.75 500 5.268 2.562 2 5
tpca 0.95 0.5 0.75 500 5.268 2.562 2 5
tpca 0.99 0.5 0.75 500 5.978 2.314 3 6
tpca 0.995 0.5 0.75 500 7.036 2.366 4 7
tpca 0.999 0.5 0.75 500 8.27 2.345 5 8
max_pca 1 0.3 0 500 1043.234 898.49 61.375 364.025
max_pca 2 0.3 0 500 334.532 558.842 49.475 138
max_pca 3 0.3 0 500 147.592 234.608 47.475 107
max_pca 5 0.3 0 500 82.378 26.87 36.475 78
max_pca 10 0.3 0 500 61.952 18.341 32 59
max_pca 20 0.3 0 500 59.684 18.932 27.475 57
min_pca 1 0.3 0 500 3.84 1.672 2 3
min_pca 2 0.3 0 500 4.724 1.674 3 4
min_pca 3 0.3 0 500 4.982 1.549 3 5
min_pca 5 0.3 0 500 5.582 1.501 3 5
min_pca 10 0.3 0 500 7.384 1.66 4 7
min_pca 20 0.3 0 500 11.358 1.983 8 11
tpca 0.8 0.3 0 500 3.84 1.672 2 3
tpca 0.9 0.3 0 500 3.84 1.672 2 3
tpca 0.95 0.3 0 500 3.84 1.672 2 3
tpca 0.99 0.3 0 500 4.296 1.56 2 4
tpca 0.995 0.3 0 500 4.912 1.57 3 5
tpca 0.999 0.3 0 500 5.582 1.538 3 5
max_pca 1 0.3 0.5 500 1152.906 890.276 77.475 1211.075
max_pca 2 0.3 0.5 500 511.716 723.658 55 161.025
max_pca 3 0.3 0.5 500 222.004 396.909 52.95 128
max_pca 5 0.3 0.5 500 90.738 29.972 40.475 87
max_pca 10 0.3 0.5 500 67.644 20.404 33.475 64
max_pca 20 0.3 0.5 500 67.988 22.193 33 64
min_pca 1 0.3 0.5 500 6.026 3.513 2 5
min_pca 2 0.3 0.5 500 7.892 3.432 3 7
min_pca 3 0.3 0.5 500 8.482 3.038 4 8
min_pca 5 0.3 0.5 500 9.65 2.68 5 9
min_pca 10 0.3 0.5 500 13.58 2.93 9 13
min_pca 20 0.3 0.5 500 20.956 3.582 14 21
tpca 0.8 0.3 0.5 500 6.026 3.513 2 5
tpca 0.9 0.3 0.5 500 6.026 3.513 2 5
tpca 0.95 0.3 0.5 500 6.026 3.513 2 5
tpca 0.99 0.3 0.5 500 6.8 3.026 3 6
tpca 0.995 0.3 0.5 500 8.138 2.87 4 8
tpca 0.999 0.3 0.5 500 9.754 2.849 5.475 9
max_pca 1 0.3 0.75 500 1338.05 854.628 88.425 2000
max_pca 2 0.3 0.75 500 659.03 817.501 61.375 171.025
max_pca 3 0.3 0.75 500 271.012 485.644 50.475 128
max_pca 5 0.3 0.75 500 94.27 36.163 33.475 89
max_pca 10 0.3 0.75 500 71.028 23.381 29 67
max_pca 20 0.3 0.75 500 72.802 25.524 28 69
min_pca 1 0.3 0.75 500 10.656 6.954 3 9
min_pca 2 0.3 0.75 500 15.48 8.272 6 13
min_pca 3 0.3 0.75 500 16.336 6.501 7 15
min_pca 5 0.3 0.75 500 18.36 5.968 9.475 17
min_pca 10 0.3 0.75 500 25.108 5.825 15 24
min_pca 20 0.3 0.75 500 36.496 6.015 26 36
tpca 0.8 0.3 0.75 500 10.656 6.954 3 9
tpca 0.9 0.3 0.75 500 10.656 6.954 3 9
tpca 0.95 0.3 0.75 500 10.656 6.954 3 9
tpca 0.99 0.3 0.75 500 12.144 5.668 5 11
tpca 0.995 0.3 0.75 500 15.402 6.484 7 14
tpca 0.999 0.3 0.75 500 18.452 5.928 9 17
max_pca 1 0.1 0 500 1378.028 835.7 84.175 2000
max_pca 2 0.1 0 500 753.472 851.297 67.475 188.025
max_pca 3 0.1 0 500 370.692 601.305 59 145
max_pca 5 0.1 0 500 105.392 92.345 41.475 96
max_pca 10 0.1 0 500 75.722 23.789 35.475 72.025
max_pca 20 0.1 0 500 78.52 25.583 37 74
min_pca 1 0.1 0 500 19.106 89.711 4 11
min_pca 2 0.1 0 500 21.064 11.855 6.475 18
min_pca 3 0.1 0 500 22.39 10.401 8 20
min_pca 5 0.1 0 500 24.804 8.854 11 23
min_pca 10 0.1 0 500 33.174 8.593 18 31
min_pca 20 0.1 0 500 47.168 9.111 31.475 46
tpca 0.8 0.1 0 500 19.106 89.711 4 11
tpca 0.9 0.1 0 500 19.106 89.711 4 11
tpca 0.95 0.1 0 500 19.106 89.711 4 11
tpca 0.99 0.1 0 500 16.376 9.71 5 14
tpca 0.995 0.1 0 500 20.626 9.12 8 18.025
tpca 0.999 0.1 0 500 24.924 9.01 11 23
max_pca 1 0.1 0.5 500 1321.948 858.568 79 2000
max_pca 2 0.1 0.5 500 805.086 878.237 68.425 184.05
max_pca 3 0.1 0.5 500 381.858 623.721 65.95 135.025
max_pca 5 0.1 0.5 500 109.83 126.48 45.475 95
max_pca 10 0.1 0.5 500 77.478 25.175 39 74
max_pca 20 0.1 0.5 500 81.622 27.806 34 77
min_pca 1 0.1 0.5 500 85.158 314.728 5 23
min_pca 2 0.1 0.5 500 122.94 364.988 12 41
min_pca 3 0.1 0.5 500 65.092 153.846 15.475 44
min_pca 5 0.1 0.5 500 52.332 23.621 21 46
min_pca 10 0.1 0.5 500 60.734 16.694 35 57
min_pca 20 0.1 0.5 500 73.956 14.192 51.475 72
tpca 0.8 0.1 0.5 500 85.158 314.728 5 23
tpca 0.9 0.1 0.5 500 85.158 314.728 5 23
tpca 0.95 0.1 0.5 500 85.158 314.728 5 23
tpca 0.99 0.1 0.5 500 37.894 91.089 8 27
tpca 0.995 0.1 0.5 500 58.466 153.439 13.475 39
tpca 0.999 0.1 0.5 500 52.492 24.223 20.475 46
max_pca 1 0.1 0.75 500 1400.728 831.171 84.475 2000
max_pca 2 0.1 0.75 500 834.028 879.915 60.475 195.025
max_pca 3 0.1 0.75 500 398.482 635.496 55 144
max_pca 5 0.1 0.75 500 117.234 151.824 42 98.025
max_pca 10 0.1 0.75 500 78.628 26.527 34.475 74
max_pca 20 0.1 0.75 500 82.458 28.077 34 78.025
min_pca 1 0.1 0.75 500 496.768 800.25 13 75
min_pca 2 0.1 0.75 500 813.222 922.912 28 136
min_pca 3 0.1 0.75 500 482.756 760.415 36 111
min_pca 5 0.1 0.75 500 137 268.843 40 93
min_pca 10 0.1 0.75 500 94.772 22.638 54.475 93
min_pca 20 0.1 0.75 500 98.946 15.901 70 97
tpca 0.8 0.1 0.75 500 496.768 800.25 13 75
tpca 0.9 0.1 0.75 500 496.768 800.25 13 75
tpca 0.95 0.1 0.75 500 496.768 800.25 13 75
tpca 0.99 0.1 0.75 500 133.754 341.912 17 64
tpca 0.995 0.1 0.75 500 337.86 638.651 28 96
tpca 0.999 0.1 0.75 500 156.992 326.441 41.475 95
max_pca 1 0.05 0 500 1440.128 816.645 73.475 2000
max_pca 2 0.05 0 500 851.616 887.548 59.95 199
max_pca 3 0.05 0 500 392.964 632.369 52.95 144
max_pca 5 0.05 0 500 116.258 151.046 47.475 99
max_pca 10 0.05 0 500 79.55 24.905 40.475 75
max_pca 20 0.05 0 500 82.192 26.963 38.475 78
min_pca 1 0.05 0 500 245.92 592.879 7 36
min_pca 2 0.05 0 500 310.232 637.838 13 65
min_pca 3 0.05 0 500 179.61 445.549 17 63.025
min_pca 5 0.05 0 500 84.102 174.936 23.475 62
min_pca 10 0.05 0 500 75.54 23.987 36.475 72
min_pca 20 0.05 0 500 85.512 18.565 53.475 83
tpca 0.8 0.05 0 500 245.92 592.879 7 36
tpca 0.9 0.05 0 500 245.92 592.879 7 36
tpca 0.95 0.05 0 500 245.92 592.879 7 36
tpca 0.99 0.05 0 500 74.922 231.901 9.475 37
tpca 0.995 0.05 0 500 125.56 343.037 16.475 55
tpca 0.999 0.05 0 500 85.316 175.037 24 63
max_pca 1 0.05 0.5 500 1411.082 828.975 70.475 2000
max_pca 2 0.05 0.5 500 839.066 880.204 56.475 194
max_pca 3 0.05 0.5 500 445.746 679.712 56.475 145
max_pca 5 0.05 0.5 500 111.862 126.324 42 97
max_pca 10 0.05 0.5 500 77.822 25.756 33.475 75
max_pca 20 0.05 0.5 500 81.716 27.89 32.475 77
min_pca 1 0.05 0.5 500 876.038 950.255 17 121.025
min_pca 2 0.05 0.5 500 1174.964 939.884 39 2000
min_pca 3 0.05 0.5 500 862.272 922.837 46.475 157.025
min_pca 5 0.05 0.5 500 334.484 605.032 52.475 118
min_pca 10 0.05 0.5 500 113.82 88.747 63 106
min_pca 20 0.05 0.5 500 108.65 18.05 75 107
tpca 0.8 0.05 0.5 500 876.038 950.255 17 121.025
tpca 0.9 0.05 0.5 500 876.038 950.255 17 121.025
tpca 0.95 0.05 0.5 500 876.038 950.255 17 121.025
tpca 0.99 0.05 0.5 500 258.558 549.92 25 79.025
tpca 0.995 0.05 0.5 500 621.678 844.145 41.475 125
tpca 0.999 0.05 0.5 500 335.164 604.85 50.475 118
max_pca 1 0.05 0.75 500 1429.374 833.757 79.475 2000
max_pca 2 0.05 0.75 500 796.152 873.261 62 189
max_pca 3 0.05 0.75 500 432.192 673.54 53.475 143
max_pca 5 0.05 0.75 500 105.836 93.053 42.95 96
max_pca 10 0.05 0.75 500 76.066 24.419 34.475 73
max_pca 20 0.05 0.75 500 84.6 89.999 35 78
min_pca 1 0.05 0.75 500 1557.64 806.002 34 2000
min_pca 2 0.05 0.75 500 1770.984 615.18 83.425 2000
min_pca 3 0.05 0.75 500 1568.728 785.693 89.475 2000
min_pca 5 0.05 0.75 500 869.468 905.273 84 176.025
min_pca 10 0.05 0.75 500 145.62 146.568 88 134
min_pca 20 0.05 0.75 500 121.86 16.609 92 120
tpca 0.8 0.05 0.75 500 1557.64 806.002 34 2000
tpca 0.9 0.05 0.75 500 1557.64 806.002 34 2000
tpca 0.95 0.05 0.75 500 1557.64 806.002 34 2000
tpca 0.99 0.05 0.75 500 735.248 885.273 42 147.025
tpca 0.995 0.05 0.75 500 1328.822 896.153 71.475 2000
tpca 0.999 0.05 0.75 500 921.512 915.276 83.425 180
max_pca 1 0.02 0 500 1306.066 856.156 84.95 2000
max_pca 2 0.02 0 500 724.01 840.478 61 182
max_pca 3 0.02 0 500 338.722 566.46 54.475 144.025
max_pca 5 0.02 0 500 102.558 37.089 44 97
max_pca 10 0.02 0 500 77.156 25.102 33.475 74
max_pca 20 0.02 0 500 81.514 26.651 36.475 77
min_pca 1 0.02 0 500 1434.726 873.101 23 2000
min_pca 2 0.02 0 500 1686.776 703.048 59.9 2000
min_pca 3 0.02 0 500 1545.036 806.29 66.475 2000
min_pca 5 0.02 0 500 943.584 922.761 67.9 185.05
min_pca 10 0.02 0 500 162.594 236.205 74 132.025
min_pca 20 0.02 0 500 122.348 18.689 88 121
tpca 0.8 0.02 0 500 1434.726 873.101 23 2000
tpca 0.9 0.02 0 500 1434.726 873.101 23 2000
tpca 0.95 0.02 0 500 1434.726 873.101 23 2000
tpca 0.99 0.02 0 500 658.99 854.744 31.425 146
tpca 0.995 0.02 0 500 1386.846 882.868 58 2000
tpca 0.999 0.02 0 500 954.658 924.282 61.9 185
max_pca 1 0.02 0.5 500 1418.64 831.052 84.9 2000
max_pca 2 0.02 0.5 500 786.046 868.911 66 186
max_pca 3 0.02 0.5 500 406.36 651.966 58.95 139
max_pca 5 0.02 0.5 500 109.424 125.53 45.475 95
max_pca 10 0.02 0.5 500 78.064 24.723 36.475 75
max_pca 20 0.02 0.5 500 79.656 27.259 35 76
min_pca 1 0.02 0.5 500 1841.192 525.227 75.7 2000
min_pca 2 0.02 0.5 500 1939.346 334.035 157.95 2000
min_pca 3 0.02 0.5 500 1876.676 464.56 110.375 2000
min_pca 5 0.02 0.5 500 1173.126 915.327 94.95 2000
min_pca 10 0.02 0.5 500 181.718 261.154 95.425 144
min_pca 20 0.02 0.5 500 128.684 16.929 97.475 128
tpca 0.8 0.02 0.5 500 1841.192 525.227 75.7 2000
tpca 0.9 0.02 0.5 500 1841.192 525.227 75.7 2000
tpca 0.95 0.02 0.5 500 1841.192 525.227 75.7 2000
tpca 0.99 0.02 0.5 500 882.668 913.756 57.95 176
tpca 0.995 0.02 0.5 500 1714.356 670.42 91.225 2000
tpca 0.999 0.02 0.5 500 1217.374 909.641 95.425 2000
max_pca 1 0.02 0.75 500 1369.292 835.775 86 2000
max_pca 2 0.02 0.75 500 783.456 857.478 67.425 190
max_pca 3 0.02 0.75 500 358.346 577.859 65.475 149
max_pca 5 0.02 0.75 500 105.75 34.592 50.475 100
max_pca 10 0.02 0.75 500 78.186 23.993 39 75
max_pca 20 0.02 0.75 500 81.496 27.889 34.475 77
min_pca 1 0.02 0.75 500 1932.032 352.184 147.975 2000
min_pca 2 0.02 0.75 500 1992.662 115.909 2000 2000
min_pca 3 0.02 0.75 500 1966.754 245.836 2000 2000
min_pca 5 0.02 0.75 500 1373.9 869.429 126.475 2000
min_pca 10 0.02 0.75 500 174.59 218.825 108 147
min_pca 20 0.02 0.75 500 130.69 15.556 103 128
tpca 0.8 0.02 0.75 500 1932.032 352.184 147.975 2000
tpca 0.9 0.02 0.75 500 1932.032 352.184 147.975 2000
tpca 0.95 0.02 0.75 500 1932.032 352.184 147.975 2000
tpca 0.99 0.02 0.75 500 1000.424 923.899 80.475 191
tpca 0.995 0.02 0.75 500 1852.876 499.494 146.325 2000
tpca 0.999 0.02 0.75 500 1385.234 865.186 134.425 2000
