method method_param p change_param n_sim edd sd_edd edd_lower edd_upper
max_pca 1 0.98 0.5 500 25.288 6.248 13 25
max_pca 2 0.98 0.5 500 16.782 3.578 10 16
max_pca 3 0.98 0.5 500 13.58 2.719 8 13
max_pca 5 0.98 0.5 500 10.738 1.859 7 11
max_pca 10 0.98 0.5 500 7.954 1.297 6 8
max_pca 20 0.98 0.5 500 5.37 0.911 4 5
min_pca 1 0.98 0.5 500 6.636 89.338 2 2
min_pca 2 0.98 0.5 500 3.24 2.523 2 2
min_pca 3 0.98 0.5 500 4.032 3.75 2 3
min_pca 5 0.98 0.5 500 6.322 6.824 2 4
min_pca 10 0.98 0.5 500 24.414 126.414 5 11
min_pca 20 0.98 0.5 500 313.464 653.775 16.475 50.025
tpca 0.8 0.98 0.5 500 6.636 89.338 2 2
tpca 0.9 0.98 0.5 500 6.636 89.338 2 2
tpca 0.95 0.98 0.5 500 6.636 89.338 2 2
tpca 0.99 0.98 0.5 500 6.636 89.338 2 2
tpca 0.995 0.98 0.5 500 6.636 89.338 2 2
tpca 0.999 0.98 0.5 500 6.636 89.338 2 2
mix 0.03 0.98 0.5 500 4.618 0.682 3 5
mix 0.1 0.98 0.5 500 3.804 0.582 3 4
mix 0.3 0.98 0.5 500 3.366 0.566 2 3
mix 1 0.98 0.5 500 3.034 0.519 2 3
max_pca 1 0.98 1.5 500 1927.52 318.359 563.75 2000
max_pca 2 0.98 1.5 500 1840.212 505.24 106.8 2000
max_pca 3 0.98 1.5 500 1883.18 441.189 125.95 2000
max_pca 5 0.98 1.5 500 1536.578 800.617 83.375 2000
max_pca 10 0.98 1.5 500 69.398 26.547 28.475 65
max_pca 20 0.98 1.5 500 22.478 7.277 11 21
min_pca 1 0.98 1.5 500 2.912 4.347 2 2
min_pca 2 0.98 1.5 500 3.07 2.065 2 2
min_pca 3 0.98 1.5 500 3.642 2.287 2 3
min_pca 5 0.98 1.5 500 4.71 2.514 2 4
min_pca 10 0.98 1.5 500 7.06 2.824 4 6
min_pca 20 0.98 1.5 500 9.84 2.588 6 9
tpca 0.8 0.98 1.5 500 2.912 4.347 2 2
tpca 0.9 0.98 1.5 500 2.912 4.347 2 2
tpca 0.95 0.98 1.5 500 2.912 4.347 2 2
tpca 0.99 0.98 1.5 500 2.912 4.347 2 2
tpca 0.995 0.98 1.5 500 2.912 4.347 2 2
tpca 0.999 0.98 1.5 500 2.912 4.347 2 2
mix 0.03 0.98 1.5 500 4.572 1.097 3 4
mix 0.1 0.98 1.5 500 4.148 0.944 3 4
mix 0.3 0.98 1.5 500 3.958 0.884 3 4
mix 1 0.98 1.5 500 3.85 0.875 2 4
max_pca 1 0.98 2 500 200.624 424.404 19 88
max_pca 2 0.98 2 500 37.13 18.8 11 33
max_pca 3 0.98 2 500 28.488 12.194 10 26
max_pca 5 0.98 2 500 19.048 7.14 8 18
max_pca 10 0.98 2 500 10.126 2.979 5 10
max_pca 20 0.98 2 500 5.282 1.362 3 5
min_pca 1 0.98 2 500 2.218 0.678 2 2
min_pca 2 0.98 2 500 2.288 0.703 2 2
min_pca 3 0.98 2 500 2.454 0.847 2 2
min_pca 5 0.98 2 500 2.844 0.968 2 3
min_pca 10 0.98 2 500 3.774 1.085 2 3
min_pca 20 0.98 2 500 4.86 1.075 3 5
tpca 0.8 0.98 2 500 2.218 0.678 2 2
tpca 0.9 0.98 2 500 2.218 0.678 2 2
tpca 0.95 0.98 2 500 2.218 0.678 2 2
tpca 0.99 0.98 2 500 2.218 0.678 2 2
tpca 0.995 0.98 2 500 2.218 0.678 2 2
tpca 0.999 0.98 2 500 2.218 0.678 2 2
mix 0.03 0.98 2 500 2.3 0.463 2 2
mix 0.1 0.98 2 500 2.18 0.385 2 2
mix 0.3 0.98 2 500 2.102 0.303 2 2
mix 1 0.98 2 500 2.086 0.281 2 2
max_pca 1 0.95 0.5 500 26.536 6.937 14 26
max_pca 2 0.95 0.5 500 17.714 3.669 11 17
max_pca 3 0.95 0.5 500 14.392 2.975 9 14
max_pca 5 0.95 0.5 500 11.08 1.979 7 11
max_pca 10 0.95 0.5 500 8.258 1.32 6 8
max_pca 20 0.95 0.5 500 5.594 0.925 4 6
min_pca 1 0.95 0.5 500 2.124 0.396 2 2
min_pca 2 0.95 0.5 500 2.278 0.549 2 2
min_pca 3 0.95 0.5 500 2.5 0.712 2 2
min_pca 5 0.95 0.5 500 3.22 0.943 2 3
min_pca 10 0.95 0.5 500 5.834 2.086 3 5
min_pca 20 0.95 0.5 500 16.072 6.235 8 15
tpca 0.8 0.95 0.5 500 2.124 0.396 2 2
tpca 0.9 0.95 0.5 500 2.124 0.396 2 2
tpca 0.95 0.95 0.5 500 2.124 0.396 2 2
tpca 0.99 0.95 0.5 500 2.124 0.396 2 2
tpca 0.995 0.95 0.5 500 2.124 0.396 2 2
tpca 0.999 0.95 0.5 500 2.124 0.396 2 2
mix 0.03 0.95 0.5 500 4.68 0.689 3 5
mix 0.1 0.95 0.5 500 3.884 0.603 3 4
mix 0.3 0.95 0.5 500 3.41 0.585 2 3
mix 1 0.95 0.5 500 3.106 0.521 2 3
max_pca 1 0.95 1.5 500 1951.786 261.691 1188.05 2000
max_pca 2 0.95 1.5 500 1922.684 357.135 206.275 2000
max_pca 3 0.95 1.5 500 1912.248 383.194 200.8 2000
max_pca 5 0.95 1.5 500 1734.31 648.92 97.8 2000
max_pca 10 0.95 1.5 500 82.548 90.957 33 73
max_pca 20 0.95 1.5 500 23.262 7.513 11 22
min_pca 1 0.95 1.5 500 2.126 0.388 2 2
min_pca 2 0.95 1.5 500 2.27 0.574 2 2
min_pca 3 0.95 1.5 500 2.47 0.7 2 2
min_pca 5 0.95 1.5 500 3.026 0.845 2 3
min_pca 10 0.95 1.5 500 4.526 1.158 3 4
min_pca 20 0.95 1.5 500 6.934 1.457 5 7
tpca 0.8 0.95 1.5 500 2.126 0.388 2 2
tpca 0.9 0.95 1.5 500 2.126 0.388 2 2
tpca 0.95 0.95 1.5 500 2.126 0.388 2 2
tpca 0.99 0.95 1.5 500 2.126 0.388 2 2
tpca 0.995 0.95 1.5 500 2.126 0.388 2 2
tpca 0.999 0.95 1.5 500 2.126 0.388 2 2
mix 0.03 0.95 1.5 500 4.586 1.066 3 4
mix 0.1 0.95 1.5 500 4.236 0.993 3 4
mix 0.3 0.95 1.5 500 4.054 0.934 3 4
mix 1 0.95 1.5 500 3.96 0.927 3 4
max_pca 1 0.95 2 500 263.418 518.245 19.475 96
max_pca 2 0.95 2 500 40.72 21.027 11 35
max_pca 3 0.95 2 500 31.58 14.564 9.475 28
max_pca 5 0.95 2 500 20.816 7.942 8 19
max_pca 10 0.95 2 500 10.692 3.299 6 10
max_pca 20 0.95 2 500 5.578 1.445 3 5
min_pca 1 0.95 2 500 2.036 0.186 2 2
min_pca 2 0.95 2 500 2.06 0.238 2 2
min_pca 3 0.95 2 500 2.104 0.312 2 2
min_pca 5 0.95 2 500 2.258 0.456 2 2
min_pca 10 0.95 2 500 2.884 0.635 2 3
min_pca 20 0.95 2 500 3.778 0.685 3 4
tpca 0.8 0.95 2 500 2.036 0.186 2 2
tpca 0.9 0.95 2 500 2.036 0.186 2 2
tpca 0.95 0.95 2 500 2.036 0.186 2 2
tpca 0.99 0.95 2 500 2.036 0.186 2 2
tpca 0.995 0.95 2 500 2.036 0.186 2 2
tpca 0.999 0.95 2 500 2.036 0.186 2 2
mix 0.03 0.95 2 500 2.326 0.469 2 2
mix 0.1 0.95 2 500 2.184 0.388 2 2
mix 0.3 0.95 2 500 2.13 0.337 2 2
mix 1 0.95 2 500 2.104 0.306 2 2
max_pca 1 0.9 0.5 500 29.396 8.053 15 29
max_pca 2 0.9 0.5 500 19.476 4.46 12 19
max_pca 3 0.9 0.5 500 15.772 3.351 10 15
max_pca 5 0.9 0.5 500 12.348 2.462 8 12
max_pca 10 0.9 0.5 500 9.076 1.559 6 9
max_pca 20 0.9 0.5 500 6.056 1.043 4 6
min_pca 1 0.9 0.5 500 2.058 0.266 2 2
min_pca 2 0.9 0.5 500 2.104 0.365 2 2
min_pca 3 0.9 0.5 500 2.212 0.485 2 2
min_pca 5 0.9 0.5 500 2.624 0.69 2 3
min_pca 10 0.9 0.5 500 4.044 1.006 3 4
min_pca 20 0.9 0.5 500 8.536 2.267 5 8
tpca 0.8 0.9 0.5 500 2.058 0.266 2 2
tpca 0.9 0.9 0.5 500 2.058 0.266 2 2
tpca 0.95 0.9 0.5 500 2.058 0.266 2 2
tpca 0.99 0.9 0.5 500 2.058 0.266 2 2
tpca 0.995 0.9 0.5 500 2.058 0.266 2 2
tpca 0.999 0.9 0.5 500 2.058 0.266 2 2
mix 0.03 0.9 0.5 500 4.706 0.775 3 5
mix 0.1 0.9 0.5 500 3.956 0.663 3 4
mix 0.3 0.9 0.5 500 3.52 0.609 3 3
mix 1 0.9 0.5 500 3.19 0.557 2 3
max_pca 1 0.9 1.5 500 1967.22 186.82 1462.35 2000
max_pca 2 0.9 1.5 500 1953.22 276.227 1088.775 2000
max_pca 3 0.9 1.5 500 1959.708 262.2 1925.45 2000
max_pca 5 0.9 1.5 500 1864.624 479.946 137.95 2000
max_pca 10 0.9 1.5 500 113 193.358 37 85
max_pca 20 0.9 1.5 500 27.244 9.247 13 26
min_pca 1 0.9 1.5 500 2.042 0.229 2 2
min_pca 2 0.9 1.5 500 2.078 0.283 2 2
min_pca 3 0.9 1.5 500 2.152 0.386 2 2
min_pca 5 0.9 1.5 500 2.51 0.568 2 2
min_pca 10 0.9 1.5 500 3.55 0.654 3 3
min_pca 20 0.9 1.5 500 5.448 0.917 4 5
tpca 0.8 0.9 1.5 500 2.042 0.229 2 2
tpca 0.9 0.9 1.5 500 2.042 0.229 2 2
tpca 0.95 0.9 1.5 500 2.042 0.229 2 2
tpca 0.99 0.9 1.5 500 2.042 0.229 2 2
tpca 0.995 0.9 1.5 500 2.042 0.229 2 2
tpca 0.999 0.9 1.5 500 2.042 0.229 2 2
mix 0.03 0.9 1.5 500 4.7 1.133 3 5
mix 0.1 0.9 1.5 500 4.302 1.044 3 4
mix 0.3 0.9 1.5 500 4.154 0.986 3 4
mix 1 0.9 1.5 500 4.076 0.97 2.475 4
max_pca 1 0.9 2 500 494.9 746.724 32.475 122.05
max_pca 2 0.9 2 500 48.8 24.732 15 43
max_pca 3 0.9 2 500 37.006 16.607 13 33
max_pca 5 0.9 2 500 23.662 9.001 9 22
max_pca 10 0.9 2 500 12.112 3.767 6 12
max_pca 20 0.9 2 500 6.042 1.781 3 6
min_pca 1 0.9 2 500 2.014 0.118 2 2
min_pca 2 0.9 2 500 2.004 0.063 2 2
min_pca 3 0.9 2 500 2.012 0.109 2 2
min_pca 5 0.9 2 500 2.046 0.21 2 2
min_pca 10 0.9 2 500 2.432 0.508 2 2
min_pca 20 0.9 2 500 3.196 0.417 3 3
tpca 0.8 0.9 2 500 2.014 0.118 2 2
tpca 0.9 0.9 2 500 2.014 0.118 2 2
tpca 0.95 0.9 2 500 2.014 0.118 2 2
tpca 0.99 0.9 2 500 2.014 0.118 2 2
tpca 0.995 0.9 2 500 2.014 0.118 2 2
tpca 0.999 0.9 2 500 2.014 0.118 2 2
mix 0.03 0.9 2 500 2.326 0.478 2 2
mix 0.1 0.9 2 500 2.186 0.389 2 2
mix 0.3 0.9 2 500 2.142 0.349 2 2
mix 1 0.9 2 500 2.126 0.332 2 2
max_pca 1 0.7 0.5 500 42.202 14.866 18.475 39
max_pca 2 0.7 0.5 500 27.832 7.702 15 27
max_pca 3 0.7 0.5 500 22.012 5.527 13 21
max_pca 5 0.7 0.5 500 17.442 3.931 11 17
max_pca 10 0.7 0.5 500 13.07 2.466 9 13
max_pca 20 0.7 0.5 500 8.98 1.771 5.475 9
min_pca 1 0.7 0.5 500 2.018 0.133 2 2
min_pca 2 0.7 0.5 500 2.026 0.171 2 2
min_pca 3 0.7 0.5 500 2.036 0.197 2 2
min_pca 5 0.7 0.5 500 2.14 0.364 2 2
min_pca 10 0.7 0.5 500 2.986 0.471 2 3
min_pca 20 0.7 0.5 500 4.688 0.805 3 5
tpca 0.8 0.7 0.5 500 2.018 0.133 2 2
tpca 0.9 0.7 0.5 500 2.018 0.133 2 2
tpca 0.95 0.7 0.5 500 2.018 0.133 2 2
tpca 0.99 0.7 0.5 500 2.018 0.133 2 2
tpca 0.995 0.7 0.5 500 2.018 0.133 2 2
tpca 0.999 0.7 0.5 500 2.018 0.133 2 2
mix 0.03 0.7 0.5 500 5.382 0.893 4 5
mix 0.1 0.7 0.5 500 4.58 0.762 3 5
mix 0.3 0.7 0.5 500 4.064 0.713 3 4
mix 1 0.7 0.5 500 3.692 0.686 3 4
max_pca 1 0.7 1.5 500 1956.61 236.103 1101.975 2000
max_pca 2 0.7 1.5 500 1977.468 182.337 2000 2000
max_pca 3 0.7 1.5 500 1988.032 139.661 2000 2000
max_pca 5 0.7 1.5 500 1997.812 48.925 2000 2000
max_pca 10 0.7 1.5 500 1701.4 680.279 92.475 2000
max_pca 20 0.7 1.5 500 57.104 23.397 21 53
min_pca 1 0.7 1.5 500 2.026 0.159 2 2
min_pca 2 0.7 1.5 500 2.028 0.165 2 2
min_pca 3 0.7 1.5 500 2.044 0.205 2 2
min_pca 5 0.7 1.5 500 2.134 0.347 2 2
min_pca 10 0.7 1.5 500 2.84 0.501 2 3
min_pca 20 0.7 1.5 500 4.024 0.587 3 4
tpca 0.8 0.7 1.5 500 2.026 0.159 2 2
tpca 0.9 0.7 1.5 500 2.026 0.159 2 2
tpca 0.95 0.7 1.5 500 2.026 0.159 2 2
tpca 0.99 0.7 1.5 500 2.026 0.159 2 2
tpca 0.995 0.7 1.5 500 2.026 0.159 2 2
tpca 0.999 0.7 1.5 500 2.026 0.159 2 2
mix 0.03 0.7 1.5 500 5.332 1.361 3 5
mix 0.1 0.7 1.5 500 4.948 1.278 3 5
mix 0.3 0.7 1.5 500 4.736 1.217 3 5
mix 1 0.7 1.5 500 4.666 1.211 3 4
max_pca 1 0.7 2 500 1610.62 739.769 67.9 2000
max_pca 2 0.7 2 500 241.694 495.806 23.475 87
max_pca 3 0.7 2 500 89.254 154.352 19.475 68
max_pca 5 0.7 2 500 46.234 19.271 17.475 42
max_pca 10 0.7 2 500 20.314 7.09 9 19
max_pca 20 0.7 2 500 9.084 2.586 4 9
min_pca 1 0.7 2 500 2.006 0.077 2 2
min_pca 2 0.7 2 500 2.002 0.045 2 2
min_pca 3 0.7 2 500 2.002 0.045 2 2
min_pca 5 0.7 2 500 2.004 0.063 2 2
min_pca 10 0.7 2 500 2.044 0.205 2 2
min_pca 20 0.7 2 500 2.692 0.466 2 3
tpca 0.8 0.7 2 500 2.006 0.077 2 2
tpca 0.9 0.7 2 500 2.006 0.077 2 2
tpca 0.95 0.7 2 500 2.006 0.077 2 2
tpca 0.99 0.7 2 500 2.006 0.077 2 2
tpca 0.995 0.7 2 500 2.006 0.077 2 2
tpca 0.999 0.7 2 500 2.006 0.077 2 2
mix 0.03 0.7 2 500 2.604 0.536 2 3
mix 0.1 0.7 2 500 2.45 0.525 2 2
mix 0.3 0.7 2 500 2.402 0.507 2 2
mix 1 0.7 2 500 2.392 0.509 2 2
max_pca 1 0.5 0.5 500 66.54 26.316 26 62
max_pca 2 0.5 0.5 500 40.55 13.237 19 39
max_pca 3 0.5 0.5 500 32.772 9.935 16 31
max_pca 5 0.5 0.5 500 26.238 6.979 13 25
max_pca 10 0.5 0.5 500 19.948 4.647 11 20
max_pca 20 0.5 0.5 500 13.706 3.101 8 13
min_pca 1 0.5 0.5 500 2.02 0.154 2 2
min_pca 2 0.5 0.5 500 2.014 0.118 2 2
min_pca 3 0.5 0.5 500 2.022 0.147 2 2
min_pca 5 0.5 0.5 500 2.082 0.275 2 2
min_pca 10 0.5 0.5 500 2.76 0.501 2 3
min_pca 20 0.5 0.5 500 4.134 0.617 3 4
tpca 0.8 0.5 0.5 500 2.02 0.154 2 2
tpca 0.9 0.5 0.5 500 2.02 0.154 2 2
tpca 0.95 0.5 0.5 500 2.02 0.154 2 2
tpca 0.99 0.5 0.5 500 2.02 0.154 2 2
tpca 0.995 0.5 0.5 500 2.02 0.154 2 2
tpca 0.999 0.5 0.5 500 2.02 0.154 2 2
mix 0.03 0.5 0.5 500 6.294 1.026 4 6
mix 0.1 0.5 0.5 500 5.39 0.914 4 5
mix 0.3 0.5 0.5 500 4.854 0.857 3 5
mix 1 0.5 0.5 500 4.492 0.802 3 4
max_pca 1 0.5 1.5 500 1968.952 192.251 1617.3 2000
max_pca 2 0.5 1.5 500 1971.746 221.548 2000 2000
max_pca 3 0.5 1.5 500 1994.02 91.16 2000 2000
max_pca 5 0.5 1.5 500 1995.592 70.605 2000 2000
max_pca 10 0.5 1.5 500 2000 0 2000 2000
max_pca 20 0.5 1.5 500 1141.642 924.377 59 2000
min_pca 1 0.5 1.5 500 2.012 0.109 2 2
min_pca 2 0.5 1.5 500 2.012 0.109 2 2
min_pca 3 0.5 1.5 500 2.022 0.147 2 2
min_pca 5 0.5 1.5 500 2.074 0.262 2 2
min_pca 10 0.5 1.5 500 2.712 0.511 2 3
min_pca 20 0.5 1.5 500 3.834 0.582 3 4
tpca 0.8 0.5 1.5 500 2.012 0.109 2 2
tpca 0.9 0.5 1.5 500 2.012 0.109 2 2
tpca 0.95 0.5 1.5 500 2.012 0.109 2 2
tpca 0.99 0.5 1.5 500 2.012 0.109 2 2
tpca 0.995 0.5 1.5 500 2.012 0.109 2 2
tpca 0.999 0.5 1.5 500 2.012 0.109 2 2
mix 0.03 0.5 1.5 500 6.562 2.012 3 6
mix 0.1 0.5 1.5 500 6.092 1.833 3 6
mix 0.3 0.5 1.5 500 5.954 1.794 3 6
mix 1 0.5 1.5 500 5.962 1.796 3 6
max_pca 1 0.5 2 500 1910.09 351.204 453.075 2000
max_pca 2 0.5 2 500 1636.924 730.755 74.475 2000
max_pca 3 0.5 2 500 1518.046 808.219 71.95 2000
max_pca 5 0.5 2 500 764.5 884.477 49.475 163.025
max_pca 10 0.5 2 500 49.78 19.921 19.475 46
max_pca 20 0.5 2 500 17.186 5.547 8 17
min_pca 1 0.5 2 500 2.004 0.063 2 2
min_pca 2 0.5 2 500 2.002 0.045 2 2
min_pca 3 0.5 2 500 2.002 0.045 2 2
min_pca 5 0.5 2 500 2.002 0.045 2 2
min_pca 10 0.5 2 500 2.022 0.147 2 2
min_pca 20 0.5 2 500 2.572 0.495 2 3
tpca 0.8 0.5 2 500 2.004 0.063 2 2
tpca 0.9 0.5 2 500 2.004 0.063 2 2
tpca 0.95 0.5 2 500 2.004 0.063 2 2
tpca 0.99 0.5 2 500 2.004 0.063 2 2
tpca 0.995 0.5 2 500 2.004 0.063 2 2
tpca 0.999 0.5 2 500 2.004 0.063 2 2
mix 0.03 0.5 2 500 2.92 0.585 2 3
mix 0.1 0.5 2 500 2.822 0.558 2 3
mix 0.3 0.5 2 500 2.798 0.56 2 3
mix 1 0.5 2 500 2.8 0.559 2 3
max_pca 1 0.3 0.5 500 160.678 293.012 39.475 101
max_pca 2 0.3 0.5 500 67.264 24.898 30 63
max_pca 3 0.3 0.5 500 52.852 17.7 25 50
max_pca 5 0.3 0.5 500 42.85 12.852 23 41
max_pca 10 0.3 0.5 500 34.218 8.765 19 33
max_pca 20 0.3 0.5 500 24.408 6.775 12.475 23
min_pca 1 0.3 0.5 500 2.02 0.14 2 2
min_pca 2 0.3 0.5 500 2.02 0.14 2 2
min_pca 3 0.3 0.5 500 2.03 0.171 2 2
min_pca 5 0.3 0.5 500 2.15 0.363 2 2
min_pca 10 0.3 0.5 500 2.96 0.418 2 3
min_pca 20 0.3 0.5 500 4.514 0.701 3 4
tpca 0.8 0.3 0.5 500 2.02 0.14 2 2
tpca 0.9 0.3 0.5 500 2.02 0.14 2 2
tpca 0.95 0.3 0.5 500 2.02 0.14 2 2
tpca 0.99 0.3 0.5 500 2.02 0.14 2 2
tpca 0.995 0.3 0.5 500 2.02 0.14 2 2
tpca 0.999 0.3 0.5 500 2.02 0.14 2 2
mix 0.03 0.3 0.5 500 8.118 1.368 6 8
mix 0.1 0.3 0.5 500 7.194 1.324 5 7
mix 0.3 0.3 0.5 500 6.692 1.389 4 7
mix 1 0.3 0.5 500 6.402 1.452 4 6
max_pca 1 0.3 1.5 500 1958.218 222.604 1041.8 2000
max_pca 2 0.3 1.5 500 1911.506 376.317 179.725 2000
max_pca 3 0.3 1.5 500 1968.886 231.923 2000 2000
max_pca 5 0.3 1.5 500 1992.7 111.697 2000 2000
max_pca 10 0.3 1.5 500 2000 0 2000 2000
max_pca 20 0.3 1.5 500 1965.68 224.943 1754.825 2000
min_pca 1 0.3 1.5 500 2.014 0.118 2 2
min_pca 2 0.3 1.5 500 2.028 0.177 2 2
min_pca 3 0.3 1.5 500 2.044 0.215 2 2
min_pca 5 0.3 1.5 500 2.126 0.355 2 2
min_pca 10 0.3 1.5 500 2.888 0.506 2 3
min_pca 20 0.3 1.5 500 4.248 0.654 3 4
tpca 0.8 0.3 1.5 500 2.014 0.118 2 2
tpca 0.9 0.3 1.5 500 2.014 0.118 2 2
tpca 0.95 0.3 1.5 500 2.014 0.118 2 2
tpca 0.99 0.3 1.5 500 2.014 0.118 2 2
tpca 0.995 0.3 1.5 500 2.014 0.118 2 2
tpca 0.999 0.3 1.5 500 2.014 0.118 2 2
mix 0.03 0.3 1.5 500 9.222 2.914 4 9
mix 0.1 0.3 1.5 500 8.802 2.776 4 8
mix 0.3 0.3 1.5 500 8.816 2.791 4 8
mix 1 0.3 1.5 500 9.014 2.877 4 9
max_pca 1 0.3 2 500 1933.122 298.238 657.375 2000
max_pca 2 0.3 2 500 1950.214 280.295 725.325 2000
max_pca 3 0.3 2 500 1985.676 160.72 2000 2000
max_pca 5 0.3 2 500 1996.37 81.169 2000 2000
max_pca 10 0.3 2 500 1772.696 605.594 113.9 2000
max_pca 20 0.3 2 500 66.844 25.598 27 63
min_pca 1 0.3 2 500 2.004 0.063 2 2
min_pca 2 0.3 2 500 2.004 0.063 2 2
min_pca 3 0.3 2 500 2.006 0.077 2 2
min_pca 5 0.3 2 500 2.006 0.077 2 2
min_pca 10 0.3 2 500 2.056 0.23 2 2
min_pca 20 0.3 2 500 2.758 0.447 2 3
tpca 0.8 0.3 2 500 2.004 0.063 2 2
tpca 0.9 0.3 2 500 2.004 0.063 2 2
tpca 0.95 0.3 2 500 2.004 0.063 2 2
tpca 0.99 0.3 2 500 2.004 0.063 2 2
tpca 0.995 0.3 2 500 2.004 0.063 2 2
tpca 0.999 0.3 2 500 2.004 0.063 2 2
mix 0.03 0.3 2 500 3.618 0.873 2 3
mix 0.1 0.3 2 500 3.55 0.837 2 3
mix 0.3 0.3 2 500 3.574 0.833 2 3
mix 1 0.3 2 500 3.686 0.888 2 4
max_pca 1 0.1 0.5 500 974.096 887.407 69.9 292.025
max_pca 2 0.1 0.5 500 189.746 354.376 46 113
max_pca 3 0.1 0.5 500 110.804 127.793 41.95 95
max_pca 5 0.1 0.5 500 85.402 28.843 38 81
max_pca 10 0.1 0.5 500 74.87 21.708 37 72
max_pca 20 0.1 0.5 500 60.07 18.911 27 58
min_pca 1 0.1 0.5 500 2.04 0.206 2 2
min_pca 2 0.1 0.5 500 2.09 0.32 2 2
min_pca 3 0.1 0.5 500 2.184 0.422 2 2
min_pca 5 0.1 0.5 500 2.568 0.665 2 2
min_pca 10 0.1 0.5 500 3.824 0.859 3 4
min_pca 20 0.1 0.5 500 7.016 1.391 5 7
tpca 0.8 0.1 0.5 500 2.04 0.206 2 2
tpca 0.9 0.1 0.5 500 2.04 0.206 2 2
tpca 0.95 0.1 0.5 500 2.04 0.206 2 2
tpca 0.99 0.1 0.5 500 2.04 0.206 2 2
tpca 0.995 0.1 0.5 500 2.04 0.206 2 2
tpca 0.999 0.1 0.5 500 2.04 0.206 2 2
mix 0.03 0.1 0.5 500 14.54 2.889 9 14
mix 0.1 0.1 0.5 500 14.198 3.26 8.475 14
mix 0.3 0.1 0.5 500 14.494 3.762 7 14
mix 1 0.1 0.5 500 15.46 4.661 6 15
max_pca 1 0.1 1.5 500 1766.152 585.734 137.425 2000
max_pca 2 0.1 1.5 500 1420.484 842.77 83.375 2000
max_pca 3 0.1 1.5 500 1280.618 892.452 79.95 2000
max_pca 5 0.1 1.5 500 1320.318 888.394 87.9 2000
max_pca 10 0.1 1.5 500 1556.872 785.525 106 2000
max_pca 20 0.1 1.5 500 1557.278 782.432 100 2000
min_pca 1 0.1 1.5 500 2.048 0.232 2 2
min_pca 2 0.1 1.5 500 2.094 0.318 2 2
min_pca 3 0.1 1.5 500 2.188 0.425 2 2
min_pca 5 0.1 1.5 500 2.512 0.609 2 2
min_pca 10 0.1 1.5 500 3.754 0.789 3 4
min_pca 20 0.1 1.5 500 6.48 1.267 5 6
tpca 0.8 0.1 1.5 500 2.048 0.232 2 2
tpca 0.9 0.1 1.5 500 2.048 0.232 2 2
tpca 0.95 0.1 1.5 500 2.048 0.232 2 2
tpca 0.99 0.1 1.5 500 2.048 0.232 2 2
tpca 0.995 0.1 1.5 500 2.048 0.232 2 2
tpca 0.999 0.1 1.5 500 2.048 0.232 2 2
mix 0.03 0.1 1.5 500 19.368 7.578 7 18
mix 0.1 0.1 1.5 500 19.846 7.837 7 19
mix 0.3 0.1 1.5 500 20.842 8.694 7 20
mix 1 0.1 1.5 500 22.554 10.021 7 21
max_pca 1 0.1 2 500 1890.204 397.026 256.7 2000
max_pca 2 0.1 2 500 1853.872 479.364 160.9 2000
max_pca 3 0.1 2 500 1894.512 420.421 177.95 2000
max_pca 5 0.1 2 500 1964.762 249.098 2000 2000
max_pca 10 0.1 2 500 1983.884 167.384 2000 2000
max_pca 20 0.1 2 500 1921.96 344.926 275.95 2000
min_pca 1 0.1 2 500 2.004 0.063 2 2
min_pca 2 0.1 2 500 2.01 0.1 2 2
min_pca 3 0.1 2 500 2.016 0.126 2 2
min_pca 5 0.1 2 500 2.05 0.218 2 2
min_pca 10 0.1 2 500 2.536 0.519 2 3
min_pca 20 0.1 2 500 3.57 0.608 3 3
tpca 0.8 0.1 2 500 2.004 0.063 2 2
tpca 0.9 0.1 2 500 2.004 0.063 2 2
tpca 0.95 0.1 2 500 2.004 0.063 2 2
tpca 0.99 0.1 2 500 2.004 0.063 2 2
tpca 0.995 0.1 2 500 2.004 0.063 2 2
tpca 0.999 0.1 2 500 2.004 0.063 2 2
mix 0.03 0.1 2 500 6.406 1.989 3 6
mix 0.1 0.1 2 500 6.72 2.12 3 6
mix 0.3 0.1 2 500 7.212 2.357 3 7
mix 1 0.1 2 500 7.93 2.62 4 8
max_pca 1 0.05 0.5 500 1170.632 895.396 79 2000
max_pca 2 0.05 0.5 500 316.372 550.969 43.85 131.025
max_pca 3 0.05 0.5 500 182.966 345.843 44 109
max_pca 5 0.05 0.5 500 115.022 126.68 48.475 100
max_pca 10 0.05 0.5 500 97.12 34.613 42 93
max_pca 20 0.05 0.5 500 79.782 25.963 34 76
min_pca 1 0.05 0.5 500 2.122 0.399 2 2
min_pca 2 0.05 0.5 500 2.246 0.55 2 2
min_pca 3 0.05 0.5 500 2.482 0.712 2 2
min_pca 5 0.05 0.5 500 3.15 0.913 2 3
min_pca 10 0.05 0.5 500 5.178 1.528 3 5
min_pca 20 0.05 0.5 500 10.456 2.741 6 10
tpca 0.8 0.05 0.5 500 2.122 0.399 2 2
tpca 0.9 0.05 0.5 500 2.122 0.399 2 2
tpca 0.95 0.05 0.5 500 2.122 0.399 2 2
tpca 0.99 0.05 0.5 500 2.122 0.399 2 2
tpca 0.995 0.05 0.5 500 2.122 0.399 2 2
tpca 0.999 0.05 0.5 500 2.122 0.399 2 2
mix 0.03 0.05 0.5 500 21.486 5.113 11 21
mix 0.1 0.05 0.5 500 22.608 6.073 11 22
mix 0.3 0.05 0.5 500 24.714 7.78 10 24
mix 1 0.05 0.5 500 28.034 9.874 10 27
max_pca 1 0.05 1.5 500 1659.094 677.047 111.375 2000
max_pca 2 0.05 1.5 500 1079.344 915.35 81.475 340.125
max_pca 3 0.05 1.5 500 862.432 893.54 74.475 191.025
max_pca 5 0.05 1.5 500 777.762 875.079 74 179
max_pca 10 0.05 1.5 500 777.876 871.304 81.475 179
max_pca 20 0.05 1.5 500 705.47 843.692 72.95 176
min_pca 1 0.05 1.5 500 2.122 0.419 2 2
min_pca 2 0.05 1.5 500 2.248 0.575 2 2
min_pca 3 0.05 1.5 500 2.46 0.747 2 2
min_pca 5 0.05 1.5 500 3.162 1.003 2 3
min_pca 10 0.05 1.5 500 5.25 1.591 3 5
min_pca 20 0.05 1.5 500 9.99 2.599 6 10
tpca 0.8 0.05 1.5 500 2.122 0.419 2 2
tpca 0.9 0.05 1.5 500 2.122 0.419 2 2
tpca 0.95 0.05 1.5 500 2.122 0.419 2 2
tpca 0.99 0.05 1.5 500 2.122 0.419 2 2
tpca 0.995 0.05 1.5 500 2.122 0.419 2 2
tpca 0.999 0.05 1.5 500 2.122 0.419 2 2
mix 0.03 0.05 1.5 500 35.23 17.115 11.475 31
mix 0.1 0.05 1.5 500 37.66 18.738 12 34
mix 0.3 0.05 1.5 500 41.73 22.324 12 37
mix 1 0.05 1.5 500 47.552 26.458 10.475 41
max_pca 1 0.05 2 500 1809.21 527.199 113.975 2000
max_pca 2 0.05 2 500 1376.582 865.69 85.475 2000
max_pca 3 0.05 2 500 1292.116 891.886 89.475 2000
max_pca 5 0.05 2 500 1417.686 854.66 93.85 2000
max_pca 10 0.05 2 500 1617.026 745.684 107.375 2000
max_pca 20 0.05 2 500 1594.696 758.07 115.475 2000
min_pca 1 0.05 2 500 2.034 0.192 2 2
min_pca 2 0.05 2 500 2.048 0.223 2 2
min_pca 3 0.05 2 500 2.09 0.307 2 2
min_pca 5 0.05 2 500 2.254 0.48 2 2
min_pca 10 0.05 2 500 3.084 0.659 2 3
min_pca 20 0.05 2 500 4.736 1.002 3 5
tpca 0.8 0.05 2 500 2.034 0.192 2 2
tpca 0.9 0.05 2 500 2.034 0.192 2 2
tpca 0.95 0.05 2 500 2.034 0.192 2 2
tpca 0.99 0.05 2 500 2.034 0.192 2 2
tpca 0.995 0.05 2 500 2.034 0.192 2 2
tpca 0.999 0.05 2 500 2.034 0.192 2 2
mix 0.03 0.05 2 500 9.902 3.759 4 9
mix 0.1 0.05 2 500 10.91 4.251 4 10
mix 0.3 0.05 2 500 12.492 5.172 4 12
mix 1 0.05 2 500 14.416 6.147 5 13
max_pca 1 0.02 0.5 500 1427.812 829.468 88.325 2000
max_pca 2 0.02 0.5 500 520.714 742.384 58.95 151
max_pca 3 0.02 0.5 500 264.754 479.182 46.95 127
max_pca 5 0.02 0.5 500 167.062 292.506 48.475 116
max_pca 10 0.02 0.5 500 131.73 193.237 50 105
max_pca 20 0.02 0.5 500 97.344 40.285 45 89.025
min_pca 1 0.02 0.5 500 7.35 89.592 2 2
min_pca 2 0.02 0.5 500 3.958 6.866 2 2
min_pca 3 0.02 0.5 500 4.776 8.802 2 3
min_pca 5 0.02 0.5 500 6.216 8.098 2 4
min_pca 10 0.02 0.5 500 11.02 9.67 4 8
min_pca 20 0.02 0.5 500 20.874 11.194 9 18
tpca 0.8 0.02 0.5 500 7.35 89.592 2 2
tpca 0.9 0.02 0.5 500 7.35 89.592 2 2
tpca 0.95 0.02 0.5 500 7.35 89.592 2 2
tpca 0.99 0.02 0.5 500 7.35 89.592 2 2
tpca 0.995 0.02 0.5 500 7.35 89.592 2 2
tpca 0.999 0.02 0.5 500 7.35 89.592 2 2
mix 0.03 0.02 0.5 500 40.15 12.462 19 38
mix 0.1 0.02 0.5 500 45.116 16.712 16.475 43
mix 0.3 0.02 0.5 500 51.246 22.4 14 47.025
mix 1 0.02 0.5 500 58.2 28.083 14 53
max_pca 1 0.02 1.5 500 1618.94 720.98 80.325 2000
max_pca 2 0.02 1.5 500 777.882 858.036 64.95 192
max_pca 3 0.02 1.5 500 506.148 727.897 63.475 157
max_pca 5 0.02 1.5 500 384.584 627.902 58.425 140.025
max_pca 10 0.02 1.5 500 364.738 606.907 63.475 142
max_pca 20 0.02 1.5 500 238.212 434.096 54 127
min_pca 1 0.02 1.5 500 3.03 6.024 2 2
min_pca 2 0.02 1.5 500 3.434 4.807 2 2
min_pca 3 0.02 1.5 500 4.02 3.916 2 3
min_pca 5 0.02 1.5 500 5.424 4.036 2 4
min_pca 10 0.02 1.5 500 10.096 6.527 4 8
min_pca 20 0.02 1.5 500 19.552 8.179 8.475 17
tpca 0.8 0.02 1.5 500 3.03 6.024 2 2
tpca 0.9 0.02 1.5 500 3.03 6.024 2 2
tpca 0.95 0.02 1.5 500 3.03 6.024 2 2
tpca 0.99 0.02 1.5 500 3.03 6.024 2 2
tpca 0.995 0.02 1.5 500 3.03 6.024 2 2
tpca 0.999 0.02 1.5 500 3.03 6.024 2 2
mix 0.03 0.02 1.5 500 101.362 189.29 19 66
mix 0.1 0.02 1.5 500 112.63 183.021 17.475 75
mix 0.3 0.02 1.5 500 130.18 197.593 17.475 79.025
mix 1 0.02 1.5 500 158.186 246.66 16.475 86
max_pca 1 0.02 2 500 1678.708 666.087 99.8 2000
max_pca 2 0.02 2 500 1010.054 911.964 72.95 236.275
max_pca 3 0.02 2 500 715.82 846.867 71 177
max_pca 5 0.02 2 500 576.098 778.796 65.475 158
max_pca 10 0.02 2 500 620.78 802.859 77 168
max_pca 20 0.02 2 500 545.592 756.775 71.475 157
min_pca 1 0.02 2 500 2.354 2.892 2 2
min_pca 2 0.02 2 500 2.356 0.979 2 2
min_pca 3 0.02 2 500 2.576 1.071 2 2
min_pca 5 0.02 2 500 3.152 1.343 2 3
min_pca 10 0.02 2 500 4.902 2.172 3 4
min_pca 20 0.02 2 500 8.798 3.45 4.475 8
tpca 0.8 0.02 2 500 2.354 2.892 2 2
tpca 0.9 0.02 2 500 2.354 2.892 2 2
tpca 0.95 0.02 2 500 2.354 2.892 2 2
tpca 0.99 0.02 2 500 2.354 2.892 2 2
tpca 0.995 0.02 2 500 2.354 2.892 2 2
tpca 0.999 0.02 2 500 2.354 2.892 2 2
mix 0.03 0.02 2 500 20.286 9.601 7 18
mix 0.1 0.02 2 500 24.114 11.444 8 21
mix 0.3 0.02 2 500 29.128 14.254 9 26
mix 1 0.02 2 500 35.122 18.303 9.475 31
