method method_param p change_param n_sim edd sd_edd edd_lower edd_upper
max_pca 1 0.98 0.5 500 410.5 632.507 63.95 156
max_pca 2 0.98 0.5 500 106.726 31.178 58 101
max_pca 3 0.98 0.5 500 94.958 21.691 56 92.025
max_pca 5 0.98 0.5 500 75.15 12.975 51 74
max_pca 10 0.98 0.5 500 55.584 8.213 39.475 55
max_pca 20 0.98 0.5 500 37.3 4.717 28 37
min_pca 1 0.98 0.5 500 28.392 25.725 10 21.025
min_pca 2 0.98 0.5 500 15.548 4.296 9 15
min_pca 3 0.98 0.5 500 23.678 5.45 15 23
min_pca 5 0.98 0.5 500 33.162 5.775 23 32.025
min_pca 10 0.98 0.5 500 41.988 5.24 32 42
min_pca 20 0.98 0.5 500 44.352 4.163 37 44
tpca 0.8 0.98 0.5 500 39.144 5.228 30 39
tpca 0.9 0.98 0.5 500 44.128 4.66 36 43.025
tpca 0.95 0.98 0.5 500 43.956 4.257 36 43
tpca 0.99 0.98 0.5 500 43.956 4.257 36 43
tpca 0.995 0.98 0.5 500 43.956 4.257 36 43
tpca 0.999 0.98 0.5 500 43.956 4.257 36 43
mix 0.03 0.98 0.5 500 8.236 1.651 5 8
mix 0.1 0.98 0.5 500 6.99 1.433 4 7
mix 0.3 0.98 0.5 500 6.312 1.222 4 6
mix 1 0.98 0.5 500 5.954 1.141 4 6
max_pca 1 0.98 0.7 500 101.48 97.762 39.475 87
max_pca 2 0.98 0.7 500 65.646 19.235 33.475 62
max_pca 3 0.98 0.7 500 65.588 15.774 38 63
max_pca 5 0.98 0.7 500 56.686 11.072 37.475 56
max_pca 10 0.98 0.7 500 40.968 6.422 30 40
max_pca 20 0.98 0.7 500 26.436 3.259 21 26
min_pca 1 0.98 0.7 500 14.282 11.756 5.475 12
min_pca 2 0.98 0.7 500 8.754 2.217 6 8
min_pca 3 0.98 0.7 500 13.488 2.889 9 13
min_pca 5 0.98 0.7 500 19.644 3.619 14 19
min_pca 10 0.98 0.7 500 25.912 3.265 20 26
min_pca 20 0.98 0.7 500 27.318 2.497 23 27
tpca 0.8 0.98 0.7 500 23.834 3.228 18 24
tpca 0.9 0.98 0.7 500 27.682 2.833 22.475 27
tpca 0.95 0.98 0.7 500 27.128 2.6 22 27
tpca 0.99 0.98 0.7 500 27.128 2.6 22 27
tpca 0.995 0.98 0.7 500 27.128 2.6 22 27
tpca 0.999 0.98 0.7 500 27.128 2.6 22 27
mix 0.03 0.98 0.7 500 5.068 0.84 4 5
mix 0.1 0.98 0.7 500 4.438 0.678 3 4
mix 0.3 0.98 0.7 500 4.04 0.669 3 4
mix 1 0.98 0.7 500 3.826 0.664 3 4
max_pca 1 0.98 1 500 49.804 21.342 21 45
max_pca 2 0.98 1 500 36.402 10.011 20 35
max_pca 3 0.98 1 500 39.712 9.264 25 39
max_pca 5 0.98 1 500 37.992 6.969 26 37
max_pca 10 0.98 1 500 26.338 3.878 20 26
max_pca 20 0.98 1 500 16.382 2.046 13 16
min_pca 1 0.98 1 500 24.476 177.711 4 7
min_pca 2 0.98 1 500 5.306 1.282 4 5
min_pca 3 0.98 1 500 8.084 1.914 6 8
min_pca 5 0.98 1 500 11.518 2.243 8 11
min_pca 10 0.98 1 500 15.498 2.204 12 15
min_pca 20 0.98 1 500 16.01 1.637 13 16
tpca 0.8 0.98 1 500 13.99 2.044 11 14
tpca 0.9 0.98 1 500 16.534 1.895 13.475 16
tpca 0.95 0.98 1 500 15.906 1.645 13 16
tpca 0.99 0.98 1 500 15.906 1.645 13 16
tpca 0.995 0.98 1 500 15.906 1.645 13 16
tpca 0.999 0.98 1 500 15.906 1.645 13 16
mix 0.03 0.98 1 500 3.322 0.485 3 3
mix 0.1 0.98 1 500 3.02 0.322 2 3
mix 0.3 0.98 1 500 2.854 0.386 2 3
mix 1 0.98 1 500 2.692 0.471 2 3
max_pca 1 0.98 1.3 500 31.918 12.323 15 29
max_pca 2 0.98 1.3 500 24.424 6.672 14 24
max_pca 3 0.98 1.3 500 27.492 6.492 16.475 26
max_pca 5 0.98 1.3 500 27.278 5.348 18 27
max_pca 10 0.98 1.3 500 18.384 2.624 14 18
max_pca 20 0.98 1.3 500 11.272 1.301 9 11
min_pca 1 0.98 1.3 500 13.704 126.149 3 5
min_pca 2 0.98 1.3 500 3.76 0.743 3 4
min_pca 3 0.98 1.3 500 5.47 1 4 5
min_pca 5 0.98 1.3 500 7.63 1.273 6 7
min_pca 10 0.98 1.3 500 10.328 1.242 8 10
min_pca 20 0.98 1.3 500 10.574 0.977 9 10
tpca 0.8 0.98 1.3 500 9.31 1.153 7 9
tpca 0.9 0.98 1.3 500 10.958 1.134 9 11
tpca 0.95 0.98 1.3 500 10.482 0.953 9 10
tpca 0.99 0.98 1.3 500 10.482 0.953 9 10
tpca 0.995 0.98 1.3 500 10.482 0.953 9 10
tpca 0.999 0.98 1.3 500 10.482 0.953 9 10
mix 0.03 0.98 1.3 500 2.812 0.391 2 3
mix 0.1 0.98 1.3 500 2.358 0.48 2 2
mix 0.3 0.98 1.3 500 2.106 0.308 2 2
mix 1 0.98 1.3 500 2.02 0.14 2 2
max_pca 1 0.95 0.5 500 579.632 776.731 59.475 161
max_pca 2 0.95 0.5 500 144.96 254.525 53 103.025
max_pca 3 0.95 0.5 500 102.036 89.043 56.475 95
max_pca 5 0.95 0.5 500 75.76 14.636 50 74
max_pca 10 0.95 0.5 500 56.828 8.683 40 56
max_pca 20 0.95 0.5 500 38.372 5.44 28.475 38
min_pca 1 0.95 0.5 500 113.148 386.967 10 22
min_pca 2 0.95 0.5 500 17.362 6.592 9.475 16
min_pca 3 0.95 0.5 500 25.664 7.987 16 23
min_pca 5 0.95 0.5 500 35.42 8.076 24 33
min_pca 10 0.95 0.5 500 43.968 6.488 33 42
min_pca 20 0.95 0.5 500 46.1 4.982 38 45
tpca 0.8 0.95 0.5 500 40.952 6.643 30.475 40
tpca 0.9 0.95 0.5 500 45.878 5.442 37 45
tpca 0.95 0.95 0.5 500 45.738 5.015 37 45
tpca 0.99 0.95 0.5 500 45.738 5.015 37 45
tpca 0.995 0.95 0.5 500 45.738 5.015 37 45
tpca 0.999 0.95 0.5 500 45.738 5.015 37 45
mix 0.03 0.95 0.5 500 8.4 1.669 6 8
mix 0.1 0.95 0.5 500 7.128 1.464 5 7
mix 0.3 0.95 0.5 500 6.492 1.307 4 6
mix 1 0.95 0.5 500 6.108 1.229 4 6
max_pca 1 0.95 0.7 500 131.244 245.229 35.475 88
max_pca 2 0.95 0.7 500 68.518 21.728 34 65
max_pca 3 0.95 0.7 500 67.032 17.839 38.475 64
max_pca 5 0.95 0.7 500 57.858 11.503 38 57
max_pca 10 0.95 0.7 500 41.906 6.569 30.475 41
max_pca 20 0.95 0.7 500 26.91 3.583 20 27
min_pca 1 0.95 0.7 500 54.894 264.36 6 12
min_pca 2 0.95 0.7 500 9.59 3.071 6 9
min_pca 3 0.95 0.7 500 14.856 4.259 9 14
min_pca 5 0.95 0.7 500 21.274 4.845 14 20
min_pca 10 0.95 0.7 500 27.438 4.471 19.475 27
min_pca 20 0.95 0.7 500 28.61 3.241 23 28
tpca 0.8 0.95 0.7 500 25.19 4.145 18 25
tpca 0.9 0.95 0.7 500 29.024 3.62 22 28
tpca 0.95 0.95 0.7 500 28.388 3.19 23 28
tpca 0.99 0.95 0.7 500 28.388 3.19 23 28
tpca 0.995 0.95 0.7 500 28.388 3.19 23 28
tpca 0.999 0.95 0.7 500 28.388 3.19 23 28
mix 0.03 0.95 0.7 500 5.248 0.899 4 5
mix 0.1 0.95 0.7 500 4.494 0.734 3 4
mix 0.3 0.95 0.7 500 4.138 0.704 3 4
mix 1 0.95 0.7 500 3.912 0.694 3 4
max_pca 1 0.95 1 500 77.078 213.881 20 47
max_pca 2 0.95 1 500 38.862 13.556 20 36
max_pca 3 0.95 1 500 41.884 11.987 24 39.025
max_pca 5 0.95 1 500 39.062 8.582 25 38
max_pca 10 0.95 1 500 26.92 4.302 20 26.025
max_pca 20 0.95 1 500 17.006 2.249 13 17
min_pca 1 0.95 1 500 30.806 198.442 3 7
min_pca 2 0.95 1 500 5.714 1.659 4 5
min_pca 3 0.95 1 500 8.732 2.524 5 8
min_pca 5 0.95 1 500 12.46 3.076 8 12
min_pca 10 0.95 1 500 16.318 2.852 12 16
min_pca 20 0.95 1 500 16.614 1.956 13 16
tpca 0.8 0.95 1 500 14.806 2.636 10.475 14
tpca 0.9 0.95 1 500 17.17 2.344 13 17
tpca 0.95 0.95 1 500 16.526 1.976 13 16
tpca 0.99 0.95 1 500 16.526 1.976 13 16
tpca 0.995 0.95 1 500 16.526 1.976 13 16
tpca 0.999 0.95 1 500 16.526 1.976 13 16
mix 0.03 0.95 1 500 3.428 0.507 3 3
mix 0.1 0.95 1 500 3.06 0.304 3 3
mix 0.3 0.95 1 500 2.904 0.339 2 3
mix 1 0.95 1 500 2.75 0.447 2 3
max_pca 1 0.95 1.3 500 34.23 19.076 13 29.025
max_pca 2 0.95 1.3 500 25.144 8.103 13 23
max_pca 3 0.95 1.3 500 28.236 7.663 17 27
max_pca 5 0.95 1.3 500 27.722 6.283 18 27
max_pca 10 0.95 1.3 500 18.6 2.874 14 18
max_pca 20 0.95 1.3 500 11.63 1.539 9 12
min_pca 1 0.95 1.3 500 30.896 217.407 3 4
min_pca 2 0.95 1.3 500 3.968 1.442 3 4
min_pca 3 0.95 1.3 500 5.798 1.814 4 5
min_pca 5 0.95 1.3 500 8.102 1.931 5 8
min_pca 10 0.95 1.3 500 10.654 1.712 8 10
min_pca 20 0.95 1.3 500 10.974 1.284 9 11
tpca 0.8 0.95 1.3 500 9.602 1.641 7 9
tpca 0.9 0.95 1.3 500 11.394 1.496 9 11
tpca 0.95 0.95 1.3 500 10.896 1.287 9 11
tpca 0.99 0.95 1.3 500 10.896 1.287 9 11
tpca 0.995 0.95 1.3 500 10.896 1.287 9 11
tpca 0.999 0.95 1.3 500 10.896 1.287 9 11
mix 0.03 0.95 1.3 500 2.85 0.357 2 3
mix 0.1 0.95 1.3 500 2.398 0.49 2 2
mix 0.3 0.95 1.3 500 2.11 0.313 2 2
mix 1 0.95 1.3 500 2.034 0.181 2 2
max_pca 1 0.9 0.5 500 737.406 858.52 63 171.025
max_pca 2 0.9 0.5 500 165.154 291.371 60 112
max_pca 3 0.9 0.5 500 102.124 29.975 56.425 98
max_pca 5 0.9 0.5 500 78.604 15.945 50 77
max_pca 10 0.9 0.5 500 58.454 9.371 41 58
max_pca 20 0.9 0.5 500 39.228 5.531 30 38.025
min_pca 1 0.9 0.5 500 224.786 573.793 8 24
min_pca 2 0.9 0.5 500 23.738 89.272 9 17
min_pca 3 0.9 0.5 500 28.78 12.597 15 25
min_pca 5 0.9 0.5 500 38.532 11.862 23 36
min_pca 10 0.9 0.5 500 46.09 8.933 33 45
min_pca 20 0.9 0.5 500 48.148 6.718 36.475 47
tpca 0.8 0.9 0.5 500 43.458 8.79 30 42
tpca 0.9 0.9 0.5 500 47.736 7.47 35.475 47
tpca 0.95 0.9 0.5 500 47.858 6.71 36 47
tpca 0.99 0.9 0.5 500 47.858 6.71 36 47
tpca 0.995 0.9 0.5 500 47.858 6.71 36 47
tpca 0.999 0.9 0.5 500 47.858 6.71 36 47
mix 0.03 0.9 0.5 500 8.89 1.745 6 9
mix 0.1 0.9 0.5 500 7.656 1.512 5 8
mix 0.3 0.9 0.5 500 6.936 1.386 5 7
mix 1 0.9 0.5 500 6.594 1.318 4 6
max_pca 1 0.9 0.7 500 279.414 544.119 37 96
max_pca 2 0.9 0.7 500 82.052 124.736 34 68
max_pca 3 0.9 0.7 500 71.578 21.981 38.475 67
max_pca 5 0.9 0.7 500 59.384 13.993 38 57
max_pca 10 0.9 0.7 500 42.848 7.871 29.475 42
max_pca 20 0.9 0.7 500 27.644 3.747 21 27
min_pca 1 0.9 0.7 500 146.35 477.842 5 12
min_pca 2 0.9 0.7 500 11.408 6.378 5 9
min_pca 3 0.9 0.7 500 17.236 7.794 9 14
min_pca 5 0.9 0.7 500 23.596 7.689 13 21
min_pca 10 0.9 0.7 500 29.772 6.483 19 28
min_pca 20 0.9 0.7 500 30.632 4.452 23 30
tpca 0.8 0.9 0.7 500 27.348 6.038 18 26
tpca 0.9 0.9 0.7 500 31.016 5.208 23 30
tpca 0.95 0.9 0.7 500 30.434 4.433 23 30
tpca 0.99 0.9 0.7 500 30.434 4.433 23 30
tpca 0.995 0.9 0.7 500 30.434 4.433 23 30
tpca 0.999 0.9 0.7 500 30.434 4.433 23 30
mix 0.03 0.9 0.7 500 5.454 0.897 4 5
mix 0.1 0.9 0.7 500 4.714 0.791 3 5
mix 0.3 0.9 0.7 500 4.308 0.728 3 4
mix 1 0.9 0.7 500 4.064 0.679 3 4
max_pca 1 0.9 1 500 88.266 231.666 19.475 49
max_pca 2 0.9 1 500 42.124 16.754 20 38
max_pca 3 0.9 1 500 44.126 14.667 23.475 41
max_pca 5 0.9 1 500 39.962 10.354 25 38
max_pca 10 0.9 1 500 28.004 5.149 19.475 27
max_pca 20 0.9 1 500 17.52 2.413 13.475 17
min_pca 1 0.9 1 500 79.49 360.88 3 7
min_pca 2 0.9 1 500 6.086 2.692 3 5
min_pca 3 0.9 1 500 9.29 3.952 5 8
min_pca 5 0.9 1 500 12.978 4.18 8 12
min_pca 10 0.9 1 500 17.034 3.764 11 16
min_pca 20 0.9 1 500 17.516 2.518 13 17
tpca 0.8 0.9 1 500 15.522 3.475 10 15
tpca 0.9 0.9 1 500 18.034 3.009 13 17
tpca 0.95 0.9 1 500 17.346 2.541 13 17
tpca 0.99 0.9 1 500 17.346 2.541 13 17
tpca 0.995 0.9 1 500 17.346 2.541 13 17
tpca 0.999 0.9 1 500 17.346 2.541 13 17
mix 0.03 0.9 1 500 3.506 0.524 3 3
mix 0.1 0.9 1 500 3.13 0.402 3 3
mix 0.3 0.9 1 500 2.94 0.353 2 3
mix 1 0.9 1 500 2.808 0.399 2 3
max_pca 1 0.9 1.3 500 46.724 92.285 14 34
max_pca 2 0.9 1.3 500 28.902 12.579 13.475 25
max_pca 3 0.9 1.3 500 31.458 11.522 16 29
max_pca 5 0.9 1.3 500 30.026 8.911 16 28
max_pca 10 0.9 1.3 500 19.706 4.228 13.475 19
max_pca 20 0.9 1.3 500 12.142 1.827 9 12
min_pca 1 0.9 1.3 500 104.796 426.22 3 5
min_pca 2 0.9 1.3 500 4.386 1.654 3 4
min_pca 3 0.9 1.3 500 6.492 2.478 4 6
min_pca 5 0.9 1.3 500 8.998 2.893 5 8
min_pca 10 0.9 1.3 500 11.52 2.495 8 11
min_pca 20 0.9 1.3 500 11.736 1.731 9 11
tpca 0.8 0.9 1.3 500 10.482 2.413 7 10
tpca 0.9 0.9 1.3 500 12.12 2.152 9 12
tpca 0.95 0.9 1.3 500 11.62 1.741 9 11
tpca 0.99 0.9 1.3 500 11.62 1.741 9 11
tpca 0.995 0.9 1.3 500 11.62 1.741 9 11
tpca 0.999 0.9 1.3 500 11.62 1.741 9 11
mix 0.03 0.9 1.3 500 2.882 0.323 2 3
mix 0.1 0.9 1.3 500 2.442 0.497 2 2
mix 0.3 0.9 1.3 500 2.164 0.371 2 2
mix 1 0.9 1.3 500 2.05 0.218 2 2
max_pca 1 0.7 0.5 500 1227.108 911.136 62.9 2000
max_pca 2 0.7 0.5 500 480.502 724.67 58.95 140
max_pca 3 0.7 0.5 500 162.662 292.243 55.95 108.025
max_pca 5 0.7 0.5 500 84.144 19.707 51.475 81
max_pca 10 0.7 0.5 500 63.03 11.651 43 62
max_pca 20 0.7 0.5 500 43.498 6.702 31.475 42
min_pca 1 0.7 0.5 500 441.606 790.57 6 32.025
min_pca 2 0.7 0.5 500 46.86 177.293 9 23
min_pca 3 0.7 0.5 500 40.346 23.744 14 33
min_pca 5 0.7 0.5 500 50.116 20.976 22 45
min_pca 10 0.7 0.5 500 56.654 15.078 32 54
min_pca 20 0.7 0.5 500 58.262 10.01 41.475 57.025
tpca 0.8 0.7 0.5 500 54.328 15.439 30 52
tpca 0.9 0.7 0.5 500 56.722 11.221 38 55
tpca 0.95 0.7 0.5 500 57.852 10.361 40.475 57
tpca 0.99 0.7 0.5 500 57.852 10.361 40.475 57
tpca 0.995 0.7 0.5 500 57.852 10.361 40.475 57
tpca 0.999 0.7 0.5 500 57.852 10.361 40.475 57
mix 0.03 0.7 0.5 500 10.564 2.294 6 10
mix 0.1 0.7 0.5 500 9.146 1.931 6 9
mix 0.3 0.7 0.5 500 8.416 1.781 5 8
mix 1 0.7 0.5 500 8.06 1.716 5 8
max_pca 1 0.7 0.7 500 768.38 893.36 39 149.025
max_pca 2 0.7 0.7 500 233.034 480.501 37 96
max_pca 3 0.7 0.7 500 98.306 126.382 42 84
max_pca 5 0.7 0.7 500 67.474 18.397 36.475 64
max_pca 10 0.7 0.7 500 49.376 10.59 32 47
max_pca 20 0.7 0.7 500 32.182 5.579 22.475 31
min_pca 1 0.7 0.7 500 320.824 701.246 4 17.025
min_pca 2 0.7 0.7 500 17.516 16.011 5 13
min_pca 3 0.7 0.7 500 24.048 14.319 9 19
min_pca 5 0.7 0.7 500 30.984 13.644 13 27
min_pca 10 0.7 0.7 500 36.934 10.688 21 35
min_pca 20 0.7 0.7 500 37.826 7.169 25.475 37
tpca 0.8 0.7 0.7 500 34.838 10.65 19 32
tpca 0.9 0.7 0.7 500 37.572 8.356 24 36
tpca 0.95 0.7 0.7 500 37.518 7.393 25 37
tpca 0.99 0.7 0.7 500 37.518 7.393 25 37
tpca 0.995 0.7 0.7 500 37.518 7.393 25 37
tpca 0.999 0.7 0.7 500 37.518 7.393 25 37
mix 0.03 0.7 0.7 500 6.224 1.064 4 6
mix 0.1 0.7 0.7 500 5.416 0.972 4 5
mix 0.3 0.7 0.7 500 5.014 0.892 3 5
mix 1 0.7 0.7 500 4.828 0.89 3 5
max_pca 1 0.7 1 500 419.486 728.519 23.475 75.025
max_pca 2 0.7 1 500 95.4 245.763 23 54
max_pca 3 0.7 1 500 63.238 91.021 25 52
max_pca 5 0.7 1 500 48.018 15.503 24.475 45
max_pca 10 0.7 1 500 33.424 8.276 21 32
max_pca 20 0.7 1 500 21.018 3.866 14.475 20
min_pca 1 0.7 1 500 310.12 700.027 3 10
min_pca 2 0.7 1 500 10.74 10.447 3 7
min_pca 3 0.7 1 500 14.906 10.891 5 12
min_pca 5 0.7 1 500 19.076 9.542 8 17
min_pca 10 0.7 1 500 22.654 7.264 12 21
min_pca 20 0.7 1 500 22.886 4.85 15 22
tpca 0.8 0.7 1 500 21.162 7.018 11 20
tpca 0.9 0.7 1 500 23.11 5.676 14 22
tpca 0.95 0.7 1 500 22.75 4.983 15 22
tpca 0.99 0.7 1 500 22.75 4.983 15 22
tpca 0.995 0.7 1 500 22.75 4.983 15 22
tpca 0.999 0.7 1 500 22.75 4.983 15 22
mix 0.03 0.7 1 500 3.908 0.576 3 4
mix 0.1 0.7 1 500 3.49 0.531 3 3
mix 0.3 0.7 1 500 3.264 0.468 3 3
mix 1 0.7 1 500 3.142 0.432 2 3
max_pca 1 0.7 1.3 500 254.448 573.632 13.475 52
max_pca 2 0.7 1.3 500 70.266 215.254 14.475 37
max_pca 3 0.7 1.3 500 44.15 23.894 17 36
max_pca 5 0.7 1.3 500 36.056 13.992 17 32
max_pca 10 0.7 1.3 500 23.964 6.373 15 23
max_pca 20 0.7 1.3 500 14.86 2.89 10 14
min_pca 1 0.7 1.3 500 216.726 595.822 2 7
min_pca 2 0.7 1.3 500 6.44 4.706 3 5
min_pca 3 0.7 1.3 500 9.354 5.921 4 8
min_pca 5 0.7 1.3 500 12.432 6.012 5 11
min_pca 10 0.7 1.3 500 15.17 5.228 8 14
min_pca 20 0.7 1.3 500 15.124 3.446 10 14
tpca 0.8 0.7 1.3 500 13.914 4.985 7 13
tpca 0.9 0.7 1.3 500 15.42 3.93 9.475 15
tpca 0.95 0.7 1.3 500 14.974 3.395 10 14
tpca 0.99 0.7 1.3 500 14.974 3.395 10 14
tpca 0.995 0.7 1.3 500 14.974 3.395 10 14
tpca 0.999 0.7 1.3 500 14.974 3.395 10 14
mix 0.03 0.7 1.3 500 2.998 0.257 2 3
mix 0.1 0.7 1.3 500 2.838 0.369 2 3
mix 0.3 0.7 1.3 500 2.616 0.487 2 3
mix 1 0.7 1.3 500 2.41 0.492 2 2
max_pca 1 0.5 0.5 500 1451.686 834.278 82.95 2000
max_pca 2 0.5 0.5 500 841.186 894.099 72.9 183.05
max_pca 3 0.5 0.5 500 259.562 472.593 63 131
max_pca 5 0.5 0.5 500 91.532 21.027 55 88
max_pca 10 0.5 0.5 500 69.382 11.884 49 68
max_pca 20 0.5 0.5 500 49.546 7.851 35 49
min_pca 1 0.5 0.5 500 566.24 860.551 7 51
min_pca 2 0.5 0.5 500 163.536 465.823 11 35
min_pca 3 0.5 0.5 500 99.012 287.46 16 46
min_pca 5 0.5 0.5 500 69.206 91.378 26 58
min_pca 10 0.5 0.5 500 69.444 19.54 39.475 66
min_pca 20 0.5 0.5 500 71.728 13.259 48 70
tpca 0.8 0.5 0.5 500 68.124 21.081 36 64
tpca 0.9 0.5 0.5 500 68.462 14.038 44 67
tpca 0.95 0.5 0.5 500 71.358 13.312 47 70
tpca 0.99 0.5 0.5 500 71.358 13.312 47 70
tpca 0.995 0.5 0.5 500 71.358 13.312 47 70
tpca 0.999 0.5 0.5 500 71.358 13.312 47 70
mix 0.03 0.5 0.5 500 12.956 3.001 7 13
mix 0.1 0.5 0.5 500 11.486 2.591 7 11
mix 0.3 0.5 0.5 500 10.824 2.422 6 11
mix 1 0.5 0.5 500 10.624 2.392 6 10
max_pca 1 0.5 0.7 500 1147.812 932.316 43.95 2000
max_pca 2 0.5 0.7 500 602.13 822.413 44 138
max_pca 3 0.5 0.7 500 171.738 346.143 47 99
max_pca 5 0.5 0.7 500 76.838 20.669 43 74
max_pca 10 0.5 0.7 500 56.938 11.833 38 55
max_pca 20 0.5 0.7 500 38.26 6.21 27 38
min_pca 1 0.5 0.7 500 405.78 768.833 4 25
min_pca 2 0.5 0.7 500 83.176 326.805 6 18
min_pca 3 0.5 0.7 500 47.886 154.293 10 26
min_pca 5 0.5 0.7 500 43.268 23.118 16 36
min_pca 10 0.5 0.7 500 48.202 16.432 25 44
min_pca 20 0.5 0.7 500 49.622 11.095 31 47.025
tpca 0.8 0.5 0.7 500 46.496 16.387 23 42
tpca 0.9 0.5 0.7 500 48.35 12.107 29 46
tpca 0.95 0.5 0.7 500 49.158 11.283 30.95 47
tpca 0.99 0.5 0.7 500 49.158 11.283 30.95 47
tpca 0.995 0.5 0.7 500 49.158 11.283 30.95 47
tpca 0.999 0.5 0.7 500 49.158 11.283 30.95 47
mix 0.03 0.5 0.7 500 7.484 1.398 5 7
mix 0.1 0.5 0.7 500 6.656 1.303 4 7
mix 0.3 0.5 0.7 500 6.23 1.208 4 6
mix 1 0.5 0.7 500 6.054 1.219 4 6
max_pca 1 0.5 1 500 876.15 938.975 25 136.025
max_pca 2 0.5 1 500 304.018 604.803 27.475 83.025
max_pca 3 0.5 1 500 123.152 284.917 29 73
max_pca 5 0.5 1 500 58.862 20.449 28.475 54
max_pca 10 0.5 1 500 41.214 10.825 25 39
max_pca 20 0.5 1 500 26.438 5.208 18 26
min_pca 1 0.5 1 500 345.07 729.104 3 13
min_pca 2 0.5 1 500 54.212 264.934 4 10
min_pca 3 0.5 1 500 23.91 24.206 6 16
min_pca 5 0.5 1 500 27.432 18.466 9 21.025
min_pca 10 0.5 1 500 30.74 13.19 15 27
min_pca 20 0.5 1 500 30.604 7.833 19 29
tpca 0.8 0.5 1 500 29.012 12.338 13 26
tpca 0.9 0.5 1 500 30.412 8.82 18 28
tpca 0.95 0.5 1 500 30.484 7.98 19 29
tpca 0.99 0.5 1 500 30.484 7.98 19 29
tpca 0.995 0.5 1 500 30.484 7.98 19 29
tpca 0.999 0.5 1 500 30.484 7.98 19 29
mix 0.03 0.5 1 500 4.54 0.73 3 4
mix 0.1 0.5 1 500 4.132 0.638 3 4
mix 0.3 0.5 1 500 3.924 0.625 3 4
mix 1 0.5 1 500 3.792 0.646 3 4
max_pca 1 0.5 1.3 500 719.728 901.742 18 113.025
max_pca 2 0.5 1.3 500 223.988 526.232 18 56
max_pca 3 0.5 1.3 500 80.812 196.25 21 51
max_pca 5 0.5 1.3 500 45.09 17.954 21 41
max_pca 10 0.5 1.3 500 30.262 8.39 18 29
max_pca 20 0.5 1.3 500 18.728 4.232 12 18
min_pca 1 0.5 1.3 500 250.77 640.885 2 8
min_pca 2 0.5 1.3 500 20.084 127.012 3 7
min_pca 3 0.5 1.3 500 15.28 17.233 4 10
min_pca 5 0.5 1.3 500 18.138 10.936 6.475 15
min_pca 10 0.5 1.3 500 20.624 7.968 10 18.025
min_pca 20 0.5 1.3 500 20.666 5.088 13 20
tpca 0.8 0.5 1.3 500 19.496 7.958 10 17
tpca 0.9 0.5 1.3 500 20.72 5.934 12 19
tpca 0.95 0.5 1.3 500 20.55 5.169 13 19
tpca 0.99 0.5 1.3 500 20.55 5.169 13 19
tpca 0.995 0.5 1.3 500 20.55 5.169 13 19
tpca 0.999 0.5 1.3 500 20.55 5.169 13 19
mix 0.03 0.5 1.3 500 3.292 0.468 3 3
mix 0.1 0.5 1.3 500 3.034 0.298 2 3
mix 0.3 0.5 1.3 500 2.93 0.312 2 3
mix 1 0.5 1.3 500 2.862 0.351 2 3
max_pca 1 0.3 0.5 500 1763.932 606.531 128.375 2000
max_pca 2 0.3 0.5 500 1391.984 864.01 99.475 2000
max_pca 3 0.3 0.5 500 402.818 635.75 80.475 154
max_pca 5 0.3 0.5 500 101.598 22.575 65 98
max_pca 10 0.3 0.5 500 77.28 12.96 57 75
max_pca 20 0.3 0.5 500 55.654 8.198 41 55
min_pca 1 0.3 0.5 500 729.782 921.669 9 88.05
min_pca 2 0.3 0.5 500 370.072 702.763 14 59
min_pca 3 0.3 0.5 500 176.268 420.855 23 70
min_pca 5 0.3 0.5 500 100.282 151.801 36 81
min_pca 10 0.3 0.5 500 87.92 22.689 50 86
min_pca 20 0.3 0.5 500 89.992 15.779 61 88.025
tpca 0.8 0.3 0.5 500 87.306 23.712 47 84.025
tpca 0.9 0.3 0.5 500 84.926 16.382 56.475 83.025
tpca 0.95 0.3 0.5 500 89.794 15.935 60.475 88
tpca 0.99 0.3 0.5 500 89.794 15.935 60.475 88
tpca 0.995 0.3 0.5 500 89.794 15.935 60.475 88
tpca 0.999 0.3 0.5 500 89.794 15.935 60.475 88
mix 0.03 0.3 0.5 500 18.66 4.433 10 18
mix 0.1 0.3 0.5 500 16.99 4.095 9 17
mix 0.3 0.3 0.5 500 16.53 4.035 9 16
mix 1 0.3 0.5 500 16.662 4.262 8 16
max_pca 1 0.3 0.7 500 1551.488 790.599 69.475 2000
max_pca 2 0.3 0.7 500 964.67 919.983 67.475 197
max_pca 3 0.3 0.7 500 301.64 537.322 64 129
max_pca 5 0.3 0.7 500 87.922 21.938 57.475 84
max_pca 10 0.3 0.7 500 66.728 13.705 44 64
max_pca 20 0.3 0.7 500 46.744 7.922 34 45.025
min_pca 1 0.3 0.7 500 572.254 869.979 5 42.025
min_pca 2 0.3 0.7 500 239.08 588.694 8 31.025
min_pca 3 0.3 0.7 500 91.796 261.762 13.475 41.025
min_pca 5 0.3 0.7 500 63.53 32.896 21 54
min_pca 10 0.3 0.7 500 65.896 21.785 33 62
min_pca 20 0.3 0.7 500 67.352 14.391 42 66
tpca 0.8 0.3 0.7 500 64.296 22.064 30.475 60.025
tpca 0.9 0.3 0.7 500 64.256 15.289 37.475 63
tpca 0.95 0.3 0.7 500 66.922 14.484 42 66
tpca 0.99 0.3 0.7 500 66.922 14.484 42 66
tpca 0.995 0.3 0.7 500 66.922 14.484 42 66
tpca 0.999 0.3 0.7 500 66.922 14.484 42 66
mix 0.03 0.3 0.7 500 10.214 2.02 7 10
mix 0.1 0.3 0.7 500 9.382 1.942 6 9
mix 0.3 0.3 0.7 500 9.204 1.941 6 9
mix 1 0.3 0.7 500 9.352 2.037 6 9
max_pca 1 0.3 1 500 1167.648 929.957 46.475 2000
max_pca 2 0.3 1 500 594.868 822.451 38 127.025
max_pca 3 0.3 1 500 166.656 346.689 40.475 94
max_pca 5 0.3 1 500 70.576 20.427 37.475 66
max_pca 10 0.3 1 500 51.478 12.226 30 49
max_pca 20 0.3 1 500 34.35 6.544 23 33
min_pca 1 0.3 1 500 454.316 812.716 3 22
min_pca 2 0.3 1 500 131.646 439.086 5 16
min_pca 3 0.3 1 500 57.374 198.341 8 24
min_pca 5 0.3 1 500 41.846 25.377 13 33
min_pca 10 0.3 1 500 44.506 17.329 21 39
min_pca 20 0.3 1 500 45.228 11.849 27 43
tpca 0.8 0.3 1 500 43.81 18.596 19 38
tpca 0.9 0.3 1 500 43.59 12.598 25 41
tpca 0.95 0.3 1 500 44.716 11.698 26 42
tpca 0.99 0.3 1 500 44.716 11.698 26 42
tpca 0.995 0.3 1 500 44.716 11.698 26 42
tpca 0.999 0.3 1 500 44.716 11.698 26 42
mix 0.03 0.3 1 500 5.832 0.947 4 6
mix 0.1 0.3 1 500 5.402 0.926 4 5
mix 0.3 0.3 1 500 5.268 0.915 4 5
mix 1 0.3 1 500 5.28 0.959 4 5
max_pca 1 0.3 1.3 500 1026.514 942.456 30.475 222
max_pca 2 0.3 1.3 500 413.766 710.538 27.475 95
max_pca 3 0.3 1.3 500 120.82 272.239 28.475 70.025
max_pca 5 0.3 1.3 500 57.932 20.6 27 53
max_pca 10 0.3 1.3 500 41.07 10.651 24 39
max_pca 20 0.3 1.3 500 26.188 5.785 16 25
min_pca 1 0.3 1.3 500 397.874 777.243 3 13
min_pca 2 0.3 1.3 500 95.32 369.78 4 12
min_pca 3 0.3 1.3 500 48.962 198.909 6 17
min_pca 5 0.3 1.3 500 30.97 23.048 8.475 23
min_pca 10 0.3 1.3 500 32.052 12.966 14.475 28
min_pca 20 0.3 1.3 500 32.164 8.774 19 30
tpca 0.8 0.3 1.3 500 31.136 13.723 13 28
tpca 0.9 0.3 1.3 500 31.47 9.616 17 29
tpca 0.95 0.3 1.3 500 31.976 8.687 19 30
tpca 0.99 0.3 1.3 500 31.976 8.687 19 30
tpca 0.995 0.3 1.3 500 31.976 8.687 19 30
tpca 0.999 0.3 1.3 500 31.976 8.687 19 30
mix 0.03 0.3 1.3 500 4.114 0.591 3 4
mix 0.1 0.3 1.3 500 3.858 0.571 3 4
mix 0.3 0.3 1.3 500 3.748 0.604 3 4
mix 1 0.3 1.3 500 3.744 0.622 3 4
max_pca 1 0.1 0.5 500 1973.856 210.058 2000 2000
max_pca 2 0.1 0.5 500 1801.102 566.623 146.425 2000
max_pca 3 0.1 0.5 500 709.864 834.55 102.475 185.025
max_pca 5 0.1 0.5 500 114.122 22.982 74.475 111
max_pca 10 0.1 0.5 500 86.922 14.212 63 85
max_pca 20 0.1 0.5 500 65.598 9.559 48 64
min_pca 1 0.1 0.5 500 1152.364 953.862 17 2000
min_pca 2 0.1 0.5 500 980.98 945.844 26.475 161
min_pca 3 0.1 0.5 500 616.838 830.136 38 136
min_pca 5 0.1 0.5 500 286.582 520.622 53.95 131
min_pca 10 0.1 0.5 500 129.84 121.192 74.475 122
min_pca 20 0.1 0.5 500 123.104 17.152 85.475 123
tpca 0.8 0.1 0.5 500 133.38 147.421 71.475 120
tpca 0.9 0.1 0.5 500 114.96 17.59 78.475 115
tpca 0.95 0.1 0.5 500 123.86 17.647 85 123
tpca 0.99 0.1 0.5 500 123.86 17.647 85 123
tpca 0.995 0.1 0.5 500 123.86 17.647 85 123
tpca 0.999 0.1 0.5 500 123.86 17.647 85 123
mix 0.03 0.1 0.5 500 39.95 11.328 21 39
mix 0.1 0.1 0.5 500 41.07 11.725 21 39
mix 0.3 0.1 0.5 500 44.966 13.206 22.475 43
mix 1 0.1 0.5 500 51.366 16.663 23 49
max_pca 1 0.1 0.7 500 1874.18 457.15 165.425 2000
max_pca 2 0.1 0.7 500 1690.198 685.772 117.475 2000
max_pca 3 0.1 0.7 500 618.698 795.208 85 174.025
max_pca 5 0.1 0.7 500 107.324 22.536 65.475 106
max_pca 10 0.1 0.7 500 81.386 13.65 57.475 80
max_pca 20 0.1 0.7 500 59.73 8.297 45 58
min_pca 1 0.1 0.7 500 919.396 970.863 10 85
min_pca 2 0.1 0.7 500 829.75 948.8 16.475 83
min_pca 3 0.1 0.7 500 511.748 792.355 26 90
min_pca 5 0.1 0.7 500 198.888 407.056 39.475 99
min_pca 10 0.1 0.7 500 104.222 26.876 56 100
min_pca 20 0.1 0.7 500 105.78 19.11 68 105
tpca 0.8 0.1 0.7 500 105.094 30.084 53.475 99.025
tpca 0.9 0.1 0.7 500 99.024 19.713 63 97
tpca 0.95 0.1 0.7 500 106.078 19.746 68.475 105
tpca 0.99 0.1 0.7 500 106.078 19.746 68.475 105
tpca 0.995 0.1 0.7 500 106.078 19.746 68.475 105
tpca 0.999 0.1 0.7 500 106.078 19.746 68.475 105
mix 0.03 0.1 0.7 500 20.686 5.221 11 20
mix 0.1 0.1 0.7 500 21.364 5.466 12 21
mix 0.3 0.1 0.7 500 23.27 6.052 12 23
mix 1 0.1 0.7 500 26.034 7.002 13 25
max_pca 1 0.1 1 500 1720.908 655.16 101 2000
max_pca 2 0.1 1 500 1354.448 877.901 80.475 2000
max_pca 3 0.1 1 500 397.104 637.953 72 147.025
max_pca 5 0.1 1 500 95.334 21.634 58 93
max_pca 10 0.1 1 500 71.868 12.453 49 70
max_pca 20 0.1 1 500 52.068 8.014 38 51
min_pca 1 0.1 1 500 961.604 983.167 6 74.05
min_pca 2 0.1 1 500 738.56 939.218 9 45
min_pca 3 0.1 1 500 373.78 701.539 16 56.025
min_pca 5 0.1 1 500 120.092 258.827 23.475 67
min_pca 10 0.1 1 500 81.634 27.59 36 76
min_pca 20 0.1 1 500 82.762 18.944 49.475 80
tpca 0.8 0.1 1 500 82.446 29.813 34.475 75
tpca 0.9 0.1 1 500 77.786 19.477 44.475 76
tpca 0.95 0.1 1 500 82.594 19.326 49 80
tpca 0.99 0.1 1 500 82.594 19.326 49 80
tpca 0.995 0.1 1 500 82.594 19.326 49 80
tpca 0.999 0.1 1 500 82.594 19.326 49 80
mix 0.03 0.1 1 500 10.792 2.13 7 11
mix 0.1 0.1 1 500 10.938 2.27 7 11
mix 0.3 0.1 1 500 11.702 2.544 7 11
mix 1 0.1 1 500 13.138 3.043 8 13
max_pca 1 0.1 1.3 500 1623.492 743.365 72.95 2000
max_pca 2 0.1 1.3 500 1108.588 926.387 60.425 371.6
max_pca 3 0.1 1.3 500 290.486 527.209 51 128.025
max_pca 5 0.1 1.3 500 87.42 22.372 49.475 85
max_pca 10 0.1 1.3 500 64.136 12.644 44 62
max_pca 20 0.1 1.3 500 44.412 7.461 32 43
min_pca 1 0.1 1.3 500 915.366 982.548 4 37.05
min_pca 2 0.1 1.3 500 724.238 937.758 7 32
min_pca 3 0.1 1.3 500 247.506 561.076 11 42
min_pca 5 0.1 1.3 500 88.376 177.362 18.475 53
min_pca 10 0.1 1.3 500 67.18 26.521 29 60
min_pca 20 0.1 1.3 500 66.956 17.34 38.475 64
tpca 0.8 0.1 1.3 500 67.324 28.432 27 59.025
tpca 0.9 0.1 1.3 500 63.31 18.149 34 60
tpca 0.95 0.1 1.3 500 66.654 17.413 39 64
tpca 0.99 0.1 1.3 500 66.654 17.413 39 64
tpca 0.995 0.1 1.3 500 66.654 17.413 39 64
tpca 0.999 0.1 1.3 500 66.654 17.413 39 64
mix 0.03 0.1 1.3 500 6.958 1.258 5 7
mix 0.1 0.1 1.3 500 7.064 1.31 5 7
mix 0.3 0.1 1.3 500 7.524 1.513 5 7
mix 1 0.1 1.3 500 8.334 1.763 5 8
max_pca 1 0.05 0.5 500 1981.996 172.333 2000 2000
max_pca 2 0.05 0.5 500 1910.366 391.398 189 2000
max_pca 3 0.05 0.5 500 889.06 890.266 116.475 197.025
max_pca 5 0.05 0.5 500 120.47 87.576 79 113
max_pca 10 0.05 0.5 500 90.154 15.433 63.475 88
max_pca 20 0.05 0.5 500 68.366 10.081 52 68
min_pca 1 0.05 0.5 500 1365.926 900.667 42.475 2000
min_pca 2 0.05 0.5 500 1295.362 912.836 60.8 2000
min_pca 3 0.05 0.5 500 1048.224 938.002 70.475 193
min_pca 5 0.05 0.5 500 442.766 681.083 82.95 158
min_pca 10 0.05 0.5 500 138.188 86.462 92 133.025
min_pca 20 0.05 0.5 500 134.738 16.02 104.475 134
tpca 0.8 0.05 0.5 500 140.688 86.978 90 135
tpca 0.9 0.05 0.5 500 125.192 16.441 95 124
tpca 0.95 0.05 0.5 500 136.23 16.619 104.475 135
tpca 0.99 0.05 0.5 500 136.23 16.619 104.475 135
tpca 0.995 0.05 0.5 500 136.23 16.619 104.475 135
tpca 0.999 0.05 0.5 500 136.23 16.619 104.475 135
mix 0.03 0.05 0.5 500 68.852 24.038 32 65
mix 0.1 0.05 0.5 500 78.536 27.959 32.475 75
mix 0.3 0.05 0.5 500 101.296 125.011 37.475 89
mix 1 0.05 0.5 500 170.698 314.805 42.95 111
max_pca 1 0.05 0.7 500 1954.46 273.576 1179.725 2000
max_pca 2 0.05 0.7 500 1811.862 549.579 153.85 2000
max_pca 3 0.05 0.7 500 816.852 874.261 95.95 191.025
max_pca 5 0.05 0.7 500 116.648 23.977 73.95 114
max_pca 10 0.05 0.7 500 88.286 14.837 61.475 87
max_pca 20 0.05 0.7 500 65.996 9.195 48 65
min_pca 1 0.05 0.7 500 1392.108 903.732 20.475 2000
min_pca 2 0.05 0.7 500 1324.588 921.484 34.475 2000
min_pca 3 0.05 0.7 500 1001.858 945.339 44.475 185.025
min_pca 5 0.05 0.7 500 419.742 675.965 58.475 147
min_pca 10 0.05 0.7 500 124.988 26.225 75 126
min_pca 20 0.05 0.7 500 124.302 18.431 86.475 124
tpca 0.8 0.05 0.7 500 126.372 28.712 71 128
tpca 0.9 0.05 0.7 500 116.336 18.841 79 115
tpca 0.95 0.05 0.7 500 125.546 19.028 87 125
tpca 0.99 0.05 0.7 500 125.546 19.028 87 125
tpca 0.995 0.05 0.7 500 125.546 19.028 87 125
tpca 0.999 0.05 0.7 500 125.546 19.028 87 125
mix 0.03 0.05 0.7 500 33.278 9.404 17 32
mix 0.1 0.05 0.7 500 37.394 11.108 17 36
mix 0.3 0.05 0.7 500 43.998 13.566 19 42
mix 1 0.05 0.7 500 54.258 17.959 23.475 51
max_pca 1 0.05 1 500 1894.748 419.975 175.475 2000
max_pca 2 0.05 1 500 1655.682 712.627 122.425 2000
max_pca 3 0.05 1 500 632.026 804.856 91.475 171
max_pca 5 0.05 1 500 106.806 27.366 66.475 103
max_pca 10 0.05 1 500 80.832 13.451 58 79
max_pca 20 0.05 1 500 59.96 8.839 44.475 59
min_pca 1 0.05 1 500 1369.254 920.52 8.475 2000
min_pca 2 0.05 1 500 1276.254 945.607 12.95 2000
min_pca 3 0.05 1 500 776.412 912.044 20.475 161.025
min_pca 5 0.05 1 500 227.802 443.012 29.475 132.025
min_pca 10 0.05 1 500 107.096 31.302 46.425 108
min_pca 20 0.05 1 500 106.984 21.27 61.95 109
tpca 0.8 0.05 1 500 108.102 33.666 45.85 111
tpca 0.9 0.05 1 500 100.164 22.053 56 101
tpca 0.95 0.05 1 500 107.406 22.036 62.425 109
tpca 0.99 0.05 1 500 107.406 22.036 62.425 109
tpca 0.995 0.05 1 500 107.406 22.036 62.425 109
tpca 0.999 0.05 1 500 107.406 22.036 62.425 109
mix 0.03 0.05 1 500 16.85 4.291 10 16
mix 0.1 0.05 1 500 18.764 4.999 10.475 18
mix 0.3 0.05 1 500 21.662 6.048 12 21
mix 1 0.05 1 500 26.048 7.44 14 25
max_pca 1 0.05 1.3 500 1824.262 536.474 107.9 2000
max_pca 2 0.05 1.3 500 1548.862 791.26 91.95 2000
max_pca 3 0.05 1.3 500 529.798 746.495 76.475 162
max_pca 5 0.05 1.3 500 101.832 24.377 60.475 100
max_pca 10 0.05 1.3 500 76.072 14.235 52 74
max_pca 20 0.05 1.3 500 54.596 8.661 39 54
min_pca 1 0.05 1.3 500 1346.01 928.948 8 2000
min_pca 2 0.05 1.3 500 1236.498 956.305 13.475 2000
min_pca 3 0.05 1.3 500 608.812 844.498 18 146.025
min_pca 5 0.05 1.3 500 187.498 383.329 29.475 115
min_pca 10 0.05 1.3 500 94.874 31.223 39.95 96
min_pca 20 0.05 1.3 500 93.306 20.885 55.475 94
tpca 0.8 0.05 1.3 500 96.14 33.834 41.475 98
tpca 0.9 0.05 1.3 500 87.754 21.615 49 88
tpca 0.95 0.05 1.3 500 93.288 21.504 54 92.025
tpca 0.99 0.05 1.3 500 93.288 21.504 54 92.025
tpca 0.995 0.05 1.3 500 93.288 21.504 54 92.025
tpca 0.999 0.05 1.3 500 93.288 21.504 54 92.025
mix 0.03 0.05 1.3 500 10.438 2.38 6 10
mix 0.1 0.05 1.3 500 11.396 2.695 6 11
mix 0.3 0.05 1.3 500 13.03 3.271 7 13
mix 1 0.05 1.3 500 15.348 4.064 8 15
max_pca 1 0.02 0.5 500 1970.208 223.756 2000 2000
max_pca 2 0.02 0.5 500 1906.444 400.043 192.85 2000
max_pca 3 0.02 0.5 500 978.744 903.454 114.475 206.025
max_pca 5 0.02 0.5 500 127.986 121.26 78.475 119
max_pca 10 0.02 0.5 500 91.766 14.154 67 90
max_pca 20 0.02 0.5 500 70.2 10.289 51 69
min_pca 1 0.02 0.5 500 1726.466 667.743 63.475 2000
min_pca 2 0.02 0.5 500 1692.572 694.958 85.475 2000
min_pca 3 0.02 0.5 500 1322.38 893.014 92.475 2000
min_pca 5 0.02 0.5 500 659.344 820.68 100.95 176
min_pca 10 0.02 0.5 500 155.48 144.724 105 144
min_pca 20 0.02 0.5 500 144.002 14.365 116.475 142
tpca 0.8 0.02 0.5 500 157.224 144.799 106 145.025
tpca 0.9 0.02 0.5 500 133.744 14.607 106 133
tpca 0.95 0.02 0.5 500 145.122 14.706 118.475 143
tpca 0.99 0.02 0.5 500 145.122 14.706 118.475 143
tpca 0.995 0.02 0.5 500 145.122 14.706 118.475 143
tpca 0.999 0.02 0.5 500 145.122 14.706 118.475 143
mix 0.03 0.02 0.5 500 682.15 833.574 64.95 168.025
mix 0.1 0.02 0.5 500 1149.608 906.856 78.475 1771.85
mix 0.3 0.02 0.5 500 1522.482 782.595 97 2000
mix 1 0.02 0.5 500 1792.33 550.729 168.85 2000
max_pca 1 0.02 0.7 500 1959.046 258.411 1766.325 2000
max_pca 2 0.02 0.7 500 1905.406 404.522 167.9 2000
max_pca 3 0.02 0.7 500 995.408 910.329 110.425 205.025
max_pca 5 0.02 0.7 500 123.116 88.503 74.475 116
max_pca 10 0.02 0.7 500 90.978 14.657 66 89
max_pca 20 0.02 0.7 500 69.456 10.025 50.475 69
min_pca 1 0.02 0.7 500 1711.816 692.209 31 2000
min_pca 2 0.02 0.7 500 1703.038 696.784 51.475 2000
min_pca 3 0.02 0.7 500 1380.58 880.011 62 2000
min_pca 5 0.02 0.7 500 583.736 779.844 78 175.025
min_pca 10 0.02 0.7 500 148.084 119.818 90 142
min_pca 20 0.02 0.7 500 139.346 16.846 106 139
tpca 0.8 0.02 0.7 500 150.288 119.918 90 146
tpca 0.9 0.02 0.7 500 129.844 17.152 95 130
tpca 0.95 0.02 0.7 500 140.486 17.52 106 140
tpca 0.99 0.02 0.7 500 140.486 17.52 106 140
tpca 0.995 0.02 0.7 500 140.486 17.52 106 140
tpca 0.999 0.02 0.7 500 140.486 17.52 106 140
mix 0.03 0.02 0.7 500 77.576 29.435 30 73
mix 0.1 0.02 0.7 500 107.458 126.51 39.475 93
mix 0.3 0.02 0.7 500 229.282 413.395 52.475 129.025
mix 1 0.02 0.7 500 665.012 823.49 62.475 176.025
max_pca 1 0.02 1 500 1955.086 275.071 1435.925 2000
max_pca 2 0.02 1 500 1792.584 579.065 148.95 2000
max_pca 3 0.02 1 500 890.342 892.929 100 198.025
max_pca 5 0.02 1 500 118.436 87.632 72.95 111
max_pca 10 0.02 1 500 86.496 14.369 63 85
max_pca 20 0.02 1 500 65.992 9.656 48 65
min_pca 1 0.02 1 500 1681.11 726.095 17.475 2000
min_pca 2 0.02 1 500 1624.56 771.077 29 2000
min_pca 3 0.02 1 500 1183.56 934.159 39.475 2000
min_pca 5 0.02 1 500 439.042 683.208 56 160.025
min_pca 10 0.02 1 500 128.618 28.657 71.475 131
min_pca 20 0.02 1 500 129.188 20.398 86 131
tpca 0.8 0.02 1 500 131.134 30.644 68.95 135
tpca 0.9 0.02 1 500 120.27 20.324 78.475 123
tpca 0.95 0.02 1 500 130.042 20.486 86.475 132
tpca 0.99 0.02 1 500 130.042 20.486 86.475 132
tpca 0.995 0.02 1 500 130.042 20.486 86.475 132
tpca 0.999 0.02 1 500 130.042 20.486 86.475 132
mix 0.03 0.02 1 500 34.072 10.719 16.475 32
mix 0.1 0.02 1 500 42.416 13.673 19.475 40
mix 0.3 0.02 1 500 55.472 18.655 23.95 53
mix 1 0.02 1 500 73.972 26.098 30.475 71
max_pca 1 0.02 1.3 500 1917.038 377.848 194.55 2000
max_pca 2 0.02 1.3 500 1745.688 631.262 151.475 2000
max_pca 3 0.02 1.3 500 813.078 876.329 98.475 191.025
max_pca 5 0.02 1.3 500 112.386 24.692 72 109.025
max_pca 10 0.02 1.3 500 84.466 14.661 56.475 82.025
max_pca 20 0.02 1.3 500 63.538 9.636 47 62
min_pca 1 0.02 1.3 500 1680.476 727.623 9.475 2000
min_pca 2 0.02 1.3 500 1656.8 748.559 17.475 2000
min_pca 3 0.02 1.3 500 1142.864 938.257 26 2000
min_pca 5 0.02 1.3 500 380.954 628.197 38 156
min_pca 10 0.02 1.3 500 123.66 32.342 54.475 128
min_pca 20 0.02 1.3 500 120.528 22.627 71.475 125
tpca 0.8 0.02 1.3 500 128.978 90.609 52 131
tpca 0.9 0.02 1.3 500 112.924 22.998 62 117
tpca 0.95 0.02 1.3 500 121.048 23.717 69 125
tpca 0.99 0.02 1.3 500 121.048 23.717 69 125
tpca 0.995 0.02 1.3 500 121.048 23.717 69 125
tpca 0.999 0.02 1.3 500 121.048 23.717 69 125
mix 0.03 0.02 1.3 500 20.434 5.51 11 20
mix 0.1 0.02 1.3 500 25.034 6.804 13 24
mix 0.3 0.02 1.3 500 31.534 8.605 16 31
mix 1 0.02 1.3 500 40.842 11.635 21 39
