method method_param p change_param n_sim edd sd_edd edd_lower edd_upper
max_pca 1 0.98 0.5 500 1813.542 519.739 142.175 2000
max_pca 2 0.98 0.5 500 734.236 852.567 63.95 180
max_pca 3 0.98 0.5 500 210.646 390.39 49.95 116
max_pca 5 0.98 0.5 500 60.942 19.539 27 59
max_pca 10 0.98 0.5 500 45.76 13.739 24 44
max_pca 20 0.98 0.5 500 25.046 7.323 13.475 24
min_pca 1 0.98 0.5 500 2 0 2 2
min_pca 2 0.98 0.5 500 2 0 2 2
min_pca 3 0.98 0.5 500 2 0 2 2
min_pca 5 0.98 0.5 500 2 0 2 2
min_pca 10 0.98 0.5 500 2 0 2 2
min_pca 20 0.98 0.5 500 2.112 0.316 2 2
tpca 0.8 0.98 0.5 500 2.566 0.622 2 2
tpca 0.9 0.98 0.5 500 3.086 0.596 2 3
tpca 0.95 0.98 0.5 500 2 0 2 2
tpca 0.99 0.98 0.5 500 2 0 2 2
tpca 0.995 0.98 0.5 500 2 0 2 2
tpca 0.999 0.98 0.5 500 2 0 2 2
mix 0.03 0.98 0.5 500 7.378 1.703 4 7
mix 0.1 0.98 0.5 500 6.296 1.433 4 6
mix 0.3 0.98 0.5 500 5.682 1.348 3 6
mix 1 0.98 0.5 500 5.342 1.339 3 5
max_pca 1 0.98 0.7 500 1775.47 555.901 136.425 2000
max_pca 2 0.98 0.7 500 276.91 490.78 44.475 124
max_pca 3 0.98 0.7 500 82.9 32.69 32.475 77
max_pca 5 0.98 0.7 500 37.802 11.169 19 35
max_pca 10 0.98 0.7 500 28.23 7.635 16 28
max_pca 20 0.98 0.7 500 15.156 3.921 8.475 15
min_pca 1 0.98 0.7 500 2 0 2 2
min_pca 2 0.98 0.7 500 2 0 2 2
min_pca 3 0.98 0.7 500 2 0 2 2
min_pca 5 0.98 0.7 500 2 0 2 2
min_pca 10 0.98 0.7 500 2 0 2 2
min_pca 20 0.98 0.7 500 2 0 2 2
tpca 0.8 0.98 0.7 500 2.126 0.338 2 2
tpca 0.9 0.98 0.7 500 2.328 0.495 2 2
tpca 0.95 0.98 0.7 500 2 0 2 2
tpca 0.99 0.98 0.7 500 2 0 2 2
tpca 0.995 0.98 0.7 500 2 0 2 2
tpca 0.999 0.98 0.7 500 2 0 2 2
mix 0.03 0.98 0.7 500 4.67 0.862 3 5
mix 0.1 0.98 0.7 500 4.038 0.749 3 4
mix 0.3 0.98 0.7 500 3.682 0.683 3 4
mix 1 0.98 0.7 500 3.476 0.612 3 3
max_pca 1 0.98 1 500 1749.214 596.449 132.225 2000
max_pca 2 0.98 1 500 101.71 175.397 29.475 77.025
max_pca 3 0.98 1 500 47.86 16.531 21.475 44
max_pca 5 0.98 1 500 22.52 5.947 12 22
max_pca 10 0.98 1 500 16.41 3.865 10 16
max_pca 20 0.98 1 500 8.928 2.031 5 9
min_pca 1 0.98 1 500 2 0 2 2
min_pca 2 0.98 1 500 2 0 2 2
min_pca 3 0.98 1 500 2 0 2 2
min_pca 5 0.98 1 500 2 0 2 2
min_pca 10 0.98 1 500 2 0 2 2
min_pca 20 0.98 1 500 2 0 2 2
tpca 0.8 0.98 1 500 2.006 0.077 2 2
tpca 0.9 0.98 1 500 2.016 0.126 2 2
tpca 0.95 0.98 1 500 2 0 2 2
tpca 0.99 0.98 1 500 2 0 2 2
tpca 0.995 0.98 1 500 2 0 2 2
tpca 0.999 0.98 1 500 2 0 2 2
mix 0.03 0.98 1 500 3.134 0.439 2 3
mix 0.1 0.98 1 500 2.87 0.387 2 3
mix 0.3 0.98 1 500 2.632 0.487 2 3
mix 1 0.98 1 500 2.46 0.499 2 2
max_pca 1 0.95 0.5 500 1795.122 546.105 139.475 2000
max_pca 2 0.95 0.5 500 682.104 829.526 60 176.025
max_pca 3 0.95 0.5 500 221.288 421.149 51 115
max_pca 5 0.95 0.5 500 61.242 20.309 28.95 57
max_pca 10 0.95 0.5 500 46.118 13.416 25 44
max_pca 20 0.95 0.5 500 26.064 7.778 13 25
min_pca 1 0.95 0.5 500 2 0 2 2
min_pca 2 0.95 0.5 500 2 0 2 2
min_pca 3 0.95 0.5 500 2 0 2 2
min_pca 5 0.95 0.5 500 2 0 2 2
min_pca 10 0.95 0.5 500 2 0 2 2
min_pca 20 0.95 0.5 500 2.208 0.406 2 2
tpca 0.8 0.95 0.5 500 2.672 0.811 2 2
tpca 0.9 0.95 0.5 500 3.168 0.886 2 3
tpca 0.95 0.95 0.5 500 2 0 2 2
tpca 0.99 0.95 0.5 500 2 0 2 2
tpca 0.995 0.95 0.5 500 2 0 2 2
tpca 0.999 0.95 0.5 500 2 0 2 2
mix 0.03 0.95 0.5 500 7.562 1.856 4 7
mix 0.1 0.95 0.5 500 6.366 1.57 3.475 6
mix 0.3 0.95 0.5 500 5.868 1.399 3 6
mix 1 0.95 0.5 500 5.476 1.296 3 5
max_pca 1 0.95 0.7 500 1716.098 618.267 107.475 2000
max_pca 2 0.95 0.7 500 343.498 591.198 54 122.025
max_pca 3 0.95 0.7 500 96.04 128.498 37 79
max_pca 5 0.95 0.7 500 39.794 12.407 20 37
max_pca 10 0.95 0.7 500 29.436 8.151 16 28
max_pca 20 0.95 0.7 500 15.476 4.031 8 15
min_pca 1 0.95 0.7 500 2 0 2 2
min_pca 2 0.95 0.7 500 2 0 2 2
min_pca 3 0.95 0.7 500 2 0 2 2
min_pca 5 0.95 0.7 500 2 0 2 2
min_pca 10 0.95 0.7 500 2 0 2 2
min_pca 20 0.95 0.7 500 2 0 2 2
tpca 0.8 0.95 0.7 500 2.194 0.43 2 2
tpca 0.9 0.95 0.7 500 2.42 0.583 2 2
tpca 0.95 0.95 0.7 500 2 0 2 2
tpca 0.99 0.95 0.7 500 2 0 2 2
tpca 0.995 0.95 0.7 500 2 0 2 2
tpca 0.999 0.95 0.7 500 2 0 2 2
mix 0.03 0.95 0.7 500 4.712 0.878 3 5
mix 0.1 0.95 0.7 500 4.074 0.76 3 4
mix 0.3 0.95 0.7 500 3.774 0.675 3 4
mix 1 0.95 0.7 500 3.564 0.656 3 3
max_pca 1 0.95 1 500 1733.628 599.4 142.475 2000
max_pca 2 0.95 1 500 115.11 213.667 31.475 81
max_pca 3 0.95 1 500 50.144 19.263 21 46
max_pca 5 0.95 1 500 23.026 6.541 12 22
max_pca 10 0.95 1 500 17.08 4.375 10 16.025
max_pca 20 0.95 1 500 9.08 2.199 5 9
min_pca 1 0.95 1 500 2 0 2 2
min_pca 2 0.95 1 500 2 0 2 2
min_pca 3 0.95 1 500 2 0 2 2
min_pca 5 0.95 1 500 2 0 2 2
min_pca 10 0.95 1 500 2 0 2 2
min_pca 20 0.95 1 500 2 0 2 2
tpca 0.8 0.95 1 500 2.044 0.215 2 2
tpca 0.9 0.95 1 500 2.078 0.297 2 2
tpca 0.95 0.95 1 500 2 0 2 2
tpca 0.99 0.95 1 500 2 0 2 2
tpca 0.995 0.95 1 500 2 0 2 2
tpca 0.999 0.95 1 500 2 0 2 2
mix 0.03 0.95 1 500 3.202 0.462 2.475 3
mix 0.1 0.95 1 500 2.876 0.401 2 3
mix 0.3 0.95 1 500 2.686 0.473 2 3
mix 1 0.95 1 500 2.502 0.504 2 2
max_pca 1 0.9 0.5 500 1683.246 658.256 125.95 2000
max_pca 2 0.9 0.5 500 742.756 860.161 55.475 175.025
max_pca 3 0.9 0.5 500 283.846 519.743 48 122.025
max_pca 5 0.9 0.5 500 67.278 24.855 30 63
max_pca 10 0.9 0.5 500 49.074 15.145 23 46
max_pca 20 0.9 0.5 500 27.32 8.287 14.475 26
min_pca 1 0.9 0.5 500 2 0 2 2
min_pca 2 0.9 0.5 500 2 0 2 2
min_pca 3 0.9 0.5 500 2 0 2 2
min_pca 5 0.9 0.5 500 2 0 2 2
min_pca 10 0.9 0.5 500 2.002 0.045 2 2
min_pca 20 0.9 0.5 500 2.27 0.449 2 2
tpca 0.8 0.9 0.5 500 2.708 1.192 2 2
tpca 0.9 0.9 0.5 500 3.188 1.281 2 3
tpca 0.95 0.9 0.5 500 2.002 0.045 2 2
tpca 0.99 0.9 0.5 500 2.002 0.045 2 2
tpca 0.995 0.9 0.5 500 2.002 0.045 2 2
tpca 0.999 0.9 0.5 500 2.006 0.077 2 2
mix 0.03 0.9 0.5 500 7.828 1.834 5 8
mix 0.1 0.9 0.5 500 6.658 1.546 4 7
mix 0.3 0.9 0.5 500 6.078 1.417 4 6
mix 1 0.9 0.5 500 5.73 1.337 3 6
max_pca 1 0.9 0.7 500 1697.506 642.757 131.375 2000
max_pca 2 0.9 0.7 500 405.86 665.277 39.475 122
max_pca 3 0.9 0.7 500 110.722 197.177 33.475 81
max_pca 5 0.9 0.7 500 42.32 15.078 19 39
max_pca 10 0.9 0.7 500 31.27 9.943 16 30
max_pca 20 0.9 0.7 500 16.494 4.794 9 16
min_pca 1 0.9 0.7 500 2 0 2 2
min_pca 2 0.9 0.7 500 2 0 2 2
min_pca 3 0.9 0.7 500 2 0 2 2
min_pca 5 0.9 0.7 500 2 0 2 2
min_pca 10 0.9 0.7 500 2 0 2 2
min_pca 20 0.9 0.7 500 2.014 0.118 2 2
tpca 0.8 0.9 0.7 500 2.23 0.621 2 2
tpca 0.9 0.9 0.7 500 2.446 0.704 2 2
tpca 0.95 0.9 0.7 500 2 0 2 2
tpca 0.99 0.9 0.7 500 2 0 2 2
tpca 0.995 0.9 0.7 500 2 0 2 2
tpca 0.999 0.9 0.7 500 2 0 2 2
mix 0.03 0.9 0.7 500 4.852 0.874 3 5
mix 0.1 0.9 0.7 500 4.248 0.797 3 4
mix 0.3 0.9 0.7 500 3.902 0.73 3 4
mix 1 0.9 0.7 500 3.662 0.69 3 4
max_pca 1 0.9 1 500 1612.79 727.767 88.425 2000
max_pca 2 0.9 1 500 153.638 315.715 27 85
max_pca 3 0.9 1 500 56.878 26.979 20 51
max_pca 5 0.9 1 500 24.944 8.323 13 23
max_pca 10 0.9 1 500 17.878 5.151 10 17
max_pca 20 0.9 1 500 9.42 2.383 5 9
min_pca 1 0.9 1 500 2 0 2 2
min_pca 2 0.9 1 500 2 0 2 2
min_pca 3 0.9 1 500 2 0 2 2
min_pca 5 0.9 1 500 2 0 2 2
min_pca 10 0.9 1 500 2 0 2 2
min_pca 20 0.9 1 500 2 0 2 2
tpca 0.8 0.9 1 500 2.046 0.21 2 2
tpca 0.9 0.9 1 500 2.092 0.289 2 2
tpca 0.95 0.9 1 500 2 0 2 2
tpca 0.99 0.9 1 500 2 0 2 2
tpca 0.995 0.9 1 500 2 0 2 2
tpca 0.999 0.9 1 500 2 0 2 2
mix 0.03 0.9 1 500 3.254 0.484 3 3
mix 0.1 0.9 1 500 2.948 0.431 2 3
mix 0.3 0.9 1 500 2.754 0.454 2 3
mix 1 0.9 1 500 2.566 0.496 2 3
max_pca 1 0.7 0.5 500 1684.846 665.521 79.425 2000
max_pca 2 0.7 0.5 500 799.566 872.426 59.95 189.025
max_pca 3 0.7 0.5 500 405.596 657.188 49.95 137
max_pca 5 0.7 0.5 500 95.916 153.538 35 75
max_pca 10 0.7 0.5 500 60.334 21.731 27.475 55
max_pca 20 0.7 0.5 500 34.414 11.2 16 33
min_pca 1 0.7 0.5 500 2.016 0.209 2 2
min_pca 2 0.7 0.5 500 2.002 0.045 2 2
min_pca 3 0.7 0.5 500 2.002 0.045 2 2
min_pca 5 0.7 0.5 500 2.002 0.045 2 2
min_pca 10 0.7 0.5 500 2.022 0.147 2 2
min_pca 20 0.7 0.5 500 2.39 0.554 2 2
tpca 0.8 0.7 0.5 500 2.624 1.882 2 2
tpca 0.9 0.7 0.5 500 3.002 1.278 2 3
tpca 0.95 0.7 0.5 500 2.018 0.133 2 2
tpca 0.99 0.7 0.5 500 2.032 0.187 2 2
tpca 0.995 0.7 0.5 500 2.032 0.187 2 2
tpca 0.999 0.7 0.5 500 2.058 0.242 2 2
mix 0.03 0.7 0.5 500 9.162 2.2 5 9
mix 0.1 0.7 0.5 500 7.934 1.944 5 8
mix 0.3 0.7 0.5 500 7.254 1.779 4 7
mix 1 0.7 0.5 500 6.87 1.72 4 7
max_pca 1 0.7 0.7 500 1615.634 708.878 88 2000
max_pca 2 0.7 0.7 500 587.51 790.198 44.475 152
max_pca 3 0.7 0.7 500 248.988 498.367 37.475 101
max_pca 5 0.7 0.7 500 57.29 25.925 21.95 51.025
max_pca 10 0.7 0.7 500 39.84 14.964 18 37
max_pca 20 0.7 0.7 500 20.56 6.569 9.475 20
min_pca 1 0.7 0.7 500 2 0 2 2
min_pca 2 0.7 0.7 500 2 0 2 2
min_pca 3 0.7 0.7 500 2 0 2 2
min_pca 5 0.7 0.7 500 2.002 0.045 2 2
min_pca 10 0.7 0.7 500 2.004 0.063 2 2
min_pca 20 0.7 0.7 500 2.092 0.303 2 2
tpca 0.8 0.7 0.7 500 2.19 0.504 2 2
tpca 0.9 0.7 0.7 500 2.332 0.615 2 2
tpca 0.95 0.7 0.7 500 2.004 0.063 2 2
tpca 0.99 0.7 0.7 500 2.008 0.089 2 2
tpca 0.995 0.7 0.7 500 2.008 0.089 2 2
tpca 0.999 0.7 0.7 500 2.01 0.1 2 2
mix 0.03 0.7 0.7 500 5.596 1.143 4 5
mix 0.1 0.7 0.7 500 4.906 1.008 3 5
mix 0.3 0.7 0.7 500 4.518 0.912 3 4
mix 1 0.7 0.7 500 4.278 0.855 3 4
max_pca 1 0.7 1 500 1367.106 859.602 57 2000
max_pca 2 0.7 1 500 312.588 590.316 32 94.025
max_pca 3 0.7 1 500 108.456 259.991 21 64
max_pca 5 0.7 1 500 35.888 18.568 14.475 31
max_pca 10 0.7 1 500 24.384 9.329 11.475 22
max_pca 20 0.7 1 500 12.226 3.465 7 12
min_pca 1 0.7 1 500 2.006 0.134 2 2
min_pca 2 0.7 1 500 2 0 2 2
min_pca 3 0.7 1 500 2 0 2 2
min_pca 5 0.7 1 500 2 0 2 2
min_pca 10 0.7 1 500 2.002 0.045 2 2
min_pca 20 0.7 1 500 2.012 0.126 2 2
tpca 0.8 0.7 1 500 2.054 0.243 2 2
tpca 0.9 0.7 1 500 2.08 0.293 2 2
tpca 0.95 0.7 1 500 2.002 0.045 2 2
tpca 0.99 0.7 1 500 2.002 0.045 2 2
tpca 0.995 0.7 1 500 2.002 0.045 2 2
tpca 0.999 0.7 1 500 2.002 0.045 2 2
mix 0.03 0.7 1 500 3.594 0.564 3 4
mix 0.1 0.7 1 500 3.228 0.51 2 3
mix 0.3 0.7 1 500 3.008 0.448 2 3
mix 1 0.7 1 500 2.874 0.446 2 3
max_pca 1 0.5 0.5 500 1683.796 655.542 100.325 2000
max_pca 2 0.5 0.5 500 1001.76 911.726 54.475 252.025
max_pca 3 0.5 0.5 500 609.412 801.807 57.475 162.025
max_pca 5 0.5 0.5 500 145.248 272.441 42 95.025
max_pca 10 0.5 0.5 500 74.162 28.048 34 68
max_pca 20 0.5 0.5 500 45.232 16.231 20 43
min_pca 1 0.5 0.5 500 6.188 89.38 2 2
min_pca 2 0.5 0.5 500 2.018 0.36 2 2
min_pca 3 0.5 0.5 500 2.018 0.36 2 2
min_pca 5 0.5 0.5 500 2.018 0.249 2 2
min_pca 10 0.5 0.5 500 2.052 0.331 2 2
min_pca 20 0.5 0.5 500 2.59 0.706 2 2
tpca 0.8 0.5 0.5 500 2.63 1.058 2 2
tpca 0.9 0.5 0.5 500 3.062 1.289 2 3
tpca 0.95 0.5 0.5 500 2.036 0.295 2 2
tpca 0.99 0.5 0.5 500 2.072 0.356 2 2
tpca 0.995 0.5 0.5 500 2.072 0.356 2 2
tpca 0.999 0.5 0.5 500 2.124 0.47 2 2
mix 0.03 0.5 0.5 500 11.692 3.157 6 11
mix 0.1 0.5 0.5 500 10.182 2.751 5 10
mix 0.3 0.5 0.5 500 9.482 2.528 5 9
mix 1 0.5 0.5 500 9.262 2.529 5 9
max_pca 1 0.5 0.7 500 1509.558 782.126 86.375 2000
max_pca 2 0.5 0.7 500 690.62 848.883 51 160
max_pca 3 0.5 0.7 500 368.804 634.594 42.475 121
max_pca 5 0.5 0.7 500 92.998 175.75 30.475 67
max_pca 10 0.5 0.7 500 51.476 20.401 24.475 46
max_pca 20 0.5 0.7 500 27.95 9.911 13 26
min_pca 1 0.5 0.7 500 2.166 2.867 2 2
min_pca 2 0.5 0.7 500 2.01 0.224 2 2
min_pca 3 0.5 0.7 500 2.004 0.063 2 2
min_pca 5 0.5 0.7 500 2.008 0.089 2 2
min_pca 10 0.5 0.7 500 2.022 0.172 2 2
min_pca 20 0.5 0.7 500 2.222 0.499 2 2
tpca 0.8 0.5 0.7 500 2.288 0.838 2 2
tpca 0.9 0.5 0.7 500 2.472 0.859 2 2
tpca 0.95 0.5 0.7 500 2.014 0.148 2 2
tpca 0.99 0.5 0.7 500 2.036 0.225 2 2
tpca 0.995 0.5 0.7 500 2.036 0.225 2 2
tpca 0.999 0.5 0.7 500 2.052 0.271 2 2
mix 0.03 0.5 0.7 500 6.782 1.482 4 7
mix 0.1 0.5 0.7 500 6.026 1.367 4 6
mix 0.3 0.5 0.7 500 5.658 1.285 3 6
mix 1 0.5 0.7 500 5.494 1.309 3 5
max_pca 1 0.5 1 500 1340.466 871.898 55 2000
max_pca 2 0.5 1 500 421.914 683.015 33.95 121
max_pca 3 0.5 1 500 210.43 463.523 28 81
max_pca 5 0.5 1 500 53.696 91.353 18 41
max_pca 10 0.5 1 500 31.74 13.576 14 28
max_pca 20 0.5 1 500 16.76 5.673 8 16
min_pca 1 0.5 1 500 6.076 89.353 2 2
min_pca 2 0.5 1 500 2 0 2 2
min_pca 3 0.5 1 500 2 0 2 2
min_pca 5 0.5 1 500 2 0 2 2
min_pca 10 0.5 1 500 2 0 2 2
min_pca 20 0.5 1 500 2.028 0.165 2 2
tpca 0.8 0.5 1 500 2.044 0.224 2 2
tpca 0.9 0.5 1 500 2.106 0.367 2 2
tpca 0.95 0.5 1 500 2 0 2 2
tpca 0.99 0.5 1 500 2.002 0.045 2 2
tpca 0.995 0.5 1 500 2.002 0.045 2 2
tpca 0.999 0.5 1 500 2.004 0.063 2 2
mix 0.03 0.5 1 500 4.208 0.711 3 4
mix 0.1 0.5 1 500 3.798 0.674 3 4
mix 0.3 0.5 1 500 3.58 0.62 3 4
mix 1 0.5 1 500 3.45 0.648 2 3
max_pca 1 0.3 0.5 500 1696.594 657.433 92.325 2000
max_pca 2 0.3 0.5 500 1092.116 912.757 70.95 369.6
max_pca 3 0.3 0.5 500 783.128 870.324 61.475 186
max_pca 5 0.3 0.5 500 270.306 506.115 51.475 118.025
max_pca 10 0.3 0.5 500 101.602 125.809 39.95 85
max_pca 20 0.3 0.5 500 60.94 22.75 24 58
min_pca 1 0.3 0.5 500 10.212 126.265 2 2
min_pca 2 0.3 0.5 500 2.016 0.228 2 2
min_pca 3 0.3 0.5 500 2.024 0.309 2 2
min_pca 5 0.3 0.5 500 2.02 0.154 2 2
min_pca 10 0.3 0.5 500 2.106 0.409 2 2
min_pca 20 0.3 0.5 500 2.938 0.862 2 3
tpca 0.8 0.3 0.5 500 2.898 1.408 2 2
tpca 0.9 0.3 0.5 500 3.47 1.718 2 3
tpca 0.95 0.3 0.5 500 2.056 0.305 2 2
tpca 0.99 0.3 0.5 500 2.138 0.455 2 2
tpca 0.995 0.3 0.5 500 2.138 0.455 2 2
tpca 0.999 0.3 0.5 500 2.258 0.597 2 2
mix 0.03 0.3 0.5 500 16.416 4.518 8 16
mix 0.1 0.3 0.5 500 15.026 4.462 7.475 14
mix 0.3 0.3 0.5 500 14.452 4.6 6 14
mix 1 0.3 0.5 500 14.462 4.855 6 14
max_pca 1 0.3 0.7 500 1613.442 715.999 85.475 2000
max_pca 2 0.3 0.7 500 853.942 891.39 56.475 194.025
max_pca 3 0.3 0.7 500 523.692 744.898 57 150
max_pca 5 0.3 0.7 500 169.158 338.656 41.475 99
max_pca 10 0.3 0.7 500 71.39 25.806 31.95 68
max_pca 20 0.3 0.7 500 40.948 14.312 18 39
min_pca 1 0.3 0.7 500 2.068 0.956 2 2
min_pca 2 0.3 0.7 500 2.006 0.134 2 2
min_pca 3 0.3 0.7 500 2.006 0.1 2 2
min_pca 5 0.3 0.7 500 2.008 0.089 2 2
min_pca 10 0.3 0.7 500 2.036 0.197 2 2
min_pca 20 0.3 0.7 500 2.39 0.595 2 2
tpca 0.8 0.3 0.7 500 2.37 1.106 2 2
tpca 0.9 0.3 0.7 500 2.632 0.898 2 2
tpca 0.95 0.3 0.7 500 2.02 0.154 2 2
tpca 0.99 0.3 0.7 500 2.048 0.223 2 2
tpca 0.995 0.3 0.7 500 2.048 0.223 2 2
tpca 0.999 0.3 0.7 500 2.092 0.322 2 2
mix 0.03 0.3 0.7 500 9.134 2.268 5 9
mix 0.1 0.3 0.7 500 8.428 2.108 5 8
mix 0.3 0.3 0.7 500 8.122 2.068 4 8
mix 1 0.3 0.7 500 8.126 2.16 4 8
max_pca 1 0.3 1 500 1396.404 840.65 58.475 2000
max_pca 2 0.3 1 500 586.166 801.733 41 143
max_pca 3 0.3 1 500 308.018 569.778 38 106
max_pca 5 0.3 1 500 92.292 195.071 27 63
max_pca 10 0.3 1 500 47.308 18.968 21 43
max_pca 20 0.3 1 500 24.948 8.878 11 23
min_pca 1 0.3 1 500 2.012 0.155 2 2
min_pca 2 0.3 1 500 2 0 2 2
min_pca 3 0.3 1 500 2.002 0.045 2 2
min_pca 5 0.3 1 500 2.002 0.045 2 2
min_pca 10 0.3 1 500 2.002 0.045 2 2
min_pca 20 0.3 1 500 2.098 0.317 2 2
tpca 0.8 0.3 1 500 2.112 0.41 2 2
tpca 0.9 0.3 1 500 2.216 0.512 2 2
tpca 0.95 0.3 1 500 2.002 0.045 2 2
tpca 0.99 0.3 1 500 2.004 0.089 2 2
tpca 0.995 0.3 1 500 2.004 0.089 2 2
tpca 0.999 0.3 1 500 2.012 0.126 2 2
mix 0.03 0.3 1 500 5.316 0.999 4 5
mix 0.1 0.3 1 500 4.938 0.996 3 5
mix 0.3 0.3 1 500 4.744 0.974 3 5
mix 1 0.3 1 500 4.718 0.988 3 5
max_pca 1 0.1 0.5 500 1718.858 633.781 102.55 2000
max_pca 2 0.1 0.5 500 1289.96 885.671 69.475 2000
max_pca 3 0.1 0.5 500 1096.628 916.193 72.95 334.925
max_pca 5 0.1 0.5 500 665.044 833.904 62.475 166.025
max_pca 10 0.1 0.5 500 201.334 388.727 45 113
max_pca 20 0.1 0.5 500 117.076 193.082 37.425 91
min_pca 1 0.1 0.5 500 6.558 89.462 2 2
min_pca 2 0.1 0.5 500 2.088 0.956 2 2
min_pca 3 0.1 0.5 500 2.082 0.518 2 2
min_pca 5 0.1 0.5 500 2.116 0.641 2 2
min_pca 10 0.1 0.5 500 2.492 1.026 2 2
min_pca 20 0.1 0.5 500 4.106 1.915 3 3
tpca 0.8 0.1 0.5 500 4.918 6.448 2 3
tpca 0.9 0.1 0.5 500 6.012 5.981 3 4
tpca 0.95 0.1 0.5 500 2.286 0.803 2 2
tpca 0.99 0.1 0.5 500 2.648 1.129 2 2
tpca 0.995 0.1 0.5 500 2.648 1.129 2 2
tpca 0.999 0.1 0.5 500 2.958 1.293 2 3
mix 0.03 0.1 0.5 500 36.426 12.658 15 35
mix 0.1 0.1 0.5 500 36.286 14.037 13 35
mix 0.3 0.1 0.5 500 38.564 16.606 13 37
mix 1 0.1 0.5 500 42.668 20.38 12 40
max_pca 1 0.1 0.7 500 1692.984 661.726 106.425 2000
max_pca 2 0.1 0.7 500 1142.826 914.149 56.375 2000
max_pca 3 0.1 0.7 500 938.456 911.199 60 200
max_pca 5 0.1 0.7 500 462.266 708.774 57.475 143
max_pca 10 0.1 0.7 500 138.042 241.018 45 101.025
max_pca 20 0.1 0.7 500 81.19 91.056 31 72
min_pca 1 0.1 0.7 500 2.45 4.94 2 2
min_pca 2 0.1 0.7 500 2.094 1.736 2 2
min_pca 3 0.1 0.7 500 2.06 1.089 2 2
min_pca 5 0.1 0.7 500 2.036 0.345 2 2
min_pca 10 0.1 0.7 500 2.188 0.57 2 2
min_pca 20 0.1 0.7 500 3.282 1.127 2 3
tpca 0.8 0.1 0.7 500 3.274 2.149 2 3
tpca 0.9 0.1 0.7 500 3.91 2.127 2 3
tpca 0.95 0.1 0.7 500 2.11 0.476 2 2
tpca 0.99 0.1 0.7 500 2.264 0.678 2 2
tpca 0.995 0.1 0.7 500 2.264 0.678 2 2
tpca 0.999 0.1 0.7 500 2.406 0.776 2 2
mix 0.03 0.1 0.7 500 18.528 5.414 9 18
mix 0.1 0.1 0.7 500 18.658 5.832 8 18
mix 0.3 0.1 0.7 500 19.848 6.811 7.475 19
mix 1 0.1 0.7 500 21.808 8.043 8 21
max_pca 1 0.1 1 500 1584.216 727.994 91.425 2000
max_pca 2 0.1 1 500 991.452 910.329 53.475 231.025
max_pca 3 0.1 1 500 707.716 848.805 60.475 173
max_pca 5 0.1 1 500 286.364 529.018 52 121
max_pca 10 0.1 1 500 88.686 35.172 37.475 80
max_pca 20 0.1 1 500 55.8 20.074 24 52.025
min_pca 1 0.1 1 500 2.058 0.485 2 2
min_pca 2 0.1 1 500 2.008 0.109 2 2
min_pca 3 0.1 1 500 2.008 0.109 2 2
min_pca 5 0.1 1 500 2.004 0.063 2 2
min_pca 10 0.1 1 500 2.056 0.263 2 2
min_pca 20 0.1 1 500 2.598 0.697 2 2
tpca 0.8 0.1 1 500 2.426 0.85 2 2
tpca 0.9 0.1 1 500 2.792 1.097 2 3
tpca 0.95 0.1 1 500 2.032 0.198 2 2
tpca 0.99 0.1 1 500 2.074 0.291 2 2
tpca 0.995 0.1 1 500 2.074 0.291 2 2
tpca 0.999 0.1 1 500 2.12 0.382 2 2
mix 0.03 0.1 1 500 9.722 2.318 6 9
mix 0.1 0.1 1 500 9.778 2.521 5 10
mix 0.3 0.1 1 500 10.384 2.879 5 10
mix 1 0.1 1 500 11.392 3.612 5 11
max_pca 1 0.05 0.5 500 1776.004 546.272 165.95 2000
max_pca 2 0.05 0.5 500 1348.622 864.258 93 2000
max_pca 3 0.05 0.5 500 1085.044 914.534 70.95 348.1
max_pca 5 0.05 0.5 500 764.14 866.458 69.95 180.025
max_pca 10 0.05 0.5 500 258.808 460.121 55.475 130
max_pca 20 0.05 0.5 500 158.942 270.125 43.475 114
min_pca 1 0.05 0.5 500 6.766 89.751 2 2
min_pca 2 0.05 0.5 500 2.054 0.603 2 2
min_pca 3 0.05 0.5 500 2.076 0.505 2 2
min_pca 5 0.05 0.5 500 2.168 0.58 2 2
min_pca 10 0.05 0.5 500 2.932 1.28 2 3
min_pca 20 0.05 0.5 500 5.184 2.583 3 4
tpca 0.8 0.05 0.5 500 6.468 5.849 3 4
tpca 0.9 0.05 0.5 500 8.194 6.161 3 6
tpca 0.95 0.05 0.5 500 2.552 1.051 2 2
tpca 0.99 0.05 0.5 500 3.176 1.441 2 3
tpca 0.995 0.05 0.5 500 3.176 1.441 2 3
tpca 0.999 0.05 0.5 500 3.59 1.702 2 3
mix 0.03 0.05 0.5 500 66.392 27.003 22.475 61.025
mix 0.1 0.05 0.5 500 74.562 34.28 23 69
mix 0.3 0.05 0.5 500 100.622 143.29 22.475 74.025
mix 1 0.05 0.5 500 124.4 170.945 16 84
max_pca 1 0.05 0.7 500 1730.818 619.544 110.225 2000
max_pca 2 0.05 0.7 500 1201.068 901.305 66.9 2000
max_pca 3 0.05 0.7 500 1036.588 917.379 69.475 258.075
max_pca 5 0.05 0.7 500 632.634 807.69 69.475 170
max_pca 10 0.05 0.7 500 191.168 335.74 50.475 121
max_pca 20 0.05 0.7 500 103.024 43.027 45 94
min_pca 1 0.05 0.7 500 14.574 154.648 2 2
min_pca 2 0.05 0.7 500 2.078 0.947 2 2
min_pca 3 0.05 0.7 500 2.066 0.582 2 2
min_pca 5 0.05 0.7 500 2.088 0.415 2 2
min_pca 10 0.05 0.7 500 2.514 0.948 2 2
min_pca 20 0.05 0.7 500 4.094 1.749 3 3
tpca 0.8 0.05 0.7 500 4.744 4.874 2 3
tpca 0.9 0.05 0.7 500 5.81 5.023 3 4
tpca 0.95 0.05 0.7 500 2.298 0.753 2 2
tpca 0.99 0.05 0.7 500 2.636 1.044 2 2
tpca 0.995 0.05 0.7 500 2.636 1.044 2 2
tpca 0.999 0.05 0.7 500 2.942 1.214 2 3
mix 0.03 0.05 0.7 500 30.806 10.402 13 30
mix 0.1 0.05 0.7 500 33.23 12.154 12 32
mix 0.3 0.05 0.7 500 38.818 15.385 12 38.025
mix 1 0.05 0.7 500 46.268 21.842 10.475 43
max_pca 1 0.05 1 500 1716.76 635.165 96.8 2000
max_pca 2 0.05 1 500 1220.912 893.359 72.9 2000
max_pca 3 0.05 1 500 946.73 907.984 62.95 211.025
max_pca 5 0.05 1 500 550.834 768.208 63.95 151
max_pca 10 0.05 1 500 133.7 210.52 46.95 104
max_pca 20 0.05 1 500 85.848 90.701 32.475 76.025
min_pca 1 0.05 1 500 10.628 126.424 2 2
min_pca 2 0.05 1 500 2.014 0.161 2 2
min_pca 3 0.05 1 500 2.012 0.109 2 2
min_pca 5 0.05 1 500 2.024 0.153 2 2
min_pca 10 0.05 1 500 2.166 0.455 2 2
min_pca 20 0.05 1 500 3.214 0.92 2 3
tpca 0.8 0.05 1 500 3.154 2.239 2 3
tpca 0.9 0.05 1 500 3.804 2.139 2 3
tpca 0.95 0.05 1 500 2.086 0.333 2 2
tpca 0.99 0.05 1 500 2.23 0.538 2 2
tpca 0.995 0.05 1 500 2.23 0.538 2 2
tpca 0.999 0.05 1 500 2.358 0.647 2 2
mix 0.03 0.05 1 500 15.088 4.079 7 15
mix 0.1 0.05 1 500 16.52 4.856 7 16
mix 0.3 0.05 1 500 18.912 6.158 7 18
mix 1 0.05 1 500 21.994 8.206 7.475 21
max_pca 1 0.02 0.5 500 1700.91 642.922 108.95 2000
max_pca 2 0.02 0.5 500 1327.108 871.94 78 2000
max_pca 3 0.02 0.5 500 1188.546 908.184 79.475 2000
max_pca 5 0.02 0.5 500 849.502 891.387 77 190
max_pca 10 0.02 0.5 500 290.986 520.778 56.9 131
max_pca 20 0.02 0.5 500 195.844 363.565 43 119
min_pca 1 0.02 0.5 500 11.69 126.709 2 2
min_pca 2 0.02 0.5 500 2.148 0.858 2 2
min_pca 3 0.02 0.5 500 2.286 1.288 2 2
min_pca 5 0.02 0.5 500 2.534 1.574 2 2
min_pca 10 0.02 0.5 500 4.054 2.993 2 3
min_pca 20 0.02 0.5 500 7.774 5.419 4 6
tpca 0.8 0.02 0.5 500 12.778 15.522 3 7
tpca 0.9 0.02 0.5 500 15.732 14.733 5 10
tpca 0.95 0.02 0.5 500 3.406 2.49 2 3
tpca 0.99 0.02 0.5 500 4.358 3.307 2 3
tpca 0.995 0.02 0.5 500 4.358 3.307 2 3
tpca 0.999 0.02 0.5 500 4.998 3.821 3 4
mix 0.03 0.02 0.5 500 479.292 626.209 27.475 161.025
mix 0.1 0.02 0.5 500 476.05 547.227 24 193
mix 0.3 0.02 0.5 500 466.682 492.208 20.95 239
mix 1 0.02 0.5 500 415.238 423.8 18 239
max_pca 1 0.02 0.7 500 1789.832 544.278 161.75 2000
max_pca 2 0.02 0.7 500 1377.544 855.206 95.95 2000
max_pca 3 0.02 0.7 500 1238.618 900.842 93 2000
max_pca 5 0.02 0.7 500 814.274 880.346 75.475 186
max_pca 10 0.02 0.7 500 281.674 503.638 58.475 133
max_pca 20 0.02 0.7 500 172.216 314.045 48.475 112.025
min_pca 1 0.02 0.7 500 10.3 126.262 2 2
min_pca 2 0.02 0.7 500 2.144 1.825 2 2
min_pca 3 0.02 0.7 500 2.248 2.862 2 2
min_pca 5 0.02 0.7 500 2.292 1.299 2 2
min_pca 10 0.02 0.7 500 3.222 2.116 2 3
min_pca 20 0.02 0.7 500 5.812 3.635 3 5
tpca 0.8 0.02 0.7 500 7.692 8.045 3 5
tpca 0.9 0.02 0.7 500 9.612 8.201 3 7
tpca 0.95 0.02 0.7 500 2.782 1.906 2 2
tpca 0.99 0.02 0.7 500 3.46 2.319 2 3
tpca 0.995 0.02 0.7 500 3.46 2.319 2 3
tpca 0.999 0.02 0.7 500 3.908 2.512 2 3
mix 0.03 0.02 0.7 500 67.816 30.463 22.475 61
mix 0.1 0.02 0.7 500 102.912 155.103 21.475 79
mix 0.3 0.02 0.7 500 163.756 240.858 24.475 100
mix 1 0.02 0.7 500 233.318 307.716 22.95 124.05
max_pca 1 0.02 1 500 1741.386 600.88 123.375 2000
max_pca 2 0.02 1 500 1290.97 881.746 75.425 2000
max_pca 3 0.02 1 500 1106.88 911.362 77.95 420.4
max_pca 5 0.02 1 500 715.976 847.791 71 177
max_pca 10 0.02 1 500 233.94 433.646 55 122
max_pca 20 0.02 1 500 125.842 192.772 43.475 98.025
min_pca 1 0.02 1 500 2.214 2.477 2 2
min_pca 2 0.02 1 500 2.066 0.841 2 2
min_pca 3 0.02 1 500 2.076 0.695 2 2
min_pca 5 0.02 1 500 2.114 0.491 2 2
min_pca 10 0.02 1 500 2.586 1.064 2 2
min_pca 20 0.02 1 500 4.304 2.011 3 4
tpca 0.8 0.02 1 500 5.278 6.222 2 3
tpca 0.9 0.02 1 500 6.306 5.448 3 4
tpca 0.95 0.02 1 500 2.328 0.833 2 2
tpca 0.99 0.02 1 500 2.746 1.177 2 2
tpca 0.995 0.02 1 500 2.746 1.177 2 2
tpca 0.999 0.02 1 500 3.078 1.334 2 3
mix 0.03 0.02 1 500 30.444 10.718 13 29
mix 0.1 0.02 1 500 37.672 14.898 14.475 35
mix 0.3 0.02 1 500 47.168 21.283 14.475 43.025
mix 1 0.02 1 500 61.694 36.277 15 54
