method method_param p change_param n_sim edd sd_edd edd_lower edd_upper
max_pca 1 0.98 0.5 500 24.374 6.208 13 24
max_pca 2 0.98 0.5 500 16.216 3.64 10 16
max_pca 3 0.98 0.5 500 13.122 2.61 9 13
max_pca 5 0.98 0.5 500 10.014 1.779 7 10
max_pca 10 0.98 0.5 500 7.056 1.178 5 7
max_pca 20 0.98 0.5 500 5.064 0.875 4 5
min_pca 1 0.98 0.5 500 976.266 973.275 10.475 113.025
min_pca 2 0.98 0.5 500 1386.042 896.331 23.475 2000
min_pca 3 0.98 0.5 500 1563.796 803.694 39 2000
min_pca 5 0.98 0.5 500 1804.096 575.749 87.95 2000
min_pca 10 0.98 0.5 500 2000 0 2000 2000
min_pca 20 0.98 0.5 500 2000 0 2000 2000
tpca 0.8 0.98 0.5 500 976.266 973.275 10.475 113.025
tpca 0.9 0.98 0.5 500 976.266 973.275 10.475 113.025
tpca 0.95 0.98 0.5 500 976.266 973.275 10.475 113.025
tpca 0.99 0.98 0.5 500 1508.26 835.153 36.475 2000
tpca 0.995 0.98 0.5 500 1625.72 754.361 50.475 2000
tpca 0.999 0.98 0.5 500 1796.388 585.887 85 2000
mix 0.03 0.98 0.5 500 4.476 0.726 3 4
mix 0.1 0.98 0.5 500 3.766 0.576 3 4
mix 0.3 0.98 0.5 500 3.328 0.541 3 3
mix 1 0.98 0.5 500 3 0.478 2 3
max_pca 1 0.98 1.5 500 1945.94 278.041 825.1 2000
max_pca 2 0.98 1.5 500 1975.812 183.392 2000 2000
max_pca 3 0.98 1.5 500 1987.196 143.011 2000 2000
max_pca 5 0.98 1.5 500 1993.49 102.858 2000 2000
max_pca 10 0.98 1.5 500 772.312 880.158 54 166
max_pca 20 0.98 1.5 500 23.824 8.41 10 22
min_pca 1 0.98 1.5 500 33.14 19.684 7 27
min_pca 2 0.98 1.5 500 35.484 13.944 12.475 33
min_pca 3 0.98 1.5 500 28.284 8.312 14 27
min_pca 5 0.98 1.5 500 23.512 5.18 14 23
min_pca 10 0.98 1.5 500 21.47 3.64 15 21
min_pca 20 0.98 1.5 500 20.504 2.526 16 20
tpca 0.8 0.98 1.5 500 33.14 19.684 7 27
tpca 0.9 0.98 1.5 500 33.14 19.684 7 27
tpca 0.95 0.98 1.5 500 33.14 19.684 7 27
tpca 0.99 0.98 1.5 500 25.358 7.188 13 24
tpca 0.995 0.98 1.5 500 23.226 5.727 13 22
tpca 0.999 0.98 1.5 500 22.626 5.047 14 22
mix 0.03 0.98 1.5 500 4.85 1.293 3 5
mix 0.1 0.98 1.5 500 4.408 1.105 3 4
mix 0.3 0.98 1.5 500 4.176 1.054 2.475 4
mix 1 0.98 1.5 500 4.064 1.04 2 4
max_pca 1 0.98 2 500 196.338 412.19 22 86.025
max_pca 2 0.98 2 500 48.998 25.934 14 43
max_pca 3 0.98 2 500 36.886 16.68 12 33
max_pca 5 0.98 2 500 25.098 9.799 10 23
max_pca 10 0.98 2 500 12.616 3.848 6 12
max_pca 20 0.98 2 500 5.606 1.54 3 5
min_pca 1 0.98 2 500 11.464 6.735 3 10
min_pca 2 0.98 2 500 12.254 5.228 4 11
min_pca 3 0.98 2 500 10.898 3.777 5 10
min_pca 5 0.98 2 500 9.7 2.503 6 9
min_pca 10 0.98 2 500 9.456 1.775 6 9
min_pca 20 0.98 2 500 9.418 1.378 7 9
tpca 0.8 0.98 2 500 11.464 6.735 3 10
tpca 0.9 0.98 2 500 11.464 6.735 3 10
tpca 0.95 0.98 2 500 11.464 6.735 3 10
tpca 0.99 0.98 2 500 9.91 3.263 4 9
tpca 0.995 0.98 2 500 9.528 2.777 5 9
tpca 0.999 0.98 2 500 9.476 2.467 5 9
mix 0.03 0.98 2 500 2.386 0.5 2 2
mix 0.1 0.98 2 500 2.252 0.435 2 2
mix 0.3 0.98 2 500 2.18 0.385 2 2
mix 1 0.98 2 500 2.144 0.351 2 2
max_pca 1 0.95 0.5 500 26.724 7.44 15 26
max_pca 2 0.95 0.5 500 17.312 3.934 10 17
max_pca 3 0.95 0.5 500 13.96 2.839 9 14
max_pca 5 0.95 0.5 500 10.61 1.918 7 10
max_pca 10 0.95 0.5 500 7.42 1.204 5 7
max_pca 20 0.95 0.5 500 5.376 0.846 4 5
min_pca 1 0.95 0.5 500 201.718 553.036 5 22
min_pca 2 0.95 0.5 500 283.3 629.842 10 42
min_pca 3 0.95 0.5 500 294.302 631.668 14 54
min_pca 5 0.95 0.5 500 427.726 743.3 26.475 76.025
min_pca 10 0.95 0.5 500 1276.41 909.969 79.95 2000
min_pca 20 0.95 0.5 500 2000 0 2000 2000
tpca 0.8 0.95 0.5 500 201.718 553.036 5 22
tpca 0.9 0.95 0.5 500 201.718 553.036 5 22
tpca 0.95 0.95 0.5 500 201.718 553.036 5 22
tpca 0.99 0.95 0.5 500 284.952 623.243 13 48
tpca 0.995 0.95 0.5 500 234.19 543.799 19 56
tpca 0.999 0.95 0.5 500 389.086 705.026 25 77
mix 0.03 0.95 0.5 500 4.556 0.701 3 5
mix 0.1 0.95 0.5 500 3.816 0.609 3 4
mix 0.3 0.95 0.5 500 3.376 0.554 3 3
mix 1 0.95 0.5 500 3.058 0.501 2 3
max_pca 1 0.95 1.5 500 1932.738 287.243 756.575 2000
max_pca 2 0.95 1.5 500 1961.962 221.303 1377.225 2000
max_pca 3 0.95 1.5 500 1984.836 142.262 2000 2000
max_pca 5 0.95 1.5 500 1985.626 159.634 2000 2000
max_pca 10 0.95 1.5 500 1101.218 926.166 59.95 268.075
max_pca 20 0.95 1.5 500 26.368 8.955 11 25
min_pca 1 0.95 1.5 500 17.428 10.984 4 14
min_pca 2 0.95 1.5 500 20.61 9.37 7 19
min_pca 3 0.95 1.5 500 18.684 6.481 9 17
min_pca 5 0.95 1.5 500 17.076 4.505 10 16
min_pca 10 0.95 1.5 500 17.448 3.16 12 17
min_pca 20 0.95 1.5 500 18.054 2.401 14 18
tpca 0.8 0.95 1.5 500 17.428 10.984 4 14
tpca 0.9 0.95 1.5 500 17.428 10.984 4 14
tpca 0.95 0.95 1.5 500 17.428 10.984 4 14
tpca 0.99 0.95 1.5 500 16.898 6.217 7 16
tpca 0.995 0.95 1.5 500 16.366 4.998 8 15
tpca 0.999 0.95 1.5 500 16.436 4.449 9 16
mix 0.03 0.95 1.5 500 4.966 1.273 3 5
mix 0.1 0.95 1.5 500 4.502 1.085 3 4
mix 0.3 0.95 1.5 500 4.33 1.077 3 4
mix 1 0.95 1.5 500 4.248 1.085 3 4
max_pca 1 0.95 2 500 301.41 560.858 20 104.025
max_pca 2 0.95 2 500 53.794 27.872 14 47.025
max_pca 3 0.95 2 500 38.64 17.962 12 35
max_pca 5 0.95 2 500 26.3 10.561 10 24
max_pca 10 0.95 2 500 13.148 4.556 6 12
max_pca 20 0.95 2 500 5.642 1.488 3 5
min_pca 1 0.95 2 500 6.278 3.719 2 5
min_pca 2 0.95 2 500 7.31 3.27 3 7
min_pca 3 0.95 2 500 7.056 2.442 3 6
min_pca 5 0.95 2 500 6.902 1.828 4 7
min_pca 10 0.95 2 500 7.444 1.445 5 7
min_pca 20 0.95 2 500 8.056 1.183 6 8
tpca 0.8 0.95 2 500 6.278 3.719 2 5
tpca 0.9 0.95 2 500 6.278 3.719 2 5
tpca 0.95 0.95 2 500 6.278 3.719 2 5
tpca 0.99 0.95 2 500 6.66 2.221 3 6
tpca 0.995 0.95 2 500 6.594 1.949 4 6
tpca 0.999 0.95 2 500 6.814 1.789 4 7
mix 0.03 0.95 2 500 2.394 0.493 2 2
mix 0.1 0.95 2 500 2.25 0.433 2 2
mix 0.3 0.95 2 500 2.188 0.391 2 2
mix 1 0.95 2 500 2.15 0.357 2 2
max_pca 1 0.9 0.5 500 28.724 8.374 15 28
max_pca 2 0.9 0.5 500 18.89 4.308 11 18
max_pca 3 0.9 0.5 500 15.464 3.362 10 15
max_pca 5 0.9 0.5 500 11.746 2.242 8 11
max_pca 10 0.9 0.5 500 8.128 1.41 5 8
max_pca 20 0.9 0.5 500 5.868 0.972 4 6
min_pca 1 0.9 0.5 500 13.392 12.095 3 10
min_pca 2 0.9 0.5 500 19.878 12.146 6 17
min_pca 3 0.9 0.5 500 22.764 10.374 9 20
min_pca 5 0.9 0.5 500 28.424 10.648 14 26
min_pca 10 0.9 0.5 500 55.324 18.124 30 51
min_pca 20 0.9 0.5 500 793.426 882.703 100.475 170
tpca 0.8 0.9 0.5 500 13.392 12.095 3 10
tpca 0.9 0.9 0.5 500 13.392 12.095 3 10
tpca 0.95 0.9 0.5 500 13.392 12.095 3 10
tpca 0.99 0.9 0.5 500 21.564 9.898 8 19.025
tpca 0.995 0.9 0.5 500 23.326 9.217 10 21
tpca 0.999 0.9 0.5 500 28.86 10.997 14 26
mix 0.03 0.9 0.5 500 4.696 0.751 3 5
mix 0.1 0.9 0.5 500 3.944 0.643 3 4
mix 0.3 0.9 0.5 500 3.44 0.596 2.475 3
mix 1 0.9 0.5 500 3.146 0.503 2 3
max_pca 1 0.9 1.5 500 1921.198 334.451 513.275 2000
max_pca 2 0.9 1.5 500 1979.996 169.419 2000 2000
max_pca 3 0.9 1.5 500 1995.146 87.455 2000 2000
max_pca 5 0.9 1.5 500 1991.306 105.082 2000 2000
max_pca 10 0.9 1.5 500 1623.884 742.624 89.425 2000
max_pca 20 0.9 1.5 500 29.288 10.262 12 28
min_pca 1 0.9 1.5 500 9.766 5.093 3 9
min_pca 2 0.9 1.5 500 12.29 4.633 5 12
min_pca 3 0.9 1.5 500 12.496 3.845 6 12
min_pca 5 0.9 1.5 500 12.616 2.953 7.475 12
min_pca 10 0.9 1.5 500 14.268 2.62 9.475 14
min_pca 20 0.9 1.5 500 16.088 2.219 12 16
tpca 0.8 0.9 1.5 500 9.766 5.093 3 9
tpca 0.9 0.9 1.5 500 9.766 5.093 3 9
tpca 0.95 0.9 1.5 500 9.766 5.093 3 9
tpca 0.99 0.9 1.5 500 11.662 3.576 6 11
tpca 0.995 0.9 1.5 500 11.766 3.106 7 12
tpca 0.999 0.9 1.5 500 12.522 3.02 7 12
mix 0.03 0.9 1.5 500 5.13 1.309 3 5
mix 0.1 0.9 1.5 500 4.65 1.15 3 5
mix 0.3 0.9 1.5 500 4.424 1.091 2.475 4
mix 1 0.9 1.5 500 4.34 1.084 2 4
max_pca 1 0.9 2 500 531.284 772.028 22.475 132
max_pca 2 0.9 2 500 67.864 95.352 16 56
max_pca 3 0.9 2 500 45.58 21.304 14 41
max_pca 5 0.9 2 500 30.476 11.741 11.475 28
max_pca 10 0.9 2 500 14.394 4.718 7 13
max_pca 20 0.9 2 500 6.246 1.738 4 6
min_pca 1 0.9 2 500 4.394 2.226 2 4
min_pca 2 0.9 2 500 5.048 1.949 3 5
min_pca 3 0.9 2 500 5.094 1.618 3 5
min_pca 5 0.9 2 500 5.16 1.295 3 5
min_pca 10 0.9 2 500 5.852 1.128 4 6
min_pca 20 0.9 2 500 6.816 0.957 5 7
tpca 0.8 0.9 2 500 4.394 2.226 2 4
tpca 0.9 0.9 2 500 4.394 2.226 2 4
tpca 0.95 0.9 2 500 4.394 2.226 2 4
tpca 0.99 0.9 2 500 4.812 1.49 3 4
tpca 0.995 0.9 2 500 4.888 1.316 3 5
tpca 0.999 0.9 2 500 5.098 1.263 3 5
mix 0.03 0.9 2 500 2.418 0.51 2 2
mix 0.1 0.9 2 500 2.244 0.43 2 2
mix 0.3 0.9 2 500 2.176 0.381 2 2
mix 1 0.9 2 500 2.16 0.372 2 2
max_pca 1 0.7 0.5 500 41.844 13.366 22 39
max_pca 2 0.7 0.5 500 27.064 7.491 14.475 26
max_pca 3 0.7 0.5 500 21.768 5.263 12.475 21
max_pca 5 0.7 0.5 500 16.064 3.337 10 15
max_pca 10 0.7 0.5 500 11.322 2.146 8 11
max_pca 20 0.7 0.5 500 8.322 1.607 5.475 8
min_pca 1 0.7 0.5 500 5.494 2.367 2 5
min_pca 2 0.7 0.5 500 7.618 2.652 4 7
min_pca 3 0.7 0.5 500 8.42 2.55 5 8
min_pca 5 0.7 0.5 500 10.066 2.464 6 10
min_pca 10 0.7 0.5 500 15.658 2.943 11 15
min_pca 20 0.7 0.5 500 29.872 4.275 22 29.025
tpca 0.8 0.7 0.5 500 5.494 2.367 2 5
tpca 0.9 0.7 0.5 500 5.494 2.367 2 5
tpca 0.95 0.7 0.5 500 5.494 2.367 2 5
tpca 0.99 0.7 0.5 500 8.064 2.501 4 8
tpca 0.995 0.7 0.5 500 8.696 2.348 5 8
tpca 0.999 0.7 0.5 500 10.174 2.48 6 10
mix 0.03 0.7 0.5 500 5.15 0.835 4 5
mix 0.1 0.7 0.5 500 4.416 0.724 3 4
mix 0.3 0.7 0.5 500 3.932 0.687 3 4
mix 1 0.7 0.5 500 3.566 0.631 3 4
max_pca 1 0.7 1.5 500 1950.43 242.155 969 2000
max_pca 2 0.7 1.5 500 1981.038 162.188 2000 2000
max_pca 3 0.7 1.5 500 1991.16 108.248 2000 2000
max_pca 5 0.7 1.5 500 1995.922 79.668 2000 2000
max_pca 10 0.7 1.5 500 1995.822 85.898 2000 2000
max_pca 20 0.7 1.5 500 67.37 26.998 25 62
min_pca 1 0.7 1.5 500 5.34 2.397 2 5
min_pca 2 0.7 1.5 500 6.888 2.307 4 6
min_pca 3 0.7 1.5 500 7.25 2.116 4 7
min_pca 5 0.7 1.5 500 7.942 1.839 5 8
min_pca 10 0.7 1.5 500 9.864 1.646 7 10
min_pca 20 0.7 1.5 500 12.678 1.648 10 13
tpca 0.8 0.7 1.5 500 5.34 2.397 2 5
tpca 0.9 0.7 1.5 500 5.34 2.397 2 5
tpca 0.95 0.7 1.5 500 5.34 2.397 2 5
tpca 0.99 0.7 1.5 500 7.004 2.053 4 7
tpca 0.995 0.7 1.5 500 7.262 1.916 4 7
tpca 0.999 0.7 1.5 500 7.98 1.86 5 8
mix 0.03 0.7 1.5 500 5.922 1.529 3 6
mix 0.1 0.7 1.5 500 5.462 1.441 3 5
mix 0.3 0.7 1.5 500 5.222 1.44 3 5
mix 1 0.7 1.5 500 5.162 1.42 3 5
max_pca 1 0.7 2 500 1610.682 739.01 69.9 2000
max_pca 2 0.7 2 500 779.162 886.335 35 163.025
max_pca 3 0.7 2 500 343.73 620.574 34.475 108.025
max_pca 5 0.7 2 500 72.526 33.554 23.475 66.025
max_pca 10 0.7 2 500 28.128 10.379 12 26
max_pca 20 0.7 2 500 9.5 2.931 4.475 9
min_pca 1 0.7 2 500 3.012 1.096 2 3
min_pca 2 0.7 2 500 3.372 1.008 2 3
min_pca 3 0.7 2 500 3.442 0.827 2 3
min_pca 5 0.7 2 500 3.624 0.729 3 3
min_pca 10 0.7 2 500 4.238 0.747 3 4
min_pca 20 0.7 2 500 5.28 0.755 4 5
tpca 0.8 0.7 2 500 3.012 1.096 2 3
tpca 0.9 0.7 2 500 3.012 1.096 2 3
tpca 0.95 0.7 2 500 3.012 1.096 2 3
tpca 0.99 0.7 2 500 3.356 0.843 2 3
tpca 0.995 0.7 2 500 3.426 0.73 2 3
tpca 0.999 0.7 2 500 3.624 0.721 3 4
mix 0.03 0.7 2 500 2.648 0.53 2 3
mix 0.1 0.7 2 500 2.504 0.52 2 2
mix 0.3 0.7 2 500 2.46 0.515 2 2
mix 1 0.7 2 500 2.436 0.516 2 2
max_pca 1 0.5 0.5 500 64.888 24.777 26 60
max_pca 2 0.5 0.5 500 39.678 12.753 18 38
max_pca 3 0.5 0.5 500 31.782 8.967 16 31
max_pca 5 0.5 0.5 500 23.396 5.737 13 23
max_pca 10 0.5 0.5 500 16.592 3.613 10 16
max_pca 20 0.5 0.5 500 12.948 2.89 8 12.025
min_pca 1 0.5 0.5 500 5.03 2.135 2 4
min_pca 2 0.5 0.5 500 6.478 2.151 3 6
min_pca 3 0.5 0.5 500 7.08 1.984 4 7
min_pca 5 0.5 0.5 500 8.288 1.874 5 8
min_pca 10 0.5 0.5 500 12.296 2.128 9 12
min_pca 20 0.5 0.5 500 21.446 2.77 16 21
tpca 0.8 0.5 0.5 500 5.03 2.135 2 4
tpca 0.9 0.5 0.5 500 5.03 2.135 2 4
tpca 0.95 0.5 0.5 500 5.03 2.135 2 4
tpca 0.99 0.5 0.5 500 6.846 1.958 4 7
tpca 0.995 0.5 0.5 500 7.304 1.817 4 7
tpca 0.999 0.5 0.5 500 8.338 1.922 5 8
mix 0.03 0.5 0.5 500 6.2 0.935 4 6
mix 0.1 0.5 0.5 500 5.33 0.9 4 5
mix 0.3 0.5 0.5 500 4.844 0.882 3 5
mix 1 0.5 0.5 500 4.488 0.883 3 4
max_pca 1 0.5 1.5 500 1928.602 311.094 684.8 2000
max_pca 2 0.5 1.5 500 1976.09 167.395 1812.8 2000
max_pca 3 0.5 1.5 500 1997.396 58.227 2000 2000
max_pca 5 0.5 1.5 500 1997.092 62.824 2000 2000
max_pca 10 0.5 1.5 500 1998.956 23.345 2000 2000
max_pca 20 0.5 1.5 500 1546.424 791.905 74.85 2000
min_pca 1 0.5 1.5 500 4.992 2.089 2 4
min_pca 2 0.5 1.5 500 6.344 2.126 3 6
min_pca 3 0.5 1.5 500 6.666 1.97 4 6
min_pca 5 0.5 1.5 500 7.266 1.747 4 7
min_pca 10 0.5 1.5 500 9.424 1.681 6 9
min_pca 20 0.5 1.5 500 12.786 1.653 10 13
tpca 0.8 0.5 1.5 500 4.992 2.089 2 4
tpca 0.9 0.5 1.5 500 4.992 2.089 2 4
tpca 0.95 0.5 1.5 500 4.992 2.089 2 4
tpca 0.99 0.5 1.5 500 6.418 1.857 3 6
tpca 0.995 0.5 1.5 500 6.636 1.771 4 6
tpca 0.999 0.5 1.5 500 7.304 1.753 4 7
mix 0.03 0.5 1.5 500 7.424 2.062 4 7
mix 0.1 0.5 1.5 500 6.86 1.907 4 7
mix 0.3 0.5 1.5 500 6.694 1.873 4 6
mix 1 0.5 1.5 500 6.702 1.896 4 6
max_pca 1 0.5 2 500 1922.284 323.985 579.2 2000
max_pca 2 0.5 2 500 1942.776 315.689 262.325 2000
max_pca 3 0.5 2 500 1934.388 340.705 185.95 2000
max_pca 5 0.5 2 500 1822.054 546.939 109.275 2000
max_pca 10 0.5 2 500 152.764 317.197 33 92
max_pca 20 0.5 2 500 18.33 6.213 8 17
min_pca 1 0.5 2 500 2.896 1.039 2 3
min_pca 2 0.5 2 500 3.184 0.932 2 3
min_pca 3 0.5 2 500 3.26 0.806 2 3
min_pca 5 0.5 2 500 3.42 0.684 2 3
min_pca 10 0.5 2 500 3.984 0.688 3 4
min_pca 20 0.5 2 500 5.142 0.74 4 5
tpca 0.8 0.5 2 500 2.896 1.039 2 3
tpca 0.9 0.5 2 500 2.896 1.039 2 3
tpca 0.95 0.5 2 500 2.896 1.039 2 3
tpca 0.99 0.5 2 500 3.184 0.829 2 3
tpca 0.995 0.5 2 500 3.248 0.718 2 3
tpca 0.999 0.5 2 500 3.424 0.685 2 3
mix 0.03 0.5 2 500 3 0.627 2 3
mix 0.1 0.5 2 500 2.87 0.581 2 3
mix 0.3 0.5 2 500 2.85 0.587 2 3
mix 1 0.5 2 500 2.882 0.614 2 3
max_pca 1 0.3 0.5 500 146.446 273.654 34 94
max_pca 2 0.3 0.5 500 66.612 24.641 27 62
max_pca 3 0.3 0.5 500 53.002 17.051 26 50
max_pca 5 0.3 0.5 500 38.242 11.046 21 36
max_pca 10 0.3 0.5 500 27.48 7.027 15 27
max_pca 20 0.3 0.5 500 22.142 5.8 12.475 21.025
min_pca 1 0.3 0.5 500 5.69 2.591 2 5
min_pca 2 0.3 0.5 500 7.396 2.556 4 7
min_pca 3 0.3 0.5 500 8.104 2.36 4 8
min_pca 5 0.3 0.5 500 9.344 2.363 5.475 9
min_pca 10 0.3 0.5 500 13.672 2.522 9 13
min_pca 20 0.3 0.5 500 22.81 3.123 17 23
tpca 0.8 0.3 0.5 500 5.69 2.591 2 5
tpca 0.9 0.3 0.5 500 5.69 2.591 2 5
tpca 0.95 0.3 0.5 500 5.69 2.591 2 5
tpca 0.99 0.3 0.5 500 7.742 2.303 4 7
tpca 0.995 0.3 0.5 500 8.256 2.152 5 8
tpca 0.999 0.3 0.5 500 9.444 2.356 6 9
mix 0.03 0.3 0.5 500 8.108 1.343 6 8
mix 0.1 0.3 0.5 500 7.17 1.327 5 7
mix 0.3 0.3 0.5 500 6.698 1.285 4 7
mix 1 0.3 0.5 500 6.498 1.392 4 6
max_pca 1 0.3 1.5 500 1916.644 351.899 362.55 2000
max_pca 2 0.3 1.5 500 1957.452 233.059 1111.95 2000
max_pca 3 0.3 1.5 500 1987.484 143.229 2000 2000
max_pca 5 0.3 1.5 500 1999.572 9.57 2000 2000
max_pca 10 0.3 1.5 500 1989.87 118.814 2000 2000
max_pca 20 0.3 1.5 500 1991.724 111.603 2000 2000
min_pca 1 0.3 1.5 500 5.454 2.33 2 5
min_pca 2 0.3 1.5 500 7.148 2.463 4 7
min_pca 3 0.3 1.5 500 7.638 2.175 4 7
min_pca 5 0.3 1.5 500 8.552 2.018 5 8
min_pca 10 0.3 1.5 500 11.226 1.936 8 11
min_pca 20 0.3 1.5 500 15.624 2.07 12 15
tpca 0.8 0.3 1.5 500 5.454 2.33 2 5
tpca 0.9 0.3 1.5 500 5.454 2.33 2 5
tpca 0.95 0.3 1.5 500 5.454 2.33 2 5
tpca 0.99 0.3 1.5 500 7.354 2.163 4 7
tpca 0.995 0.3 1.5 500 7.652 1.988 4 7
tpca 0.999 0.3 1.5 500 8.474 2.015 5 8
mix 0.03 0.3 1.5 500 10.502 3.327 5 10
mix 0.1 0.3 1.5 500 10.062 3.277 5 9
mix 0.3 0.3 1.5 500 9.956 3.356 4.475 9
mix 1 0.3 1.5 500 10.258 3.515 5 10
max_pca 1 0.3 2 500 1942.654 262.811 976.3 2000
max_pca 2 0.3 2 500 1981.914 147.784 2000 2000
max_pca 3 0.3 2 500 1993.238 91.692 2000 2000
max_pca 5 0.3 2 500 1993.848 79.692 2000 2000
max_pca 10 0.3 2 500 1992.408 98.699 2000 2000
max_pca 20 0.3 2 500 84.836 95.393 27.475 70
min_pca 1 0.3 2 500 3.01 1.161 2 3
min_pca 2 0.3 2 500 3.456 1.019 2 3
min_pca 3 0.3 2 500 3.582 0.928 2 3
min_pca 5 0.3 2 500 3.74 0.826 3 4
min_pca 10 0.3 2 500 4.51 0.802 3 4
min_pca 20 0.3 2 500 6.028 0.897 4 6
tpca 0.8 0.3 2 500 3.01 1.161 2 3
tpca 0.9 0.3 2 500 3.01 1.161 2 3
tpca 0.95 0.3 2 500 3.01 1.161 2 3
tpca 0.99 0.3 2 500 3.434 0.871 2 3
tpca 0.995 0.3 2 500 3.552 0.823 2 3
tpca 0.999 0.3 2 500 3.782 0.829 3 4
mix 0.03 0.3 2 500 3.772 0.838 3 4
mix 0.1 0.3 2 500 3.702 0.843 2 4
mix 0.3 0.3 2 500 3.742 0.87 2 4
mix 1 0.3 2 500 3.894 0.955 2 4
max_pca 1 0.1 0.5 500 828.518 865.657 62 198
max_pca 2 0.1 0.5 500 224.852 413.046 47 120
max_pca 3 0.1 0.5 500 113.52 154.654 40 94
max_pca 5 0.1 0.5 500 69.106 22.416 31.475 65
max_pca 10 0.1 0.5 500 50.074 14.528 26 48
max_pca 20 0.1 0.5 500 46.866 14.019 25 45
min_pca 1 0.1 0.5 500 11.528 6.924 3 9
min_pca 2 0.1 0.5 500 16.202 7.585 6 14
min_pca 3 0.1 0.5 500 17.578 6.807 7 16
min_pca 5 0.1 0.5 500 19.662 5.86 10 18
min_pca 10 0.1 0.5 500 27.314 5.67 18 26.025
min_pca 20 0.1 0.5 500 40.692 6.223 29 40
tpca 0.8 0.1 0.5 500 11.528 6.924 3 9
tpca 0.9 0.1 0.5 500 11.528 6.924 3 9
tpca 0.95 0.1 0.5 500 11.528 6.924 3 9
tpca 0.99 0.1 0.5 500 16.314 6.212 7 15
tpca 0.995 0.1 0.5 500 17.26 5.742 8 16
tpca 0.999 0.1 0.5 500 19.544 5.741 10 19
mix 0.03 0.1 0.5 500 14.808 2.863 9 15
mix 0.1 0.1 0.5 500 14.638 3.201 8.475 14
mix 0.3 0.1 0.5 500 15.052 3.827 8 15
mix 1 0.1 0.5 500 16.252 4.612 8 16
max_pca 1 0.1 1.5 500 1754.648 592.537 95.8 2000
max_pca 2 0.1 1.5 500 1656.8 704.664 101 2000
max_pca 3 0.1 1.5 500 1501.842 810.553 96 2000
max_pca 5 0.1 1.5 500 848.058 889.664 79.475 193
max_pca 10 0.1 1.5 500 531.748 754.798 67.475 153.025
max_pca 20 0.1 1.5 500 872.27 896.557 65.325 191.025
min_pca 1 0.1 1.5 500 11.422 8.05 4 9
min_pca 2 0.1 1.5 500 15.73 7.503 6 14
min_pca 3 0.1 1.5 500 16.46 6.515 7 15
min_pca 5 0.1 1.5 500 17.938 5.358 10 17
min_pca 10 0.1 1.5 500 23.542 5.008 15 23
min_pca 20 0.1 1.5 500 32.146 5.13 23 31
tpca 0.8 0.1 1.5 500 11.422 8.05 4 9
tpca 0.9 0.1 1.5 500 11.422 8.05 4 9
tpca 0.95 0.1 1.5 500 11.422 8.05 4 9
tpca 0.99 0.1 1.5 500 15.392 5.898 7 14
tpca 0.995 0.1 1.5 500 15.892 5.32 8 15
tpca 0.999 0.1 1.5 500 17.866 5.295 10 17
mix 0.03 0.1 1.5 500 24.164 10.098 8 22
mix 0.1 0.1 1.5 500 25.042 10.443 9 23
mix 0.3 0.1 1.5 500 27.834 12.213 9 25
mix 1 0.1 1.5 500 31.696 14.729 10.475 28
max_pca 1 0.1 2 500 1881.662 400.735 253.9 2000
max_pca 2 0.1 2 500 1922.332 348.793 279.075 2000
max_pca 3 0.1 2 500 1934.442 326.031 254.225 2000
max_pca 5 0.1 2 500 1868.44 469.821 149.375 2000
max_pca 10 0.1 2 500 1919.038 371.743 179.425 2000
max_pca 20 0.1 2 500 1817.096 527.284 138.475 2000
min_pca 1 0.1 2 500 4.444 2.287 2 4
min_pca 2 0.1 2 500 5.4 2.215 3 5
min_pca 3 0.1 2 500 5.682 1.936 3 5
min_pca 5 0.1 2 500 6.198 1.768 4 6
min_pca 10 0.1 2 500 8.072 1.714 5 8
min_pca 20 0.1 2 500 11.638 2.109 8 11
tpca 0.8 0.1 2 500 4.444 2.287 2 4
tpca 0.9 0.1 2 500 4.444 2.287 2 4
tpca 0.95 0.1 2 500 4.444 2.287 2 4
tpca 0.99 0.1 2 500 5.496 1.913 3 5
tpca 0.995 0.1 2 500 5.672 1.787 3 5
tpca 0.999 0.1 2 500 6.23 1.733 4 6
mix 0.03 0.1 2 500 6.858 2.242 3 6
mix 0.1 0.1 2 500 7.208 2.364 4 7
mix 0.3 0.1 2 500 7.816 2.632 4 7
mix 1 0.1 2 500 8.668 2.995 4 8
max_pca 1 0.05 0.5 500 1100.572 888.532 63.475 678.375
max_pca 2 0.05 0.5 500 483.126 706.408 57 150.025
max_pca 3 0.05 0.5 500 178.61 307.687 46 118.025
max_pca 5 0.05 0.5 500 84.98 28.628 39.475 81
max_pca 10 0.05 0.5 500 61.96 19.074 30 59
max_pca 20 0.05 0.5 500 60.412 18.179 30 58
min_pca 1 0.05 0.5 500 35.228 127.474 5 17
min_pca 2 0.05 0.5 500 37.61 27.308 10 28
min_pca 3 0.05 0.5 500 35.646 18.542 12 30
min_pca 5 0.05 0.5 500 35.11 12.952 16 32
min_pca 10 0.05 0.5 500 44.102 10.757 26 42
min_pca 20 0.05 0.5 500 58.686 10.187 41 57
tpca 0.8 0.05 0.5 500 35.228 127.474 5 17
tpca 0.9 0.05 0.5 500 35.228 127.474 5 17
tpca 0.95 0.05 0.5 500 35.228 127.474 5 17
tpca 0.99 0.05 0.5 500 31.506 16.104 11 27
tpca 0.995 0.05 0.5 500 31.77 13.256 13 29
tpca 0.999 0.05 0.5 500 34.846 12.687 16 32
mix 0.03 0.05 0.5 500 22.06 5.096 12 22
mix 0.1 0.05 0.5 500 23.986 6.048 12 24
mix 0.3 0.05 0.5 500 27.054 7.86 12 26
mix 1 0.05 0.5 500 31.224 10.508 11.475 30
max_pca 1 0.05 1.5 500 1642.588 702.637 106 2000
max_pca 2 0.05 1.5 500 1239.022 891.964 76.9 2000
max_pca 3 0.05 1.5 500 910.382 903.95 74.95 196
max_pca 5 0.05 1.5 500 289.624 516.17 58.475 127.025
max_pca 10 0.05 1.5 500 125.13 174.672 46.475 102
max_pca 20 0.05 1.5 500 177.638 324.423 47 115.025
min_pca 1 0.05 1.5 500 28.566 91.179 4 17
min_pca 2 0.05 1.5 500 34.26 22.71 8.475 26
min_pca 3 0.05 1.5 500 31.722 15.564 12 27
min_pca 5 0.05 1.5 500 32.328 11.079 15.475 30
min_pca 10 0.05 1.5 500 39.35 9.036 23 38
min_pca 20 0.05 1.5 500 49.948 7.919 36 49
tpca 0.8 0.05 1.5 500 28.566 91.179 4 17
tpca 0.9 0.05 1.5 500 28.566 91.179 4 17
tpca 0.95 0.05 1.5 500 28.566 91.179 4 17
tpca 0.99 0.05 1.5 500 29.936 15.081 10 25.025
tpca 0.995 0.05 1.5 500 29.002 11.43 13 26
tpca 0.999 0.05 1.5 500 31.63 10.783 15 29
mix 0.03 0.05 1.5 500 43.61 19.285 15 39
mix 0.1 0.05 1.5 500 51.224 25.079 15.475 46
mix 0.3 0.05 1.5 500 63.41 36.561 15.95 54.025
mix 1 0.05 1.5 500 98.614 132.741 17 70.025
max_pca 1 0.05 2 500 1698 655.305 93.95 2000
max_pca 2 0.05 2 500 1609.264 740.324 94.425 2000
max_pca 3 0.05 2 500 1506.024 807.481 90.425 2000
max_pca 5 0.05 2 500 872.856 895.614 72.95 194
max_pca 10 0.05 2 500 533.664 749.739 70.475 158
max_pca 20 0.05 2 500 816.296 875.744 80.475 189
min_pca 1 0.05 2 500 8.064 6.303 2 6
min_pca 2 0.05 2 500 9.764 5.803 3 8
min_pca 3 0.05 2 500 9.878 4.39 4 9
min_pca 5 0.05 2 500 10.774 3.981 5 10
min_pca 10 0.05 2 500 14.194 3.857 8 14
min_pca 20 0.05 2 500 20.472 4.308 13 20
tpca 0.8 0.05 2 500 8.064 6.303 2 6
tpca 0.9 0.05 2 500 8.064 6.303 2 6
tpca 0.95 0.05 2 500 8.064 6.303 2 6
tpca 0.99 0.05 2 500 9.65 4.724 4 8
tpca 0.995 0.05 2 500 9.736 3.828 4 9
tpca 0.999 0.05 2 500 10.864 4.022 5 10
mix 0.03 0.05 2 500 10.864 4.326 4 10
mix 0.1 0.05 2 500 12.17 4.89 5 11
mix 0.3 0.05 2 500 13.908 5.644 6 12
mix 1 0.05 2 500 16.366 6.888 6 15
max_pca 1 0.02 0.5 500 1259.77 868.468 80.95 2000
max_pca 2 0.02 0.5 500 660.366 820.595 58.475 168
max_pca 3 0.02 0.5 500 268.816 499.384 53.475 122.025
max_pca 5 0.02 0.5 500 91.762 32.991 41.95 85
max_pca 10 0.02 0.5 500 70.144 23.028 32 66
max_pca 20 0.02 0.5 500 70.89 23.556 30.475 67
min_pca 1 0.02 0.5 500 447.96 782.712 8 50
min_pca 2 0.02 0.5 500 463.812 770.042 16.475 86.025
min_pca 3 0.02 0.5 500 244.032 540.635 20 76
min_pca 5 0.02 0.5 500 72.668 28.932 28.475 68
min_pca 10 0.02 0.5 500 75.118 18.791 42 73
min_pca 20 0.02 0.5 500 85.394 14.611 58 84
tpca 0.8 0.02 0.5 500 447.96 782.712 8 50
tpca 0.9 0.02 0.5 500 447.96 782.712 8 50
tpca 0.95 0.02 0.5 500 447.96 782.712 8 50
tpca 0.99 0.02 0.5 500 116.19 285.616 18 65.025
tpca 0.995 0.02 0.5 500 67.996 31.407 23 61
tpca 0.999 0.02 0.5 500 68.886 26.488 27 64
mix 0.03 0.02 0.5 500 43.046 12.117 21 42
mix 0.1 0.02 0.5 500 53.576 17.744 19.475 52
mix 0.3 0.02 0.5 500 68.354 26.386 21 66
mix 1 0.02 0.5 500 88.774 40.658 20.475 84
max_pca 1 0.02 1.5 500 1503.7 780.42 80.475 2000
max_pca 2 0.02 1.5 500 980.794 903.908 67.475 230.175
max_pca 3 0.02 1.5 500 582.28 782.23 51 164
max_pca 5 0.02 1.5 500 133.294 193.372 43 105
max_pca 10 0.02 1.5 500 86.256 29.969 39.475 81
max_pca 20 0.02 1.5 500 93.852 34.095 40 88
min_pca 1 0.02 1.5 500 433.812 765.47 9 58.025
min_pca 2 0.02 1.5 500 517.104 803.237 17.475 96
min_pca 3 0.02 1.5 500 192.532 442.678 24 79
min_pca 5 0.02 1.5 500 72.552 28.462 29 69
min_pca 10 0.02 1.5 500 72.614 17.883 40.475 71
min_pca 20 0.02 1.5 500 79.968 13.279 56 79
tpca 0.8 0.02 1.5 500 433.812 765.47 9 58.025
tpca 0.9 0.02 1.5 500 433.812 765.47 9 58.025
tpca 0.95 0.02 1.5 500 433.812 765.47 9 58.025
tpca 0.99 0.02 1.5 500 140.21 351.482 21 65.025
tpca 0.995 0.02 1.5 500 69.23 29.922 24 64
tpca 0.999 0.02 1.5 500 68.778 25.717 29 65
mix 0.03 0.02 1.5 500 326.584 546.768 26 109
mix 0.1 0.02 1.5 500 499.632 601.916 21.475 171.075
mix 0.3 0.02 1.5 500 583.032 589.567 23 294.225
mix 1 0.02 1.5 500 574.522 551.918 18 354
max_pca 1 0.02 2 500 1579.476 739.43 92.475 2000
max_pca 2 0.02 2 500 1161.358 896.124 80.95 1720.325
max_pca 3 0.02 2 500 823.692 884.927 60.95 193
max_pca 5 0.02 2 500 230.7 434.205 51.475 121
max_pca 10 0.02 2 500 103.28 91.517 44 94
max_pca 20 0.02 2 500 129.858 192.217 46.475 105
min_pca 1 0.02 2 500 119.4 423.69 3 14
min_pca 2 0.02 2 500 54.676 216.863 5 20
min_pca 3 0.02 2 500 27.304 20.495 6 22
min_pca 5 0.02 2 500 25.47 12.928 8 22
min_pca 10 0.02 2 500 30.948 10.796 14 29
min_pca 20 0.02 2 500 40.85 10.412 24 39
tpca 0.8 0.02 2 500 119.4 423.69 3 14
tpca 0.9 0.02 2 500 119.4 423.69 3 14
tpca 0.95 0.02 2 500 119.4 423.69 3 14
tpca 0.99 0.02 2 500 25.538 20.475 6 19
tpca 0.995 0.02 2 500 23.606 13.825 6 20
tpca 0.999 0.02 2 500 25.342 13.481 8 22
mix 0.03 0.02 2 500 22.404 10.688 7 20
mix 0.1 0.02 2 500 28.566 14.117 7.475 25
mix 0.3 0.02 2 500 38.342 21.651 9 33
mix 1 0.02 2 500 57.878 69.217 10.475 43
