method method_param p change_param n_sim edd sd_edd edd_lower edd_upper
max_pca 1 0.98 0.5 500 126.388 175.986 46.475 99
max_pca 2 0.98 0.5 500 100.032 91.359 41.475 91
max_pca 3 0.98 0.5 500 72.832 23.18 33.475 68
max_pca 5 0.98 0.5 500 43.798 10.675 25.475 42
max_pca 10 0.98 0.5 500 30.598 6.902 19 30
max_pca 20 0.98 0.5 500 21.074 4.626 13 20
min_pca 1 0.98 0.5 500 1944.478 316.101 195.75 2000
min_pca 2 0.98 0.5 500 22.158 4.791 14 21
min_pca 3 0.98 0.5 500 19.878 3.899 14 19
min_pca 5 0.98 0.5 500 25.58 4.337 18 25
min_pca 10 0.98 0.5 500 22.838 2.702 18 23
min_pca 20 0.98 0.5 500 25.988 2.478 22 26
tpca 0.8 0.98 0.5 500 22.852 2.926 18 23
tpca 0.9 0.98 0.5 500 24.328 2.734 19 24
tpca 0.95 0.98 0.5 500 25.706 2.75 21 25
tpca 0.99 0.98 0.5 500 25.936 2.536 21 26
tpca 0.995 0.98 0.5 500 25.936 2.536 21 26
tpca 0.999 0.98 0.5 500 25.936 2.536 21 26
mix 0.03 0.98 0.5 500 7.152 1.63 4 7
mix 0.1 0.98 0.5 500 6.154 1.379 4 6
mix 0.3 0.98 0.5 500 5.586 1.275 3 6
mix 1 0.98 0.5 500 5.242 1.181 3 5
max_pca 1 0.98 0.7 500 65.846 24.835 28 60
max_pca 2 0.98 0.7 500 62.974 21.225 30.475 59
max_pca 3 0.98 0.7 500 46.976 13.131 24 45
max_pca 5 0.98 0.7 500 28.194 6.516 17 27
max_pca 10 0.98 0.7 500 19.71 4.059 13 19
max_pca 20 0.98 0.7 500 13.21 2.558 9 13
min_pca 1 0.98 0.7 500 1767.162 619.652 84.85 2000
min_pca 2 0.98 0.7 500 13.186 2.492 9 13
min_pca 3 0.98 0.7 500 11.772 2.038 8 12
min_pca 5 0.98 0.7 500 16.196 2.563 12 16
min_pca 10 0.98 0.7 500 14.134 1.715 11 14
min_pca 20 0.98 0.7 500 16.282 1.596 13.475 16
tpca 0.8 0.98 0.7 500 14.258 1.759 11 14
tpca 0.9 0.98 0.7 500 15.03 1.701 12 15
tpca 0.95 0.98 0.7 500 16.038 1.727 13 16
tpca 0.99 0.98 0.7 500 16.22 1.606 13 16
tpca 0.995 0.98 0.7 500 16.22 1.606 13 16
tpca 0.999 0.98 0.7 500 16.22 1.606 13 16
mix 0.03 0.98 0.7 500 4.63 0.789 3 5
mix 0.1 0.98 0.7 500 4.036 0.737 3 4
mix 0.3 0.98 0.7 500 3.704 0.667 3 4
mix 1 0.98 0.7 500 3.464 0.614 3 3
max_pca 1 0.98 1 500 36.322 12.872 18 34
max_pca 2 0.98 1 500 37.942 12.032 20 36
max_pca 3 0.98 1 500 27.174 6.803 15.475 26
max_pca 5 0.98 1 500 16.422 3.374 10 16
max_pca 10 0.98 1 500 11.742 2.135 8 12
max_pca 20 0.98 1 500 7.93 1.403 5 8
min_pca 1 0.98 1 500 1472.218 847.537 55.95 2000
min_pca 2 0.98 1 500 7.852 1.376 6 8
min_pca 3 0.98 1 500 6.988 1.032 5 7
min_pca 5 0.98 1 500 9.916 1.429 8 10
min_pca 10 0.98 1 500 8.566 0.905 7 8
min_pca 20 0.98 1 500 9.718 0.863 8 10
tpca 0.8 0.98 1 500 8.602 0.945 7 9
tpca 0.9 0.98 1 500 8.99 0.881 8 9
tpca 0.95 0.98 1 500 9.624 0.917 8 10
tpca 0.99 0.98 1 500 9.662 0.882 8 10
tpca 0.995 0.98 1 500 9.662 0.882 8 10
tpca 0.999 0.98 1 500 9.662 0.882 8 10
mix 0.03 0.98 1 500 3.122 0.433 2 3
mix 0.1 0.98 1 500 2.868 0.388 2 3
mix 0.3 0.98 1 500 2.63 0.496 2 3
mix 1 0.98 1 500 2.44 0.501 2 2
max_pca 1 0.95 0.5 500 155.986 295.898 37.475 97.025
max_pca 2 0.95 0.5 500 99.296 93.15 41.475 87
max_pca 3 0.95 0.5 500 72.494 23.479 33.475 68
max_pca 5 0.95 0.5 500 43.762 11.43 25 42
max_pca 10 0.95 0.5 500 30.712 6.83 18.475 30
max_pca 20 0.95 0.5 500 21.72 4.724 13 21
min_pca 1 0.95 0.5 500 1776.8 605.176 107.425 2000
min_pca 2 0.95 0.5 500 22.866 6.157 13.475 22
min_pca 3 0.95 0.5 500 20.412 4.515 13 19
min_pca 5 0.95 0.5 500 25.994 4.863 18 25
min_pca 10 0.95 0.5 500 23.642 3.252 18 23
min_pca 20 0.95 0.5 500 26.746 2.97 22 26
tpca 0.8 0.95 0.5 500 23.632 3.472 18 23
tpca 0.9 0.95 0.5 500 25.124 3.139 20 25
tpca 0.95 0.95 0.5 500 26.416 3.139 21 26
tpca 0.99 0.95 0.5 500 26.632 2.959 22 26
tpca 0.995 0.95 0.5 500 26.632 2.959 22 26
tpca 0.999 0.95 0.5 500 26.632 2.959 22 26
mix 0.03 0.95 0.5 500 7.504 1.703 5 7
mix 0.1 0.95 0.5 500 6.456 1.4 4 6
mix 0.3 0.95 0.5 500 5.84 1.264 4 6
mix 1 0.95 0.5 500 5.498 1.217 3 5
max_pca 1 0.95 0.7 500 69.748 31.414 22 63
max_pca 2 0.95 0.7 500 66.21 23.299 30.475 62.025
max_pca 3 0.95 0.7 500 48.55 13.777 23.95 47
max_pca 5 0.95 0.7 500 28.376 7.142 16 27
max_pca 10 0.95 0.7 500 19.918 4.32 12.475 19.025
max_pca 20 0.95 0.7 500 13.664 2.932 9 13
min_pca 1 0.95 0.7 500 1538.612 813.264 49.475 2000
min_pca 2 0.95 0.7 500 13.6 3.504 8 13
min_pca 3 0.95 0.7 500 12.28 2.771 8 12
min_pca 5 0.95 0.7 500 16.698 3.137 12 16
min_pca 10 0.95 0.7 500 14.686 2.1 11 14
min_pca 20 0.95 0.7 500 16.714 1.939 13 17
tpca 0.8 0.95 0.7 500 14.724 2.178 11 14
tpca 0.9 0.95 0.7 500 15.562 2.108 12 15
tpca 0.95 0.95 0.7 500 16.458 2.134 13 16
tpca 0.99 0.95 0.7 500 16.622 1.943 13 16
tpca 0.995 0.95 0.7 500 16.622 1.943 13 16
tpca 0.999 0.95 0.7 500 16.622 1.943 13 16
mix 0.03 0.95 0.7 500 4.73 0.859 3 5
mix 0.1 0.95 0.7 500 4.108 0.73 3 4
mix 0.3 0.95 0.7 500 3.768 0.701 3 4
mix 1 0.95 0.7 500 3.574 0.694 2 4
max_pca 1 0.95 1 500 40.036 15.594 17 36
max_pca 2 0.95 1 500 41.28 14.113 19 38
max_pca 3 0.95 1 500 29.47 8.243 15.475 28
max_pca 5 0.95 1 500 17.216 4.061 10 16
max_pca 10 0.95 1 500 11.968 2.318 8 12
max_pca 20 0.95 1 500 8.056 1.429 5.475 8
min_pca 1 0.95 1 500 1206.948 941.182 24.475 2000
min_pca 2 0.95 1 500 8.134 1.798 5 8
min_pca 3 0.95 1 500 7.342 1.493 5 7
min_pca 5 0.95 1 500 10.188 1.884 7 10
min_pca 10 0.95 1 500 8.738 1.227 7 9
min_pca 20 0.95 1 500 9.926 1.124 8 10
tpca 0.8 0.95 1 500 8.818 1.241 7 9
tpca 0.9 0.95 1 500 9.23 1.161 7 9
tpca 0.95 0.95 1 500 9.826 1.216 8 10
tpca 0.99 0.95 1 500 9.892 1.097 8 10
tpca 0.995 0.95 1 500 9.892 1.097 8 10
tpca 0.999 0.95 1 500 9.892 1.097 8 10
mix 0.03 0.95 1 500 3.184 0.459 2 3
mix 0.1 0.95 1 500 2.904 0.373 2 3
mix 0.3 0.95 1 500 2.704 0.461 2 3
mix 1 0.95 1 500 2.508 0.5 2 2
max_pca 1 0.9 0.5 500 245.81 476.13 38.475 105.025
max_pca 2 0.9 0.5 500 125.6 211.365 41.475 93
max_pca 3 0.9 0.5 500 77.406 28.923 31.475 73.025
max_pca 5 0.9 0.5 500 45.656 11.783 25 45
max_pca 10 0.9 0.5 500 32.222 7.365 19 31
max_pca 20 0.9 0.5 500 22.494 5.195 14 22
min_pca 1 0.9 0.5 500 1609.718 762.626 65.275 2000
min_pca 2 0.9 0.5 500 25.186 8.901 13 23
min_pca 3 0.9 0.5 500 22.834 6.753 13 21
min_pca 5 0.9 0.5 500 27.526 6.655 17 26
min_pca 10 0.9 0.5 500 24.488 4.241 17 24
min_pca 20 0.9 0.5 500 27.644 3.793 21 27
tpca 0.8 0.9 0.5 500 24.596 4.409 17 24
tpca 0.9 0.9 0.5 500 26.064 4.175 19 25
tpca 0.95 0.9 0.5 500 27.264 4.149 20 27
tpca 0.99 0.9 0.5 500 27.474 3.781 21 27
tpca 0.995 0.9 0.5 500 27.474 3.781 21 27
tpca 0.999 0.9 0.5 500 27.474 3.781 21 27
mix 0.03 0.9 0.5 500 7.832 1.739 5 8
mix 0.1 0.9 0.5 500 6.722 1.501 4 7
mix 0.3 0.9 0.5 500 6.092 1.344 4 6
mix 1 0.9 0.5 500 5.746 1.262 3 6
max_pca 1 0.9 0.7 500 82.8 127.332 26 65.025
max_pca 2 0.9 0.7 500 70.05 31.563 29 63
max_pca 3 0.9 0.7 500 51.444 17.4 22.475 49
max_pca 5 0.9 0.7 500 30.668 7.987 18 29
max_pca 10 0.9 0.7 500 21.468 4.792 13 21
max_pca 20 0.9 0.7 500 14.282 3.135 9 14
min_pca 1 0.9 0.7 500 1336.12 910.099 27 2000
min_pca 2 0.9 0.7 500 14.864 5.43 8 14
min_pca 3 0.9 0.7 500 13.31 3.839 8 12
min_pca 5 0.9 0.7 500 17.392 4.359 11 17
min_pca 10 0.9 0.7 500 15.466 2.673 11 15
min_pca 20 0.9 0.7 500 17.484 2.247 14 17
tpca 0.8 0.9 0.7 500 15.428 2.739 11 15
tpca 0.9 0.9 0.7 500 16.342 2.459 12 16
tpca 0.95 0.9 0.7 500 17.232 2.482 13 17
tpca 0.99 0.9 0.7 500 17.424 2.278 14 17
tpca 0.995 0.9 0.7 500 17.424 2.278 14 17
tpca 0.999 0.9 0.7 500 17.424 2.278 14 17
mix 0.03 0.9 0.7 500 4.854 0.884 3 5
mix 0.1 0.9 0.7 500 4.204 0.767 3 4
mix 0.3 0.9 0.7 500 3.836 0.703 3 4
mix 1 0.9 0.7 500 3.608 0.686 2 4
max_pca 1 0.9 1 500 44.684 20.86 18 40
max_pca 2 0.9 1 500 44.052 17.281 20 40
max_pca 3 0.9 1 500 31.39 10.325 15.475 29
max_pca 5 0.9 1 500 18.774 5.133 11 18
max_pca 10 0.9 1 500 13.06 2.96 8 13
max_pca 20 0.9 1 500 8.606 1.697 6 8
min_pca 1 0.9 1 500 999.96 962.443 15.475 159.025
min_pca 2 0.9 1 500 8.762 2.725 5 8
min_pca 3 0.9 1 500 7.812 2.078 5 7
min_pca 5 0.9 1 500 10.56 2.558 7 10
min_pca 10 0.9 1 500 9.248 1.471 7 9
min_pca 20 0.9 1 500 10.358 1.342 8 10
tpca 0.8 0.9 1 500 9.284 1.575 7 9
tpca 0.9 0.9 1 500 9.694 1.43 7 9
tpca 0.95 0.9 1 500 10.292 1.472 8 10
tpca 0.99 0.9 1 500 10.328 1.298 8 10
tpca 0.995 0.9 1 500 10.328 1.298 8 10
tpca 0.999 0.9 1 500 10.328 1.298 8 10
mix 0.03 0.9 1 500 3.22 0.473 3 3
mix 0.1 0.9 1 500 2.924 0.408 2 3
mix 0.3 0.9 1 500 2.734 0.451 2 3
mix 1 0.9 1 500 2.576 0.495 2 3
max_pca 1 0.7 0.5 500 535.246 759.881 38.425 148
max_pca 2 0.7 0.5 500 198.846 382.26 45.95 107
max_pca 3 0.7 0.5 500 109.232 174.404 40 85
max_pca 5 0.7 0.5 500 57.718 17.752 27.95 55
max_pca 10 0.7 0.5 500 40.438 10.765 24 39
max_pca 20 0.7 0.5 500 28.47 7.287 15.475 28
min_pca 1 0.7 0.5 500 1213.9 940.594 30.475 2000
min_pca 2 0.7 0.5 500 47.04 126.76 13 28
min_pca 3 0.7 0.5 500 33.252 18.899 14 27
min_pca 5 0.7 0.5 500 33.88 12.385 18 31
min_pca 10 0.7 0.5 500 30.292 7.047 19.475 29
min_pca 20 0.7 0.5 500 32.474 5.471 23 32
tpca 0.8 0.7 0.5 500 30.262 7.4 19 29
tpca 0.9 0.7 0.5 500 31.606 6.416 21 30
tpca 0.95 0.7 0.5 500 32.436 6.289 22.475 31
tpca 0.99 0.7 0.5 500 32.368 5.47 23 32
tpca 0.995 0.7 0.5 500 32.368 5.47 23 32
tpca 0.999 0.7 0.5 500 32.368 5.47 23 32
mix 0.03 0.7 0.5 500 8.956 2.15 5 9
mix 0.1 0.7 0.5 500 7.7 1.863 4 8
mix 0.3 0.7 0.5 500 7.136 1.711 4 7
mix 1 0.7 0.5 500 6.83 1.656 4 7
max_pca 1 0.7 0.7 500 303.812 581.134 35.475 92
max_pca 2 0.7 0.7 500 127.128 271.909 32.475 77.025
max_pca 3 0.7 0.7 500 71.538 90.99 27.475 63
max_pca 5 0.7 0.7 500 40.94 13.552 20.475 38
max_pca 10 0.7 0.7 500 27.832 7.617 17 26
max_pca 20 0.7 0.7 500 18.286 4.747 10 17
min_pca 1 0.7 0.7 500 932.312 959.697 14 139.025
min_pca 2 0.7 0.7 500 27.494 89.946 8 18
min_pca 3 0.7 0.7 500 19.94 11.017 8 17
min_pca 5 0.7 0.7 500 22.026 9.283 11 20
min_pca 10 0.7 0.7 500 19.376 4.989 12 18
min_pca 20 0.7 0.7 500 20.932 3.973 14 20
tpca 0.8 0.7 0.7 500 19.5 5.375 12 18
tpca 0.9 0.7 0.7 500 20.102 4.668 13 19
tpca 0.95 0.7 0.7 500 20.858 4.538 14 20
tpca 0.99 0.7 0.7 500 20.968 4.111 14 20
tpca 0.995 0.7 0.7 500 20.968 4.111 14 20
tpca 0.999 0.7 0.7 500 20.968 4.111 14 20
mix 0.03 0.7 0.7 500 5.636 1.065 4 6
mix 0.1 0.7 0.7 500 4.946 0.986 3 5
mix 0.3 0.7 0.7 500 4.562 0.921 3 4
mix 1 0.7 0.7 500 4.348 0.86 3 4
max_pca 1 0.7 1 500 177.248 439.235 19.475 59
max_pca 2 0.7 1 500 79.51 176.23 21 54
max_pca 3 0.7 1 500 45.824 22.113 17 40
max_pca 5 0.7 1 500 26.152 8.662 13 24.025
max_pca 10 0.7 1 500 17.224 4.496 10 17
max_pca 20 0.7 1 500 10.942 2.472 7 11
min_pca 1 0.7 1 500 738.076 927.813 8 84
min_pca 2 0.7 1 500 17.416 89.714 5 9
min_pca 3 0.7 1 500 11.412 6.808 5 9
min_pca 5 0.7 1 500 13.042 5.466 6 12
min_pca 10 0.7 1 500 11.548 3.002 7 11
min_pca 20 0.7 1 500 12.488 2.508 9 12
tpca 0.8 0.7 1 500 11.676 3.302 7 11
tpca 0.9 0.7 1 500 11.976 2.855 8 11
tpca 0.95 0.7 1 500 12.488 2.808 8 12
tpca 0.99 0.7 1 500 12.508 2.534 9 12
tpca 0.995 0.7 1 500 12.508 2.534 9 12
tpca 0.999 0.7 1 500 12.508 2.534 9 12
mix 0.03 0.7 1 500 3.62 0.58 3 4
mix 0.1 0.7 1 500 3.214 0.491 2 3
mix 0.3 0.7 1 500 3.026 0.462 2 3
mix 1 0.7 1 500 2.908 0.46 2 3
max_pca 1 0.5 0.5 500 820.132 885.566 51.475 184.05
max_pca 2 0.5 0.5 500 348.938 601.413 50.475 131
max_pca 3 0.5 0.5 500 130.086 211.053 48 98
max_pca 5 0.5 0.5 500 70.76 22.557 36.475 65.025
max_pca 10 0.5 0.5 500 49.514 12.957 29 47
max_pca 20 0.5 0.5 500 35.326 9.098 20.475 34
min_pca 1 0.5 0.5 500 1200.862 944.497 22.95 2000
min_pca 2 0.5 0.5 500 131.216 373.702 15 45
min_pca 3 0.5 0.5 500 55.64 126.402 15.475 41
min_pca 5 0.5 0.5 500 42.034 15.449 19 39
min_pca 10 0.5 0.5 500 37.874 9.597 22 36
min_pca 20 0.5 0.5 500 39.154 7.056 27.475 39
tpca 0.8 0.5 0.5 500 38.08 10.319 21.475 36
tpca 0.9 0.5 0.5 500 39.056 8.572 25 38
tpca 0.95 0.5 0.5 500 39.592 8.13 25.475 39
tpca 0.99 0.5 0.5 500 39.138 7.008 27 38
tpca 0.995 0.5 0.5 500 39.138 7.008 27 38
tpca 0.999 0.5 0.5 500 39.138 7.008 27 38
mix 0.03 0.5 0.5 500 11.206 2.964 6 11
mix 0.1 0.5 0.5 500 9.938 2.66 5 10
mix 0.3 0.5 0.5 500 9.206 2.513 5 9
mix 1 0.5 0.5 500 8.93 2.464 5 9
max_pca 1 0.5 0.7 500 687.396 852.602 40 150
max_pca 2 0.5 0.7 500 263.582 515.183 38.475 108.025
max_pca 3 0.5 0.7 500 96.622 126.364 34.475 81
max_pca 5 0.5 0.7 500 54.856 19.076 28 50
max_pca 10 0.5 0.7 500 36.362 10.718 20.475 35
max_pca 20 0.5 0.7 500 24.36 6.574 14 24
min_pca 1 0.5 0.7 500 857.908 949.901 12 119.025
min_pca 2 0.5 0.7 500 83.598 302.523 9 25
min_pca 3 0.5 0.7 500 37.568 126.312 10 23
min_pca 5 0.5 0.7 500 28.67 14.135 13 25
min_pca 10 0.5 0.7 500 25.578 8.093 15 24
min_pca 20 0.5 0.7 500 26.622 5.805 18 25
tpca 0.8 0.5 0.7 500 25.76 8.649 14 23
tpca 0.9 0.5 0.7 500 26.268 7.141 16 25
tpca 0.95 0.5 0.7 500 26.652 6.806 17 25
tpca 0.99 0.5 0.7 500 26.544 5.691 17.475 25
tpca 0.995 0.5 0.7 500 26.544 5.691 17.475 25
tpca 0.999 0.5 0.7 500 26.544 5.691 17.475 25
mix 0.03 0.5 0.7 500 6.772 1.352 4 7
mix 0.1 0.5 0.7 500 5.988 1.218 4 6
mix 0.3 0.5 0.7 500 5.59 1.204 3 5
mix 1 0.5 0.7 500 5.408 1.21 3 5
max_pca 1 0.5 1 500 401.518 701.165 26 87
max_pca 2 0.5 1 500 153.124 360.614 25.95 70
max_pca 3 0.5 1 500 63.768 34.985 24 54
max_pca 5 0.5 1 500 36.814 14.504 16 33
max_pca 10 0.5 1 500 24.066 7.769 13 23
max_pca 20 0.5 1 500 15.194 4.24 8 14
min_pca 1 0.5 1 500 620.178 892.064 6 50
min_pca 2 0.5 1 500 29.398 126.915 5 14
min_pca 3 0.5 1 500 17.648 14.326 6 13
min_pca 5 0.5 1 500 17.25 8.659 7 15
min_pca 10 0.5 1 500 15.466 4.981 9 14
min_pca 20 0.5 1 500 16.244 3.747 11 16
tpca 0.8 0.5 1 500 15.636 5.561 8 14
tpca 0.9 0.5 1 500 15.928 4.52 9 15
tpca 0.95 0.5 1 500 16.24 4.341 10 15
tpca 0.99 0.5 1 500 16.18 3.731 10 16
tpca 0.995 0.5 1 500 16.18 3.731 10 16
tpca 0.999 0.5 1 500 16.18 3.731 10 16
mix 0.03 0.5 1 500 4.168 0.71 3 4
mix 0.1 0.5 1 500 3.78 0.655 3 4
mix 0.3 0.5 1 500 3.548 0.633 3 3
mix 1 0.5 1 500 3.432 0.615 2 3
max_pca 1 0.3 0.5 500 1280.25 887.667 76 2000
max_pca 2 0.3 0.5 500 528.466 749.851 64.475 161.025
max_pca 3 0.3 0.5 500 156.282 253.511 53 115
max_pca 5 0.3 0.5 500 84.952 26.439 41 81
max_pca 10 0.3 0.5 500 61.24 17.004 35 58.025
max_pca 20 0.3 0.5 500 45.97 12.642 24.475 44
min_pca 1 0.3 0.5 500 1223.294 940.929 26.425 2000
min_pca 2 0.3 0.5 500 279.682 588.266 23.475 72
min_pca 3 0.3 0.5 500 82.858 153.581 25 60
min_pca 5 0.3 0.5 500 55.53 18.828 28 52
min_pca 10 0.3 0.5 500 50.4 11.954 31.475 48
min_pca 20 0.3 0.5 500 51.028 8.53 36 50
tpca 0.8 0.3 0.5 500 51.224 12.714 31 49
tpca 0.9 0.3 0.5 500 51.788 11.053 33.475 50
tpca 0.95 0.3 0.5 500 51.504 10.02 34.475 50
tpca 0.99 0.3 0.5 500 50.76 8.517 36 50
tpca 0.995 0.3 0.5 500 50.76 8.517 36 50
tpca 0.999 0.3 0.5 500 50.76 8.517 36 50
mix 0.03 0.3 0.5 500 15.912 4.332 8 16
mix 0.1 0.3 0.5 500 14.506 4.024 7.475 14
mix 0.3 0.3 0.5 500 13.976 4.072 6 14
mix 1 0.3 0.5 500 13.954 4.332 6 13
max_pca 1 0.3 0.7 500 978.612 916.875 55 220.025
max_pca 2 0.3 0.7 500 360.556 614.776 47.95 127
max_pca 3 0.3 0.7 500 143.364 269.019 43.95 97
max_pca 5 0.3 0.7 500 71.08 25.215 33 66
max_pca 10 0.3 0.7 500 49.74 15.069 28 46.025
max_pca 20 0.3 0.7 500 34.69 9.877 19 33
min_pca 1 0.3 0.7 500 946.626 958.451 16 155.025
min_pca 2 0.3 0.7 500 184.76 477.138 13.475 46
min_pca 3 0.3 0.7 500 58.672 127.617 15 39.025
min_pca 5 0.3 0.7 500 41.542 18.911 17.475 36.025
min_pca 10 0.3 0.7 500 36.45 11.052 20 34
min_pca 20 0.3 0.7 500 36.434 7.567 24 35
tpca 0.8 0.3 0.7 500 37.062 11.875 20 34
tpca 0.9 0.3 0.7 500 37.152 9.983 23 35
tpca 0.95 0.3 0.7 500 37.07 9.052 22.475 36
tpca 0.99 0.3 0.7 500 36.464 7.593 24 35
tpca 0.995 0.3 0.7 500 36.464 7.593 24 35
tpca 0.999 0.3 0.7 500 36.464 7.593 24 35
mix 0.03 0.3 0.7 500 9.02 2.214 5 9
mix 0.1 0.3 0.7 500 8.342 2.06 4 8
mix 0.3 0.3 0.7 500 8.064 2.051 4 8
mix 1 0.3 0.7 500 8.082 2.133 4 8
max_pca 1 0.3 1 500 696.208 857.872 35 146
max_pca 2 0.3 1 500 254.396 512.32 34.475 95.025
max_pca 3 0.3 1 500 103.516 212.177 32 71
max_pca 5 0.3 1 500 53.518 20.049 24.475 49
max_pca 10 0.3 1 500 36.064 11.451 19 33
max_pca 20 0.3 1 500 23.018 6.459 13 22
min_pca 1 0.3 1 500 656.14 898.366 9 69
min_pca 2 0.3 1 500 97.858 336.864 8 26
min_pca 3 0.3 1 500 35.612 91.268 9 23
min_pca 5 0.3 1 500 26.952 14.067 11 22.025
min_pca 10 0.3 1 500 23.974 8.317 13 22
min_pca 20 0.3 1 500 23.722 5.614 16 22
tpca 0.8 0.3 1 500 24.13 8.667 12 22
tpca 0.9 0.3 1 500 23.932 7.079 14 22
tpca 0.95 0.3 1 500 23.954 6.473 14 23
tpca 0.99 0.3 1 500 23.768 5.569 15 23
tpca 0.995 0.3 1 500 23.768 5.569 15 23
tpca 0.999 0.3 1 500 23.768 5.569 15 23
mix 0.03 0.3 1 500 5.308 1 4 5
mix 0.1 0.3 1 500 4.918 0.956 3 5
mix 0.3 0.3 1 500 4.716 0.982 3 5
mix 1 0.3 1 500 4.696 1.061 3 5
max_pca 1 0.1 0.5 500 1566.372 767.382 105 2000
max_pca 2 0.1 0.5 500 760.36 865.021 70.95 180
max_pca 3 0.1 0.5 500 233.596 433.276 58.475 124
max_pca 5 0.1 0.5 500 101.04 91.111 47 91
max_pca 10 0.1 0.5 500 74.944 20.186 40.475 73
max_pca 20 0.1 0.5 500 63.566 16.498 35 61
min_pca 1 0.1 0.5 500 1577.56 787.339 58 2000
min_pca 2 0.1 0.5 500 809.78 905.916 49.425 163
min_pca 3 0.1 0.5 500 219.144 427.657 54 115
min_pca 5 0.1 0.5 500 81.716 20.58 48 77.025
min_pca 10 0.1 0.5 500 75.528 13.532 52 74
min_pca 20 0.1 0.5 500 74.39 9.691 57 73
tpca 0.8 0.1 0.5 500 76.802 14.807 53 74
tpca 0.9 0.1 0.5 500 77.67 12.394 57 76
tpca 0.95 0.1 0.5 500 75.762 11.34 56 74
tpca 0.99 0.1 0.5 500 74.382 9.871 56 73
tpca 0.995 0.1 0.5 500 74.382 9.871 56 73
tpca 0.999 0.1 0.5 500 74.382 9.871 56 73
mix 0.03 0.1 0.5 500 36.176 11.506 16 34
mix 0.1 0.1 0.5 500 36.648 12.472 14.475 35
mix 0.3 0.1 0.5 500 39.044 14.139 15 37
mix 1 0.1 0.5 500 43.228 17.729 14 39.025
max_pca 1 0.1 0.7 500 1457.398 819.361 101.475 2000
max_pca 2 0.1 0.7 500 645.978 810.682 65 172
max_pca 3 0.1 0.7 500 208.82 387.252 57 122
max_pca 5 0.1 0.7 500 93.86 29.371 45.475 89
max_pca 10 0.1 0.7 500 69.58 18.334 37 67
max_pca 20 0.1 0.7 500 56.224 15.327 28.475 53
min_pca 1 0.1 0.7 500 1354.644 900.506 33.95 2000
min_pca 2 0.1 0.7 500 492.466 769.656 35.475 110
min_pca 3 0.1 0.7 500 130.014 270.05 34 83
min_pca 5 0.1 0.7 500 67.596 19.342 35.475 65
min_pca 10 0.1 0.7 500 62.338 12.836 40 61
min_pca 20 0.1 0.7 500 61.302 9.448 43 60
tpca 0.8 0.1 0.7 500 63.452 13.746 39.475 62
tpca 0.9 0.1 0.7 500 63.574 11.517 42 62
tpca 0.95 0.1 0.7 500 62.426 10.744 43 61
tpca 0.99 0.1 0.7 500 61.278 9.39 44 60
tpca 0.995 0.1 0.7 500 61.278 9.39 44 60
tpca 0.999 0.1 0.7 500 61.278 9.39 44 60
mix 0.03 0.1 0.7 500 18.774 5.558 8 18
mix 0.1 0.1 0.7 500 19.088 5.935 8 18
mix 0.3 0.1 0.7 500 20.236 6.675 8 20
mix 1 0.1 0.7 500 22.23 8.112 8 21
max_pca 1 0.1 1 500 1263.612 892.606 73.375 2000
max_pca 2 0.1 1 500 521.364 751.529 63.475 144
max_pca 3 0.1 1 500 190.796 372.657 52 109
max_pca 5 0.1 1 500 83.554 28.098 40.475 79
max_pca 10 0.1 1 500 60.738 17.068 32 58.025
max_pca 20 0.1 1 500 44.466 12.339 24 42
min_pca 1 0.1 1 500 984.922 961.442 19 170.025
min_pca 2 0.1 1 500 293.186 608.393 18 70.025
min_pca 3 0.1 1 500 86.8 196.425 19.475 56
min_pca 5 0.1 1 500 49.462 18.822 21 46
min_pca 10 0.1 1 500 44.868 11.761 26 43
min_pca 20 0.1 1 500 44.516 8.049 31 43
tpca 0.8 0.1 1 500 45.426 12.4 26 44
tpca 0.9 0.1 1 500 45.58 10.566 28 44
tpca 0.95 0.1 1 500 44.88 9.451 29 44
tpca 0.99 0.1 1 500 44.274 7.943 31 43
tpca 0.995 0.1 1 500 44.274 7.943 31 43
tpca 0.999 0.1 1 500 44.274 7.943 31 43
mix 0.03 0.1 1 500 9.562 2.368 6 9
mix 0.1 0.1 1 500 9.656 2.47 5 9
mix 0.3 0.1 1 500 10.136 2.732 5 10
mix 1 0.1 1 500 11.256 3.278 6 11
max_pca 1 0.05 0.5 500 1660.172 699.829 108.95 2000
max_pca 2 0.05 0.5 500 924.8 902.557 82.425 200.025
max_pca 3 0.05 0.5 500 258.104 458.804 61.475 135
max_pca 5 0.05 0.5 500 106.278 89.66 53.475 97
max_pca 10 0.05 0.5 500 79.592 21.211 43.475 79
max_pca 20 0.05 0.5 500 70.482 19.072 37.425 68
min_pca 1 0.05 0.5 500 1854.966 499.277 129.425 2000
min_pca 2 0.05 0.5 500 1175.012 920.664 88.475 2000
min_pca 3 0.05 0.5 500 378.964 622.416 85 145
min_pca 5 0.05 0.5 500 96.738 19.497 65.475 93
min_pca 10 0.05 0.5 500 86.922 12.296 65 86
min_pca 20 0.05 0.5 500 85.096 9.379 68 84
tpca 0.8 0.05 0.5 500 88.616 13.343 65 87
tpca 0.9 0.05 0.5 500 89.644 11.918 69 88
tpca 0.95 0.05 0.5 500 87.204 11.085 67.475 86
tpca 0.99 0.05 0.5 500 85.54 9.653 68.475 85
tpca 0.995 0.05 0.5 500 85.54 9.653 68.475 85
tpca 0.999 0.05 0.5 500 85.54 9.653 68.475 85
mix 0.03 0.05 0.5 500 64.438 25.265 24.475 59
mix 0.1 0.05 0.5 500 70.928 30.725 22.95 66
mix 0.3 0.05 0.5 500 84.972 49.836 23.9 76
mix 1 0.05 0.5 500 124.122 163.256 21 90
max_pca 1 0.05 0.7 500 1562.268 767.84 112.025 2000
max_pca 2 0.05 0.7 500 818.526 876.545 74.475 190.025
max_pca 3 0.05 0.7 500 262.178 467.259 60.475 128
max_pca 5 0.05 0.7 500 105.272 90.641 52.475 96.025
max_pca 10 0.05 0.7 500 76.794 20.659 43 73
max_pca 20 0.05 0.7 500 64.818 17.854 36 63
min_pca 1 0.05 0.7 500 1639.034 741.488 61.9 2000
min_pca 2 0.05 0.7 500 828.574 906.946 59.475 166
min_pca 3 0.05 0.7 500 244.564 468.462 58.95 119
min_pca 5 0.05 0.7 500 83.678 19.907 49 80
min_pca 10 0.05 0.7 500 75.852 12.692 55 74
min_pca 20 0.05 0.7 500 74.596 9.063 58 73.025
tpca 0.8 0.05 0.7 500 77.332 13.709 54 75
tpca 0.9 0.05 0.7 500 77.908 11.842 57.475 76
tpca 0.95 0.05 0.7 500 76.002 10.643 56 74
tpca 0.99 0.05 0.7 500 74.776 9.21 58.475 74
tpca 0.995 0.05 0.7 500 74.776 9.21 58.475 74
tpca 0.999 0.05 0.7 500 74.776 9.21 58.475 74
mix 0.03 0.05 0.7 500 29.08 10.421 12 27
mix 0.1 0.05 0.7 500 31.704 11.851 12 30
mix 0.3 0.05 0.7 500 36.376 14.673 11.475 34
mix 1 0.05 0.7 500 43.496 18.902 14.475 39
max_pca 1 0.05 1 500 1508.812 802.335 96.425 2000
max_pca 2 0.05 1 500 681.834 829.697 70.475 181
max_pca 3 0.05 1 500 218.92 403.439 53.475 122
max_pca 5 0.05 1 500 95.008 29.544 44 91
max_pca 10 0.05 1 500 71.81 20.415 39 70
max_pca 20 0.05 1 500 56.926 16.57 27.475 55
min_pca 1 0.05 1 500 1208.692 939.081 26.475 2000
min_pca 2 0.05 1 500 507.61 780.531 33 111.025
min_pca 3 0.05 1 500 127.144 256.823 33.475 85
min_pca 5 0.05 1 500 67.41 20.492 35.475 63
min_pca 10 0.05 1 500 62.04 13.439 39 60
min_pca 20 0.05 1 500 60.27 9.017 43 59
tpca 0.8 0.05 1 500 62.994 14.3 38 61
tpca 0.9 0.05 1 500 62.938 11.908 42 62
tpca 0.95 0.05 1 500 61.608 10.726 42 60
tpca 0.99 0.05 1 500 60.514 9.316 44 60
tpca 0.995 0.05 1 500 60.514 9.316 44 60
tpca 0.999 0.05 1 500 60.514 9.316 44 60
mix 0.03 0.05 1 500 15.012 4.239 8 14
mix 0.1 0.05 1 500 16.524 4.941 8 16
mix 0.3 0.05 1 500 18.754 6.045 9 17
mix 1 0.05 1 500 21.9 7.791 9 21
max_pca 1 0.02 0.5 500 1637.198 714.526 102.9 2000
max_pca 2 0.02 0.5 500 937.884 906.414 81 201.025
max_pca 3 0.02 0.5 500 299.792 530.933 58.475 134
max_pca 5 0.02 0.5 500 116.31 150.206 51 99
max_pca 10 0.02 0.5 500 82.356 23.341 44.475 79
max_pca 20 0.02 0.5 500 75.232 21.303 41 72
min_pca 1 0.02 0.5 500 1977.8 201.643 2000 2000
min_pca 2 0.02 0.5 500 1615.01 747.562 132 2000
min_pca 3 0.02 0.5 500 605.878 793.14 108.475 168
min_pca 5 0.02 0.5 500 106.31 19.498 72 104
min_pca 10 0.02 0.5 500 95.37 12.834 72 94
min_pca 20 0.02 0.5 500 93.092 10.211 73 92
tpca 0.8 0.02 0.5 500 97.238 13.689 72 95
tpca 0.9 0.02 0.5 500 98.712 12.105 77 97
tpca 0.95 0.02 0.5 500 95.504 11.019 76 94
tpca 0.99 0.02 0.5 500 93.302 10.101 74.475 92.025
tpca 0.995 0.02 0.5 500 93.302 10.101 74.475 92.025
tpca 0.999 0.02 0.5 500 93.302 10.101 74.475 92.025
mix 0.03 0.02 0.5 500 421.24 631.245 35.95 144
mix 0.1 0.02 0.5 500 578.002 683.627 33.475 186.025
mix 0.3 0.02 0.5 500 683.744 674.97 31.475 332.225
mix 1 0.02 0.5 500 726.846 668.594 27 465.025
max_pca 1 0.02 0.7 500 1639.568 714.333 119.475 2000
max_pca 2 0.02 0.7 500 927.662 901.85 84.475 200
max_pca 3 0.02 0.7 500 280.768 496.899 62 132
max_pca 5 0.02 0.7 500 109.062 92.237 51.475 100
max_pca 10 0.02 0.7 500 80.884 21.626 42 78
max_pca 20 0.02 0.7 500 72.606 21.216 37 70
min_pca 1 0.02 0.7 500 1844.87 512.87 138.475 2000
min_pca 2 0.02 0.7 500 1298.06 897.731 97 2000
min_pca 3 0.02 0.7 500 483.322 716.679 88 153
min_pca 5 0.02 0.7 500 100.456 18.751 66 99
min_pca 10 0.02 0.7 500 90.278 12.48 68 88
min_pca 20 0.02 0.7 500 88.576 9.159 72 87
tpca 0.8 0.02 0.7 500 92.324 13.295 70 90
tpca 0.9 0.02 0.7 500 93.212 12.194 73.475 92
tpca 0.95 0.02 0.7 500 90.454 11.116 71 90
tpca 0.99 0.02 0.7 500 88.62 9.549 72 88
tpca 0.995 0.02 0.7 500 88.62 9.549 72 88
tpca 0.999 0.02 0.7 500 88.62 9.549 72 88
mix 0.03 0.02 0.7 500 65.294 29.293 21 59
mix 0.1 0.02 0.7 500 91.27 129.409 21 76
mix 0.3 0.02 0.7 500 142.344 224.143 19.475 99
mix 1 0.02 0.7 500 306.488 456.555 20.95 133
max_pca 1 0.02 1 500 1573.554 760.024 105.9 2000
max_pca 2 0.02 1 500 814.318 881.119 82.475 183.025
max_pca 3 0.02 1 500 241.382 441.097 58.475 126
max_pca 5 0.02 1 500 100.178 32.698 45.425 94.025
max_pca 10 0.02 1 500 77.742 19.79 44.475 74.025
max_pca 20 0.02 1 500 67.706 17.688 36 65
min_pca 1 0.02 1 500 1646.812 735.011 67.95 2000
min_pca 2 0.02 1 500 940.608 925.356 65.475 181
min_pca 3 0.02 1 500 288.558 533.277 65 124.025
min_pca 5 0.02 1 500 86.75 20.361 54 83
min_pca 10 0.02 1 500 79.282 13.111 58 78
min_pca 20 0.02 1 500 77.584 9.538 61 77
tpca 0.8 0.02 1 500 80.56 13.966 58 79
tpca 0.9 0.02 1 500 81.258 11.873 60 80
tpca 0.95 0.02 1 500 79.158 11.217 58.475 78
tpca 0.99 0.02 1 500 77.822 9.538 62 77
tpca 0.995 0.02 1 500 77.822 9.538 62 77
tpca 0.999 0.02 1 500 77.822 9.538 62 77
mix 0.03 0.02 1 500 29.118 10.325 13 27
mix 0.1 0.02 1 500 35.896 13.646 13 34
mix 0.3 0.02 1 500 45.374 19.054 13.475 42
mix 1 0.02 1 500 63.342 89.254 15.475 56
