method method_param p change_param n_sim edd sd_edd edd_lower edd_upper
mix 0.03 0.98 0.5 500 4.93 0.717 4 5
mix 0.1 0.98 0.5 500 4.112 0.62 3 4
mix 0.3 0.98 0.5 500 3.63 0.608 3 4
mix 1 0.98 0.5 500 3.244 0.511 2 3
max_pca 1 0.98 0.5 500 33.538 8.017 19.475 32
max_pca 2 0.98 0.5 500 21.498 4.492 13 21
max_pca 3 0.98 0.5 500 16.9 3.202 11 17
max_pca 5 0.98 0.5 500 12.758 2.2 9 13
max_pca 10 0.98 0.5 500 8.568 1.367 6 8
max_pca 20 0.98 0.5 500 8.66 1.054 7 9
min_pca 1 0.98 0.5 500 10.708 126.285 2 2
min_pca 2 0.98 0.5 500 2.476 1.465 2 2
min_pca 3 0.98 0.5 500 2.722 2.191 2 2
min_pca 5 0.98 0.5 500 3.12 2.687 2 2
min_pca 10 0.98 0.5 500 4.926 5.911 2 3
min_pca 20 0.98 0.5 500 10.432 15.605 3 6
tpca 0.8 0.98 0.5 500 10.708 126.285 2 2
tpca 0.9 0.98 0.5 500 10.708 126.285 2 2
tpca 0.95 0.98 0.5 500 10.708 126.285 2 2
tpca 0.99 0.98 0.5 500 10.708 126.285 2 2
tpca 0.995 0.98 0.5 500 10.708 126.285 2 2
tpca 0.999 0.98 0.5 500 2.476 1.465 2 2
mix 0.03 0.98 0.75 500 15.11 3.324 9.475 15
mix 0.1 0.98 0.75 500 12.326 2.835 7 12
mix 0.3 0.98 0.75 500 10.718 2.543 6 10
mix 1 0.98 0.75 500 9.784 2.377 6 9.025
max_pca 1 0.98 0.75 500 95.252 30.209 47 90
max_pca 2 0.98 0.75 500 58.058 17.135 28.95 56
max_pca 3 0.98 0.75 500 45.446 12.341 25 44
max_pca 5 0.98 0.75 500 33.996 8.229 19 33
max_pca 10 0.98 0.75 500 22.484 5.129 14 21.025
max_pca 20 0.98 0.75 500 25.964 4.649 17.475 25
min_pca 1 0.98 0.75 500 3.786 7.477 2 2
min_pca 2 0.98 0.75 500 3.976 6.485 2 2
min_pca 3 0.98 0.75 500 8.418 89.439 2 3
min_pca 5 0.98 0.75 500 10.032 89.636 2 4
min_pca 10 0.98 0.75 500 27.284 178.046 3 6.025
min_pca 20 0.98 0.75 500 82.98 327.017 5 16
tpca 0.8 0.98 0.75 500 3.786 7.477 2 2
tpca 0.9 0.98 0.75 500 3.786 7.477 2 2
tpca 0.95 0.98 0.75 500 3.786 7.477 2 2
tpca 0.99 0.98 0.75 500 3.786 7.477 2 2
tpca 0.995 0.98 0.75 500 3.786 7.477 2 2
tpca 0.999 0.98 0.75 500 3.976 6.485 2 2
mix 0.03 0.98 1.5 500 4.992 1.214 3 5
mix 0.1 0.98 1.5 500 4.6 1.107 3 4
mix 0.3 0.98 1.5 500 4.412 1.055 3 4
mix 1 0.98 1.5 500 4.334 1.062 3 4
max_pca 1 0.98 1.5 500 1959.688 261.36 1932.8 2000
max_pca 2 0.98 1.5 500 1722.202 652.981 115.8 2000
max_pca 3 0.98 1.5 500 907.098 905.786 70.9 195.025
max_pca 5 0.98 1.5 500 185.592 344.324 45 114
max_pca 10 0.98 1.5 500 52.996 18.777 23.475 50
max_pca 20 0.98 1.5 500 28.83 7.367 17 28
min_pca 1 0.98 1.5 500 2.406 2.116 2 2
min_pca 2 0.98 1.5 500 2.376 1.116 2 2
min_pca 3 0.98 1.5 500 2.478 1.151 2 2
min_pca 5 0.98 1.5 500 2.728 1.283 2 2
min_pca 10 0.98 1.5 500 3.706 1.82 2 3
min_pca 20 0.98 1.5 500 5.424 2.312 3 5
tpca 0.8 0.98 1.5 500 2.406 2.116 2 2
tpca 0.9 0.98 1.5 500 2.406 2.116 2 2
tpca 0.95 0.98 1.5 500 2.406 2.116 2 2
tpca 0.99 0.98 1.5 500 2.406 2.116 2 2
tpca 0.995 0.98 1.5 500 2.406 2.116 2 2
tpca 0.999 0.98 1.5 500 2.376 1.116 2 2
mix 0.03 0.98 2 500 2.42 0.498 2 2
mix 0.1 0.98 2 500 2.264 0.446 2 2
mix 0.3 0.98 2 500 2.196 0.402 2 2
mix 1 0.98 2 500 2.182 0.391 2 2
max_pca 1 0.98 2 500 67.008 37.234 17 58
max_pca 2 0.98 2 500 33.578 14.546 11 31
max_pca 3 0.98 2 500 23.214 9.442 8 22
max_pca 5 0.98 2 500 15.984 5.759 7 15
max_pca 10 0.98 2 500 9.528 3.019 5 9
max_pca 20 0.98 2 500 7.076 1.555 5 7
min_pca 1 0.98 2 500 2.086 0.399 2 2
min_pca 2 0.98 2 500 2.078 0.405 2 2
min_pca 3 0.98 2 500 2.098 0.439 2 2
min_pca 5 0.98 2 500 2.158 0.531 2 2
min_pca 10 0.98 2 500 2.46 0.741 2 2
min_pca 20 0.98 2 500 3.182 0.918 2 3
tpca 0.8 0.98 2 500 2.086 0.399 2 2
tpca 0.9 0.98 2 500 2.086 0.399 2 2
tpca 0.95 0.98 2 500 2.086 0.399 2 2
tpca 0.99 0.98 2 500 2.086 0.399 2 2
tpca 0.995 0.98 2 500 2.086 0.399 2 2
tpca 0.999 0.98 2 500 2.078 0.405 2 2
mix 0.03 0.95 0.5 500 5.016 0.719 4 5
mix 0.1 0.95 0.5 500 4.146 0.643 3 4
mix 0.3 0.95 0.5 500 3.674 0.6 3 4
mix 1 0.95 0.5 500 3.344 0.535 2.475 3
max_pca 1 0.95 0.5 500 36.108 8.119 22 35
max_pca 2 0.95 0.5 500 22.722 4.689 14 22
max_pca 3 0.95 0.5 500 17.91 3.555 11 18
max_pca 5 0.95 0.5 500 13.406 2.416 9 13
max_pca 10 0.95 0.5 500 9.016 1.456 6 9
max_pca 20 0.95 0.5 500 9.11 1.177 7 9
min_pca 1 0.95 0.5 500 2.04 0.225 2 2
min_pca 2 0.95 0.5 500 2.042 0.22 2 2
min_pca 3 0.95 0.5 500 2.084 0.324 2 2
min_pca 5 0.95 0.5 500 2.17 0.453 2 2
min_pca 10 0.95 0.5 500 2.666 0.805 2 2
min_pca 20 0.95 0.5 500 4.11 1.412 2 4
tpca 0.8 0.95 0.5 500 2.04 0.225 2 2
tpca 0.9 0.95 0.5 500 2.04 0.225 2 2
tpca 0.95 0.95 0.5 500 2.04 0.225 2 2
tpca 0.99 0.95 0.5 500 2.04 0.225 2 2
tpca 0.995 0.95 0.5 500 2.04 0.225 2 2
tpca 0.999 0.95 0.5 500 2.042 0.22 2 2
mix 0.03 0.95 0.75 500 15.25 3.631 9 15
mix 0.1 0.95 0.75 500 12.322 3.05 7 12
mix 0.3 0.95 0.75 500 10.854 2.715 6 11
mix 1 0.95 0.75 500 9.912 2.501 5 10
max_pca 1 0.95 0.75 500 102.842 44.15 44.95 96.025
max_pca 2 0.95 0.75 500 61.322 17.123 32 59
max_pca 3 0.95 0.75 500 48.284 13.119 26 46
max_pca 5 0.95 0.75 500 35.744 8.548 22 35
max_pca 10 0.95 0.75 500 23.564 5.118 14.475 23
max_pca 20 0.95 0.75 500 27.472 4.612 20 27
min_pca 1 0.95 0.75 500 2.142 0.45 2 2
min_pca 2 0.95 0.75 500 2.224 0.535 2 2
min_pca 3 0.95 0.75 500 2.39 0.701 2 2
min_pca 5 0.95 0.75 500 2.788 0.99 2 2
min_pca 10 0.95 0.75 500 4.25 1.825 2 4
min_pca 20 0.95 0.75 500 8.296 3.876 4 7
tpca 0.8 0.95 0.75 500 2.142 0.45 2 2
tpca 0.9 0.95 0.75 500 2.142 0.45 2 2
tpca 0.95 0.95 0.75 500 2.142 0.45 2 2
tpca 0.99 0.95 0.75 500 2.142 0.45 2 2
tpca 0.995 0.95 0.75 500 2.142 0.45 2 2
tpca 0.999 0.95 0.75 500 2.224 0.535 2 2
mix 0.03 0.95 1.5 500 5.072 1.263 3 5
mix 0.1 0.95 1.5 500 4.598 1.127 3 4
mix 0.3 0.95 1.5 500 4.422 1.054 3 4
mix 1 0.95 1.5 500 4.34 1.039 3 4
max_pca 1 0.95 1.5 500 1988.316 131.847 2000 2000
max_pca 2 0.95 1.5 500 1836.604 520.641 152.375 2000
max_pca 3 0.95 1.5 500 1212.994 912.175 66.75 2000
max_pca 5 0.95 1.5 500 323.482 568.542 48.95 130
max_pca 10 0.95 1.5 500 59.784 21.356 26 56
max_pca 20 0.95 1.5 500 30.866 7.584 18 30
min_pca 1 0.95 1.5 500 2.034 0.192 2 2
min_pca 2 0.95 1.5 500 2.036 0.186 2 2
min_pca 3 0.95 1.5 500 2.052 0.222 2 2
min_pca 5 0.95 1.5 500 2.124 0.353 2 2
min_pca 10 0.95 1.5 500 2.522 0.668 2 2
min_pca 20 0.95 1.5 500 3.56 0.912 2 3
tpca 0.8 0.95 1.5 500 2.034 0.192 2 2
tpca 0.9 0.95 1.5 500 2.034 0.192 2 2
tpca 0.95 0.95 1.5 500 2.034 0.192 2 2
tpca 0.99 0.95 1.5 500 2.034 0.192 2 2
tpca 0.995 0.95 1.5 500 2.034 0.192 2 2
tpca 0.999 0.95 1.5 500 2.036 0.186 2 2
mix 0.03 0.95 2 500 2.444 0.505 2 2
mix 0.1 0.95 2 500 2.286 0.452 2 2
mix 0.3 0.95 2 500 2.216 0.412 2 2
mix 1 0.95 2 500 2.202 0.402 2 2
max_pca 1 0.95 2 500 72.94 41.621 17.475 64
max_pca 2 0.95 2 500 37.054 15.982 11.475 34
max_pca 3 0.95 2 500 25.132 9.886 10 23
max_pca 5 0.95 2 500 17.374 6.126 7 17
max_pca 10 0.95 2 500 10.256 3.297 5 10
max_pca 20 0.95 2 500 7.386 1.79 4.475 7
min_pca 1 0.95 2 500 2.004 0.063 2 2
min_pca 2 0.95 2 500 2.004 0.063 2 2
min_pca 3 0.95 2 500 2.004 0.063 2 2
min_pca 5 0.95 2 500 2.008 0.089 2 2
min_pca 10 0.95 2 500 2.07 0.255 2 2
min_pca 20 0.95 2 500 2.394 0.536 2 2
tpca 0.8 0.95 2 500 2.004 0.063 2 2
tpca 0.9 0.95 2 500 2.004 0.063 2 2
tpca 0.95 0.95 2 500 2.004 0.063 2 2
tpca 0.99 0.95 2 500 2.004 0.063 2 2
tpca 0.995 0.95 2 500 2.004 0.063 2 2
tpca 0.999 0.95 2 500 2.004 0.063 2 2
mix 0.03 0.9 0.5 500 5.156 0.767 4 5
mix 0.1 0.9 0.5 500 4.322 0.712 3 4
mix 0.3 0.9 0.5 500 3.782 0.622 3 4
mix 1 0.9 0.5 500 3.406 0.585 2 3
max_pca 1 0.9 0.5 500 38.46 10.192 20 37
max_pca 2 0.9 0.5 500 24.634 5.337 15 24
max_pca 3 0.9 0.5 500 19.212 3.932 12 19
max_pca 5 0.9 0.5 500 14.632 2.679 10 14
max_pca 10 0.9 0.5 500 9.802 1.695 7 10
max_pca 20 0.9 0.5 500 10.196 1.416 8 10
min_pca 1 0.9 0.5 500 2.02 0.14 2 2
min_pca 2 0.9 0.5 500 2.02 0.14 2 2
min_pca 3 0.9 0.5 500 2.03 0.171 2 2
min_pca 5 0.9 0.5 500 2.06 0.246 2 2
min_pca 10 0.9 0.5 500 2.26 0.495 2 2
min_pca 20 0.9 0.5 500 3.242 0.775 2 3
tpca 0.8 0.9 0.5 500 2.02 0.14 2 2
tpca 0.9 0.9 0.5 500 2.02 0.14 2 2
tpca 0.95 0.9 0.5 500 2.02 0.14 2 2
tpca 0.99 0.9 0.5 500 2.02 0.14 2 2
tpca 0.995 0.9 0.5 500 2.02 0.14 2 2
tpca 0.999 0.9 0.5 500 2.02 0.14 2 2
mix 0.03 0.9 0.75 500 15.622 3.576 9.475 15
mix 0.1 0.9 0.75 500 12.826 2.989 7 13
mix 0.3 0.9 0.75 500 11.234 2.765 6 11
mix 1 0.9 0.75 500 10.266 2.635 6 10
max_pca 1 0.9 0.75 500 108.268 45.88 46 100
max_pca 2 0.9 0.75 500 64.53 18.889 33.475 61
max_pca 3 0.9 0.75 500 51.132 14.148 26.475 49
max_pca 5 0.9 0.75 500 37.44 9.09 20.475 37
max_pca 10 0.9 0.75 500 24.914 5.484 16 24
max_pca 20 0.9 0.75 500 29.428 5.05 20 29
min_pca 1 0.9 0.75 500 2.038 0.202 2 2
min_pca 2 0.9 0.75 500 2.064 0.253 2 2
min_pca 3 0.9 0.75 500 2.13 0.371 2 2
min_pca 5 0.9 0.75 500 2.274 0.551 2 2
min_pca 10 0.9 0.75 500 3.024 0.886 2 3
min_pca 20 0.9 0.75 500 5.156 1.626 3 5
tpca 0.8 0.9 0.75 500 2.038 0.202 2 2
tpca 0.9 0.9 0.75 500 2.038 0.202 2 2
tpca 0.95 0.9 0.75 500 2.038 0.202 2 2
tpca 0.99 0.9 0.75 500 2.038 0.202 2 2
tpca 0.995 0.9 0.75 500 2.038 0.202 2 2
tpca 0.999 0.9 0.75 500 2.064 0.253 2 2
mix 0.03 0.9 1.5 500 5.244 1.322 3 5
mix 0.1 0.9 1.5 500 4.794 1.174 3 5
mix 0.3 0.9 1.5 500 4.626 1.116 3 4
mix 1 0.9 1.5 500 4.56 1.105 3 4
max_pca 1 0.9 1.5 500 1982.09 164.888 2000 2000
max_pca 2 0.9 1.5 500 1884.186 443.956 155.425 2000
max_pca 3 0.9 1.5 500 1577.144 773.268 93.475 2000
max_pca 5 0.9 1.5 500 625.116 812.867 66 165.05
max_pca 10 0.9 1.5 500 71.274 24.201 32.475 67
max_pca 20 0.9 1.5 500 35.354 8.787 20 34
min_pca 1 0.9 1.5 500 2.02 0.154 2 2
min_pca 2 0.9 1.5 500 2.014 0.134 2 2
min_pca 3 0.9 1.5 500 2.022 0.16 2 2
min_pca 5 0.9 1.5 500 2.04 0.206 2 2
min_pca 10 0.9 1.5 500 2.192 0.433 2 2
min_pca 20 0.9 1.5 500 2.932 0.62 2 3
tpca 0.8 0.9 1.5 500 2.02 0.154 2 2
tpca 0.9 0.9 1.5 500 2.02 0.154 2 2
tpca 0.95 0.9 1.5 500 2.02 0.154 2 2
tpca 0.99 0.9 1.5 500 2.02 0.154 2 2
tpca 0.995 0.9 1.5 500 2.02 0.154 2 2
tpca 0.999 0.9 1.5 500 2.014 0.134 2 2
mix 0.03 0.9 2 500 2.492 0.52 2 2
mix 0.1 0.9 2 500 2.334 0.485 2 2
mix 0.3 0.9 2 500 2.26 0.444 2 2
mix 1 0.9 2 500 2.254 0.44 2 2
max_pca 1 0.9 2 500 96.25 157.173 23 73
max_pca 2 0.9 2 500 41.71 18.584 15 38
max_pca 3 0.9 2 500 28.434 11.584 12 26
max_pca 5 0.9 2 500 19.974 7.095 9 19
max_pca 10 0.9 2 500 11.5 3.427 6 11
max_pca 20 0.9 2 500 8.084 1.892 5 8
min_pca 1 0.9 2 500 2.004 0.063 2 2
min_pca 2 0.9 2 500 2 0 2 2
min_pca 3 0.9 2 500 2 0 2 2
min_pca 5 0.9 2 500 2.002 0.045 2 2
min_pca 10 0.9 2 500 2.016 0.126 2 2
min_pca 20 0.9 2 500 2.13 0.337 2 2
tpca 0.8 0.9 2 500 2.004 0.063 2 2
tpca 0.9 0.9 2 500 2.004 0.063 2 2
tpca 0.95 0.9 2 500 2.004 0.063 2 2
tpca 0.99 0.9 2 500 2.004 0.063 2 2
tpca 0.995 0.9 2 500 2.004 0.063 2 2
tpca 0.999 0.9 2 500 2 0 2 2
mix 0.03 0.7 0.5 500 5.798 0.876 4 6
mix 0.1 0.7 0.5 500 4.894 0.782 3 5
mix 0.3 0.7 0.5 500 4.356 0.755 3 4
mix 1 0.7 0.5 500 4.028 0.702 3 4
max_pca 1 0.7 0.5 500 61.256 20.462 31 56
max_pca 2 0.7 0.5 500 37.836 10.418 20 36
max_pca 3 0.7 0.5 500 29.46 7.398 17 29
max_pca 5 0.7 0.5 500 21.938 4.755 14 22
max_pca 10 0.7 0.5 500 14.704 2.954 10 14
max_pca 20 0.7 0.5 500 15.89 2.526 11 16
min_pca 1 0.7 0.5 500 2.004 0.063 2 2
min_pca 2 0.7 0.5 500 2 0 2 2
min_pca 3 0.7 0.5 500 2 0 2 2
min_pca 5 0.7 0.5 500 2.006 0.077 2 2
min_pca 10 0.7 0.5 500 2.05 0.218 2 2
min_pca 20 0.7 0.5 500 2.382 0.537 2 2
tpca 0.8 0.7 0.5 500 2.004 0.063 2 2
tpca 0.9 0.7 0.5 500 2.004 0.063 2 2
tpca 0.95 0.7 0.5 500 2.004 0.063 2 2
tpca 0.99 0.7 0.5 500 2.004 0.063 2 2
tpca 0.995 0.7 0.5 500 2.004 0.063 2 2
tpca 0.999 0.7 0.5 500 2 0 2 2
mix 0.03 0.7 0.75 500 18.722 4.112 11 18
mix 0.1 0.7 0.75 500 15.456 3.912 8 15
mix 0.3 0.7 0.75 500 13.828 3.651 7 14
mix 1 0.7 0.75 500 12.74 3.484 6.475 12
max_pca 1 0.7 0.75 500 279.56 464.465 58.475 145.025
max_pca 2 0.7 0.75 500 88.014 29.596 39.475 83
max_pca 3 0.7 0.75 500 68.656 21.038 32.475 67
max_pca 5 0.7 0.75 500 50.91 14.018 26.475 49
max_pca 10 0.7 0.75 500 33.594 8.133 19 33
max_pca 20 0.7 0.75 500 42.764 7.998 28 42
min_pca 1 0.7 0.75 500 2.02 0.14 2 2
min_pca 2 0.7 0.75 500 2.032 0.176 2 2
min_pca 3 0.7 0.75 500 2.052 0.231 2 2
min_pca 5 0.7 0.75 500 2.112 0.334 2 2
min_pca 10 0.7 0.75 500 2.414 0.589 2 2
min_pca 20 0.7 0.75 500 3.542 0.788 3 3
tpca 0.8 0.7 0.75 500 2.02 0.14 2 2
tpca 0.9 0.7 0.75 500 2.02 0.14 2 2
tpca 0.95 0.7 0.75 500 2.02 0.14 2 2
tpca 0.99 0.7 0.75 500 2.02 0.14 2 2
tpca 0.995 0.7 0.75 500 2.02 0.14 2 2
tpca 0.999 0.7 0.75 500 2.032 0.176 2 2
mix 0.03 0.7 1.5 500 6.028 1.463 4 6
mix 0.1 0.7 1.5 500 5.556 1.388 3 5
mix 0.3 0.7 1.5 500 5.372 1.35 3 5
mix 1 0.7 1.5 500 5.34 1.397 3 5
max_pca 1 0.7 1.5 500 1997.118 64.443 2000 2000
max_pca 2 0.7 1.5 500 1989.82 126.238 2000 2000
max_pca 3 0.7 1.5 500 1985.75 158.963 2000 2000
max_pca 5 0.7 1.5 500 1978.03 199.651 2000 2000
max_pca 10 0.7 1.5 500 894.394 901.435 71 194.05
max_pca 20 0.7 1.5 500 66.836 17.437 39 64
min_pca 1 0.7 1.5 500 2.01 0.1 2 2
min_pca 2 0.7 1.5 500 2.004 0.063 2 2
min_pca 3 0.7 1.5 500 2.002 0.045 2 2
min_pca 5 0.7 1.5 500 2.004 0.063 2 2
min_pca 10 0.7 1.5 500 2.034 0.181 2 2
min_pca 20 0.7 1.5 500 2.312 0.472 2 2
tpca 0.8 0.7 1.5 500 2.01 0.1 2 2
tpca 0.9 0.7 1.5 500 2.01 0.1 2 2
tpca 0.95 0.7 1.5 500 2.01 0.1 2 2
tpca 0.99 0.7 1.5 500 2.01 0.1 2 2
tpca 0.995 0.7 1.5 500 2.01 0.1 2 2
tpca 0.999 0.7 1.5 500 2.004 0.063 2 2
mix 0.03 0.7 2 500 2.738 0.55 2 3
mix 0.1 0.7 2 500 2.608 0.528 2 3
mix 0.3 0.7 2 500 2.556 0.525 2 3
mix 1 0.7 2 500 2.554 0.525 2 3
max_pca 1 0.7 2 500 773.252 874.695 43 180
max_pca 2 0.7 2 500 100.966 175.26 27 77
max_pca 3 0.7 2 500 53.45 22.64 20 48
max_pca 5 0.7 2 500 35.262 13.088 14.475 33
max_pca 10 0.7 2 500 18.746 6.154 9 18
max_pca 20 0.7 2 500 12.21 2.983 7 12
min_pca 1 0.7 2 500 2 0 2 2
min_pca 2 0.7 2 500 2 0 2 2
min_pca 3 0.7 2 500 2 0 2 2
min_pca 5 0.7 2 500 2 0 2 2
min_pca 10 0.7 2 500 2 0 2 2
min_pca 20 0.7 2 500 2.006 0.077 2 2
tpca 0.8 0.7 2 500 2 0 2 2
tpca 0.9 0.7 2 500 2 0 2 2
tpca 0.95 0.7 2 500 2 0 2 2
tpca 0.99 0.7 2 500 2 0 2 2
tpca 0.995 0.7 2 500 2 0 2 2
tpca 0.999 0.7 2 500 2 0 2 2
mix 0.03 0.5 0.5 500 6.824 1.084 5 7
mix 0.1 0.5 0.5 500 5.908 0.93 4 6
mix 0.3 0.5 0.5 500 5.35 0.917 4 5
mix 1 0.5 0.5 500 5.018 0.948 3 5
max_pca 1 0.5 0.5 500 100.604 43.809 42.475 92
max_pca 2 0.5 0.5 500 61.06 18.974 30 58
max_pca 3 0.5 0.5 500 48.078 13.799 25 45
max_pca 5 0.5 0.5 500 35.354 8.836 19 34
max_pca 10 0.5 0.5 500 23.462 5.164 14 23
max_pca 20 0.5 0.5 500 27.458 4.857 19 27
min_pca 1 0.5 0.5 500 2.01 0.1 2 2
min_pca 2 0.5 0.5 500 2.004 0.063 2 2
min_pca 3 0.5 0.5 500 2.002 0.045 2 2
min_pca 5 0.5 0.5 500 2.008 0.089 2 2
min_pca 10 0.5 0.5 500 2.024 0.166 2 2
min_pca 20 0.5 0.5 500 2.276 0.456 2 2
tpca 0.8 0.5 0.5 500 2.01 0.1 2 2
tpca 0.9 0.5 0.5 500 2.01 0.1 2 2
tpca 0.95 0.5 0.5 500 2.01 0.1 2 2
tpca 0.99 0.5 0.5 500 2.01 0.1 2 2
tpca 0.995 0.5 0.5 500 2.01 0.1 2 2
tpca 0.999 0.5 0.5 500 2.004 0.063 2 2
mix 0.03 0.5 0.75 500 23.446 5.418 13 23
mix 0.1 0.5 0.75 500 19.734 4.954 10.475 20
mix 0.3 0.5 0.75 500 18.022 4.809 9 18
mix 1 0.5 0.75 500 17.116 4.701 9 17
max_pca 1 0.5 0.75 500 928.674 890.089 78.475 241.05
max_pca 2 0.5 0.75 500 174.518 291.517 55.475 124.025
max_pca 3 0.5 0.75 500 111.314 125.079 45.475 99
max_pca 5 0.5 0.75 500 74.852 21.959 37 71
max_pca 10 0.5 0.75 500 48.576 11.911 28 47
max_pca 20 0.5 0.75 500 67.374 13.085 43.475 66
min_pca 1 0.5 0.75 500 2.022 0.147 2 2
min_pca 2 0.5 0.75 500 2.02 0.14 2 2
min_pca 3 0.5 0.75 500 2.03 0.171 2 2
min_pca 5 0.5 0.75 500 2.06 0.238 2 2
min_pca 10 0.5 0.75 500 2.312 0.517 2 2
min_pca 20 0.5 0.75 500 3.32 0.641 2 3
tpca 0.8 0.5 0.75 500 2.022 0.147 2 2
tpca 0.9 0.5 0.75 500 2.022 0.147 2 2
tpca 0.95 0.5 0.75 500 2.022 0.147 2 2
tpca 0.99 0.5 0.75 500 2.022 0.147 2 2
tpca 0.995 0.5 0.75 500 2.022 0.147 2 2
tpca 0.999 0.5 0.75 500 2.02 0.14 2 2
mix 0.03 0.5 1.5 500 7.58 2.046 4 7
mix 0.1 0.5 1.5 500 7.066 1.94 4 7
mix 0.3 0.5 1.5 500 6.952 1.91 4 7
mix 1 0.5 1.5 500 7.022 1.93 4 7
max_pca 1 0.5 1.5 500 1997.882 30.663 2000 2000
max_pca 2 0.5 1.5 500 1999.566 9.705 2000 2000
max_pca 3 0.5 1.5 500 2000 0 2000 2000
max_pca 5 0.5 1.5 500 2000 0 2000 2000
max_pca 10 0.5 1.5 500 1996.178 85.463 2000 2000
max_pca 20 0.5 1.5 500 1145.65 915.802 112 2000
min_pca 1 0.5 1.5 500 2.004 0.063 2 2
min_pca 2 0.5 1.5 500 2.004 0.063 2 2
min_pca 3 0.5 1.5 500 2.002 0.045 2 2
min_pca 5 0.5 1.5 500 2.002 0.045 2 2
min_pca 10 0.5 1.5 500 2.028 0.165 2 2
min_pca 20 0.5 1.5 500 2.266 0.447 2 2
tpca 0.8 0.5 1.5 500 2.004 0.063 2 2
tpca 0.9 0.5 1.5 500 2.004 0.063 2 2
tpca 0.95 0.5 1.5 500 2.004 0.063 2 2
tpca 0.99 0.5 1.5 500 2.004 0.063 2 2
tpca 0.995 0.5 1.5 500 2.004 0.063 2 2
tpca 0.999 0.5 1.5 500 2.004 0.063 2 2
mix 0.03 0.5 2 500 3.074 0.588 2 3
mix 0.1 0.5 2 500 2.986 0.575 2 3
mix 0.3 0.5 2 500 2.96 0.572 2 3
mix 1 0.5 2 500 3.002 0.589 2 3
max_pca 1 0.5 2 500 1825.988 535.713 114.275 2000
max_pca 2 0.5 2 500 1268.806 904.802 71.475 2000
max_pca 3 0.5 2 500 518.798 761.5 45 136.025
max_pca 5 0.5 2 500 103.704 152.893 36 83
max_pca 10 0.5 2 500 41.246 13.695 18.475 39
max_pca 20 0.5 2 500 22.884 5.757 13 22
min_pca 1 0.5 2 500 2.002 0.045 2 2
min_pca 2 0.5 2 500 2 0 2 2
min_pca 3 0.5 2 500 2 0 2 2
min_pca 5 0.5 2 500 2 0 2 2
min_pca 10 0.5 2 500 2 0 2 2
min_pca 20 0.5 2 500 2.006 0.077 2 2
tpca 0.8 0.5 2 500 2.002 0.045 2 2
tpca 0.9 0.5 2 500 2.002 0.045 2 2
tpca 0.95 0.5 2 500 2.002 0.045 2 2
tpca 0.99 0.5 2 500 2.002 0.045 2 2
tpca 0.995 0.5 2 500 2.002 0.045 2 2
tpca 0.999 0.5 2 500 2 0 2 2
mix 0.03 0.3 0.5 500 8.974 1.422 6 9
mix 0.1 0.3 0.5 500 7.966 1.342 5 8
mix 0.3 0.3 0.5 500 7.486 1.366 5 7
mix 1 0.3 0.5 500 7.294 1.459 5 7
max_pca 1 0.3 0.5 500 706.082 835.654 71.475 178.025
max_pca 2 0.3 0.5 500 117.77 101.789 53 104.025
max_pca 3 0.3 0.5 500 88.388 28.063 44.425 84
max_pca 5 0.3 0.5 500 64.07 18.47 33 61
max_pca 10 0.3 0.5 500 41.882 11.104 22 40
max_pca 20 0.3 0.5 500 55.578 11.877 32 54
min_pca 1 0.3 0.5 500 2.006 0.077 2 2
min_pca 2 0.3 0.5 500 2 0 2 2
min_pca 3 0.3 0.5 500 2.002 0.045 2 2
min_pca 5 0.3 0.5 500 2.004 0.063 2 2
min_pca 10 0.3 0.5 500 2.036 0.186 2 2
min_pca 20 0.3 0.5 500 2.356 0.516 2 2
tpca 0.8 0.3 0.5 500 2.006 0.077 2 2
tpca 0.9 0.3 0.5 500 2.006 0.077 2 2
tpca 0.95 0.3 0.5 500 2.006 0.077 2 2
tpca 0.99 0.3 0.5 500 2.006 0.077 2 2
tpca 0.995 0.3 0.5 500 2.006 0.077 2 2
tpca 0.999 0.3 0.5 500 2 0 2 2
mix 0.03 0.3 0.75 500 33.042 7.924 17 33
mix 0.1 0.3 0.75 500 29.622 7.846 15 29
mix 0.3 0.3 0.75 500 27.958 7.908 13.475 27
mix 1 0.3 0.75 500 27.546 8.339 12.475 27
max_pca 1 0.3 0.75 500 1590.482 747.499 118.475 2000
max_pca 2 0.3 0.75 500 739.072 840.6 77.95 191
max_pca 3 0.3 0.75 500 386.914 611.105 68.475 154
max_pca 5 0.3 0.75 500 136.688 191.753 54 110.025
max_pca 10 0.3 0.75 500 74.12 21.358 38.475 71
max_pca 20 0.3 0.75 500 118.532 27.922 69 115
min_pca 1 0.3 0.75 500 2.022 0.16 2 2
min_pca 2 0.3 0.75 500 2.024 0.153 2 2
min_pca 3 0.3 0.75 500 2.038 0.202 2 2
min_pca 5 0.3 0.75 500 2.072 0.274 2 2
min_pca 10 0.3 0.75 500 2.386 0.567 2 2
min_pca 20 0.3 0.75 500 3.496 0.715 3 3
tpca 0.8 0.3 0.75 500 2.022 0.16 2 2
tpca 0.9 0.3 0.75 500 2.022 0.16 2 2
tpca 0.95 0.3 0.75 500 2.022 0.16 2 2
tpca 0.99 0.3 0.75 500 2.022 0.16 2 2
tpca 0.995 0.3 0.75 500 2.022 0.16 2 2
tpca 0.999 0.3 0.75 500 2.024 0.153 2 2
mix 0.03 0.3 1.5 500 10.532 2.979 5.475 10
mix 0.1 0.3 1.5 500 10.122 2.891 5 10
mix 0.3 0.3 1.5 500 10.158 2.882 5 10
mix 1 0.3 1.5 500 10.61 3.049 5 10
max_pca 1 0.3 1.5 500 1996.822 49.752 2000 2000
max_pca 2 0.3 1.5 500 2000 0 2000 2000
max_pca 3 0.3 1.5 500 1997.01 66.858 2000 2000
max_pca 5 0.3 1.5 500 2000 0 2000 2000
max_pca 10 0.3 1.5 500 2000 0 2000 2000
max_pca 20 0.3 1.5 500 2000 0 2000 2000
min_pca 1 0.3 1.5 500 2.006 0.077 2 2
min_pca 2 0.3 1.5 500 2 0 2 2
min_pca 3 0.3 1.5 500 2 0 2 2
min_pca 5 0.3 1.5 500 2.002 0.045 2 2
min_pca 10 0.3 1.5 500 2.034 0.181 2 2
min_pca 20 0.3 1.5 500 2.342 0.504 2 2
tpca 0.8 0.3 1.5 500 2.006 0.077 2 2
tpca 0.9 0.3 1.5 500 2.006 0.077 2 2
tpca 0.95 0.3 1.5 500 2.006 0.077 2 2
tpca 0.99 0.3 1.5 500 2.006 0.077 2 2
tpca 0.995 0.3 1.5 500 2.006 0.077 2 2
tpca 0.999 0.3 1.5 500 2 0 2 2
mix 0.03 0.3 2 500 3.88 0.92 3 4
mix 0.1 0.3 2 500 3.798 0.866 2.475 4
mix 0.3 0.3 2 500 3.866 0.893 2.475 4
mix 1 0.3 2 500 4.036 0.938 3 4
max_pca 1 0.3 2 500 1996.916 68.96 2000 2000
max_pca 2 0.3 2 500 1982.91 170.939 2000 2000
max_pca 3 0.3 2 500 1989.568 134.996 2000 2000
max_pca 5 0.3 2 500 1967.638 239.515 2000 2000
max_pca 10 0.3 2 500 1364.43 875.39 92.475 2000
max_pca 20 0.3 2 500 81.058 24.832 43 77
min_pca 1 0.3 2 500 2.002 0.045 2 2
min_pca 2 0.3 2 500 2 0 2 2
min_pca 3 0.3 2 500 2 0 2 2
min_pca 5 0.3 2 500 2 0 2 2
min_pca 10 0.3 2 500 2.004 0.063 2 2
min_pca 20 0.3 2 500 2.01 0.1 2 2
tpca 0.8 0.3 2 500 2.002 0.045 2 2
tpca 0.9 0.3 2 500 2.002 0.045 2 2
tpca 0.95 0.3 2 500 2.002 0.045 2 2
tpca 0.99 0.3 2 500 2.002 0.045 2 2
tpca 0.995 0.3 2 500 2.002 0.045 2 2
tpca 0.999 0.3 2 500 2 0 2 2
mix 0.03 0.1 0.5 500 16.148 2.911 11 16
mix 0.1 0.1 0.5 500 16.066 3.136 10 16
mix 0.3 0.1 0.5 500 16.774 3.82 10 16
mix 1 0.1 0.5 500 18.392 4.687 10 18
max_pca 1 0.1 0.5 500 1793.794 566.005 145.95 2000
max_pca 2 0.1 0.5 500 1253.366 894.466 90.475 2000
max_pca 3 0.1 0.5 500 921.282 896.071 81.95 214.025
max_pca 5 0.1 0.5 500 346.39 573.019 64 147
max_pca 10 0.1 0.5 500 100.24 28.192 53 97.025
max_pca 20 0.1 0.5 500 591.306 775.672 106 177
min_pca 1 0.1 0.5 500 2.024 0.166 2 2
min_pca 2 0.1 0.5 500 2.012 0.109 2 2
min_pca 3 0.1 0.5 500 2.014 0.118 2 2
min_pca 5 0.1 0.5 500 2.046 0.219 2 2
min_pca 10 0.1 0.5 500 2.242 0.456 2 2
min_pca 20 0.1 0.5 500 3.144 0.663 2 3
tpca 0.8 0.1 0.5 500 2.024 0.166 2 2
tpca 0.9 0.1 0.5 500 2.024 0.166 2 2
tpca 0.95 0.1 0.5 500 2.024 0.166 2 2
tpca 0.99 0.1 0.5 500 2.024 0.166 2 2
tpca 0.995 0.1 0.5 500 2.024 0.166 2 2
tpca 0.999 0.1 0.5 500 2.012 0.109 2 2
mix 0.03 0.1 0.75 500 71.064 19.796 37 69
mix 0.1 0.1 0.75 500 70.464 21.701 32 68
mix 0.3 0.1 0.75 500 73.306 26.145 28 70
mix 1 0.1 0.75 500 80.13 31.688 22.475 77.025
max_pca 1 0.1 0.75 500 1920.792 356.62 227.275 2000
max_pca 2 0.1 0.75 500 1693.104 676.708 120.95 2000
max_pca 3 0.1 0.75 500 1518.55 798.242 119.475 2000
max_pca 5 0.1 0.75 500 988.756 909.856 86 222.025
max_pca 10 0.1 0.75 500 179.034 290.202 65 129
max_pca 20 0.1 0.75 500 1666.592 702.96 158.95 2000
min_pca 1 0.1 0.75 500 2.05 0.236 2 2
min_pca 2 0.1 0.75 500 2.078 0.303 2 2
min_pca 3 0.1 0.75 500 2.138 0.414 2 2
min_pca 5 0.1 0.75 500 2.29 0.595 2 2
min_pca 10 0.1 0.75 500 3.062 0.953 2 3
min_pca 20 0.1 0.75 500 4.982 1.493 3 5
tpca 0.8 0.1 0.75 500 2.05 0.236 2 2
tpca 0.9 0.1 0.75 500 2.05 0.236 2 2
tpca 0.95 0.1 0.75 500 2.05 0.236 2 2
tpca 0.99 0.1 0.75 500 2.05 0.236 2 2
tpca 0.995 0.1 0.75 500 2.05 0.236 2 2
tpca 0.999 0.1 0.75 500 2.078 0.303 2 2
mix 0.03 0.1 1.5 500 23.666 7.688 10.475 23
mix 0.1 0.1 1.5 500 24.672 8.212 10 23
mix 0.3 0.1 1.5 500 26.752 9.233 10 25
mix 1 0.1 1.5 500 30.152 10.736 11.475 29
max_pca 1 0.1 1.5 500 1975.744 204.865 2000 2000
max_pca 2 0.1 1.5 500 1986.498 151.148 2000 2000
max_pca 3 0.1 1.5 500 1982.962 170.396 2000 2000
max_pca 5 0.1 1.5 500 1985.942 156.853 2000 2000
max_pca 10 0.1 1.5 500 1979.07 182.648 2000 2000
max_pca 20 0.1 1.5 500 2000 0 2000 2000
min_pca 1 0.1 1.5 500 2.014 0.118 2 2
min_pca 2 0.1 1.5 500 2.014 0.134 2 2
min_pca 3 0.1 1.5 500 2.022 0.16 2 2
min_pca 5 0.1 1.5 500 2.038 0.211 2 2
min_pca 10 0.1 1.5 500 2.23 0.431 2 2
min_pca 20 0.1 1.5 500 3.088 0.685 2 3
tpca 0.8 0.1 1.5 500 2.014 0.118 2 2
tpca 0.9 0.1 1.5 500 2.014 0.118 2 2
tpca 0.95 0.1 1.5 500 2.014 0.118 2 2
tpca 0.99 0.1 1.5 500 2.014 0.118 2 2
tpca 0.995 0.1 1.5 500 2.014 0.118 2 2
tpca 0.999 0.1 1.5 500 2.014 0.134 2 2
mix 0.03 0.1 2 500 7.006 2.001 4 7
mix 0.1 0.1 2 500 7.324 2.1 4 7
mix 0.3 0.1 2 500 8.058 2.274 4 8
mix 1 0.1 2 500 9.044 2.615 4 9
max_pca 1 0.1 2 500 1994.944 80.961 2000 2000
max_pca 2 0.1 2 500 1997.086 65.159 2000 2000
max_pca 3 0.1 2 500 2000 0 2000 2000
max_pca 5 0.1 2 500 2000 0 2000 2000
max_pca 10 0.1 2 500 2000 0 2000 2000
max_pca 20 0.1 2 500 2000 0 2000 2000
min_pca 1 0.1 2 500 2.004 0.063 2 2
min_pca 2 0.1 2 500 2 0 2 2
min_pca 3 0.1 2 500 2 0 2 2
min_pca 5 0.1 2 500 2 0 2 2
min_pca 10 0.1 2 500 2.01 0.1 2 2
min_pca 20 0.1 2 500 2.128 0.334 2 2
tpca 0.8 0.1 2 500 2.004 0.063 2 2
tpca 0.9 0.1 2 500 2.004 0.063 2 2
tpca 0.95 0.1 2 500 2.004 0.063 2 2
tpca 0.99 0.1 2 500 2.004 0.063 2 2
tpca 0.995 0.1 2 500 2.004 0.063 2 2
tpca 0.999 0.1 2 500 2 0 2 2
mix 0.03 0.05 0.5 500 24.268 4.64 15 24
mix 0.1 0.05 0.5 500 26.142 5.785 15 26
mix 0.3 0.05 0.5 500 29.356 7.596 15 29
mix 1 0.05 0.5 500 34.826 10.643 15 34
max_pca 1 0.05 0.5 500 1884.954 435.481 190.85 2000
max_pca 2 0.05 0.5 500 1629.05 725.99 146.475 2000
max_pca 3 0.05 0.5 500 1461.136 825.625 127.475 2000
max_pca 5 0.05 0.5 500 963.116 903.262 94 216.075
max_pca 10 0.05 0.5 500 198.052 331.857 66 133
max_pca 20 0.05 0.5 500 1716.616 659.939 147.9 2000
min_pca 1 0.05 0.5 500 2.06 0.277 2 2
min_pca 2 0.05 0.5 500 2.06 0.254 2 2
min_pca 3 0.05 0.5 500 2.104 0.348 2 2
min_pca 5 0.05 0.5 500 2.16 0.428 2 2
min_pca 10 0.05 0.5 500 2.636 0.783 2 2
min_pca 20 0.05 0.5 500 3.976 1.167 3 4
tpca 0.8 0.05 0.5 500 2.06 0.277 2 2
tpca 0.9 0.05 0.5 500 2.06 0.277 2 2
tpca 0.95 0.05 0.5 500 2.06 0.277 2 2
tpca 0.99 0.05 0.5 500 2.06 0.277 2 2
tpca 0.995 0.05 0.5 500 2.06 0.277 2 2
tpca 0.999 0.05 0.5 500 2.06 0.254 2 2
mix 0.03 0.05 0.75 500 147.584 205.494 52 116
mix 0.1 0.05 0.75 500 187.47 304.693 44.475 127
mix 0.3 0.05 0.75 500 256.75 423.819 38.475 142
mix 1 0.05 0.75 500 368.326 554.551 36.9 158.05
max_pca 1 0.05 0.75 500 1925.894 354.405 253.75 2000
max_pca 2 0.05 0.75 500 1773.252 598.832 138.475 2000
max_pca 3 0.05 0.75 500 1691.164 683.596 127.9 2000
max_pca 5 0.05 0.75 500 1296.376 889.174 98 2000
max_pca 10 0.05 0.75 500 417.866 646.608 72.425 156.025
max_pca 20 0.05 0.75 500 1923.812 364.284 193.95 2000
min_pca 1 0.05 0.75 500 2.182 0.531 2 2
min_pca 2 0.05 0.75 500 2.298 0.68 2 2
min_pca 3 0.05 0.75 500 2.436 0.829 2 2
min_pca 5 0.05 0.75 500 2.754 1.071 2 2
min_pca 10 0.05 0.75 500 4.098 1.73 2 4
min_pca 20 0.05 0.75 500 7.518 3.24 4 7
tpca 0.8 0.05 0.75 500 2.182 0.531 2 2
tpca 0.9 0.05 0.75 500 2.182 0.531 2 2
tpca 0.95 0.05 0.75 500 2.182 0.531 2 2
tpca 0.99 0.05 0.75 500 2.182 0.531 2 2
tpca 0.995 0.05 0.75 500 2.182 0.531 2 2
tpca 0.999 0.05 0.75 500 2.298 0.68 2 2
mix 0.03 0.05 1.5 500 39.604 15.656 14 37
mix 0.1 0.05 1.5 500 43.55 17.58 15.475 40
mix 0.3 0.05 1.5 500 50.922 21.935 18 47
mix 1 0.05 1.5 500 61.832 27.661 20 56
max_pca 1 0.05 1.5 500 1981.264 175.171 2000 2000
max_pca 2 0.05 1.5 500 1978.846 193.86 2000 2000
max_pca 3 0.05 1.5 500 1956.348 278.761 2000 2000
max_pca 5 0.05 1.5 500 1924.06 363.537 190.8 2000
max_pca 10 0.05 1.5 500 1703.324 670.967 139 2000
max_pca 20 0.05 1.5 500 2000 0 2000 2000
min_pca 1 0.05 1.5 500 2.042 0.229 2 2
min_pca 2 0.05 1.5 500 2.048 0.223 2 2
min_pca 3 0.05 1.5 500 2.078 0.283 2 2
min_pca 5 0.05 1.5 500 2.152 0.386 2 2
min_pca 10 0.05 1.5 500 2.676 0.764 2 3
min_pca 20 0.05 1.5 500 3.984 1.189 3 4
tpca 0.8 0.05 1.5 500 2.042 0.229 2 2
tpca 0.9 0.05 1.5 500 2.042 0.229 2 2
tpca 0.95 0.05 1.5 500 2.042 0.229 2 2
tpca 0.99 0.05 1.5 500 2.042 0.229 2 2
tpca 0.995 0.05 1.5 500 2.042 0.229 2 2
tpca 0.999 0.05 1.5 500 2.048 0.223 2 2
mix 0.03 0.05 2 500 11.39 3.978 5 11
mix 0.1 0.05 2 500 12.528 4.347 6 12
mix 0.3 0.05 2 500 14.256 5.047 6 13
mix 1 0.05 2 500 16.748 5.931 7 16
max_pca 1 0.05 2 500 1988.584 120.326 2000 2000
max_pca 2 0.05 2 500 1986.35 152.74 2000 2000
max_pca 3 0.05 2 500 1986.542 150.596 2000 2000
max_pca 5 0.05 2 500 1989.248 138.545 2000 2000
max_pca 10 0.05 2 500 1945.86 308.233 223.75 2000
max_pca 20 0.05 2 500 2000 0 2000 2000
min_pca 1 0.05 2 500 2.004 0.063 2 2
min_pca 2 0.05 2 500 2.004 0.063 2 2
min_pca 3 0.05 2 500 2.008 0.089 2 2
min_pca 5 0.05 2 500 2.02 0.14 2 2
min_pca 10 0.05 2 500 2.098 0.311 2 2
min_pca 20 0.05 2 500 2.61 0.599 2 3
tpca 0.8 0.05 2 500 2.004 0.063 2 2
tpca 0.9 0.05 2 500 2.004 0.063 2 2
tpca 0.95 0.05 2 500 2.004 0.063 2 2
tpca 0.99 0.05 2 500 2.004 0.063 2 2
tpca 0.995 0.05 2 500 2.004 0.063 2 2
tpca 0.999 0.05 2 500 2.004 0.063 2 2
mix 0.03 0.02 0.5 500 46.866 11.656 22 46
mix 0.1 0.02 0.5 500 55.966 16.116 23 54
mix 0.3 0.02 0.5 500 67.772 22.323 22.475 66
mix 1 0.02 0.5 500 82.894 30.998 21.475 80
max_pca 1 0.02 0.5 500 1925.584 349.86 256.475 2000
max_pca 2 0.02 0.5 500 1781.48 584.036 166.325 2000
max_pca 3 0.02 0.5 500 1687.968 682.205 143.95 2000
max_pca 5 0.02 0.5 500 1314.054 878.385 117.475 2000
max_pca 10 0.02 0.5 500 473.304 690.639 76 163
max_pca 20 0.02 0.5 500 1934.928 337.097 202 2000
min_pca 1 0.02 0.5 500 2.318 1.405 2 2
min_pca 2 0.02 0.5 500 2.384 1.229 2 2
min_pca 3 0.02 0.5 500 2.558 1.548 2 2
min_pca 5 0.02 0.5 500 2.916 1.892 2 2
min_pca 10 0.02 0.5 500 4.18 3.014 2 3
min_pca 20 0.02 0.5 500 7.286 5.427 3 6
tpca 0.8 0.02 0.5 500 2.318 1.405 2 2
tpca 0.9 0.02 0.5 500 2.318 1.405 2 2
tpca 0.95 0.02 0.5 500 2.318 1.405 2 2
tpca 0.99 0.02 0.5 500 2.318 1.405 2 2
tpca 0.995 0.02 0.5 500 2.318 1.405 2 2
tpca 0.999 0.02 0.5 500 2.384 1.229 2 2
mix 0.03 0.02 0.75 500 1171.538 857.711 76.275 1266.95
mix 0.1 0.02 0.75 500 1125.096 809.805 65.475 954.65
mix 0.3 0.02 0.75 500 1091.4 787.75 59 846.325
mix 1 0.02 0.75 500 1069.508 775.948 44.425 822.1
max_pca 1 0.02 0.75 500 1948.56 288.558 460.225 2000
max_pca 2 0.02 0.75 500 1873.546 455.2 171.95 2000
max_pca 3 0.02 0.75 500 1824.078 532.36 155.9 2000
max_pca 5 0.02 0.75 500 1583.076 764.204 123.95 2000
max_pca 10 0.02 0.75 500 692.964 829.965 85.475 179
max_pca 20 0.02 0.75 500 1992.76 114.36 2000 2000
min_pca 1 0.02 0.75 500 3.566 7.987 2 2
min_pca 2 0.02 0.75 500 3.418 3.218 2 2
min_pca 3 0.02 0.75 500 3.998 3.896 2 3
min_pca 5 0.02 0.75 500 5.056 4.897 2 3
min_pca 10 0.02 0.75 500 8.772 8.516 3 6
min_pca 20 0.02 0.75 500 17.518 13.674 4 13
tpca 0.8 0.02 0.75 500 3.566 7.987 2 2
tpca 0.9 0.02 0.75 500 3.566 7.987 2 2
tpca 0.95 0.02 0.75 500 3.566 7.987 2 2
tpca 0.99 0.02 0.75 500 3.566 7.987 2 2
tpca 0.995 0.02 0.75 500 3.566 7.987 2 2
tpca 0.999 0.02 0.75 500 3.418 3.218 2 2
mix 0.03 0.02 1.5 500 128.96 232.458 27 90.025
mix 0.1 0.02 1.5 500 235.722 453.208 26.475 112
mix 0.3 0.02 1.5 500 436.982 652.236 26 142
mix 1 0.02 1.5 500 624.642 738.992 29 182
max_pca 1 0.02 1.5 500 1956.59 270.339 1638.975 2000
max_pca 2 0.02 1.5 500 1911.484 383.632 192.8 2000
max_pca 3 0.02 1.5 500 1892.486 424.987 188.275 2000
max_pca 5 0.02 1.5 500 1774.8 594.446 146.9 2000
max_pca 10 0.02 1.5 500 1151.99 909.712 99 2000
max_pca 20 0.02 1.5 500 2000 0 2000 2000
min_pca 1 0.02 1.5 500 2.414 1.672 2 2
min_pca 2 0.02 1.5 500 2.388 1.025 2 2
min_pca 3 0.02 1.5 500 2.566 1.408 2 2
min_pca 5 0.02 1.5 500 2.878 1.703 2 2
min_pca 10 0.02 1.5 500 4.266 3.053 2 3
min_pca 20 0.02 1.5 500 7.472 5.371 3 6
tpca 0.8 0.02 1.5 500 2.414 1.672 2 2
tpca 0.9 0.02 1.5 500 2.414 1.672 2 2
tpca 0.95 0.02 1.5 500 2.414 1.672 2 2
tpca 0.99 0.02 1.5 500 2.414 1.672 2 2
tpca 0.995 0.02 1.5 500 2.414 1.672 2 2
tpca 0.999 0.02 1.5 500 2.388 1.025 2 2
mix 0.03 0.02 2 500 23.246 10.322 8 21
mix 0.1 0.02 2 500 28.558 13.149 10 25
mix 0.3 0.02 2 500 35.566 16.423 12 32
mix 1 0.02 2 500 46.832 23.155 13 42
max_pca 1 0.02 2 500 1958.032 260.437 1472.375 2000
max_pca 2 0.02 2 500 1946.174 302.218 347.2 2000
max_pca 3 0.02 2 500 1934.51 327.723 311.4 2000
max_pca 5 0.02 2 500 1901.074 407.379 193.9 2000
max_pca 10 0.02 2 500 1582.09 762.053 127.375 2000
max_pca 20 0.02 2 500 2000 0 2000 2000
min_pca 1 0.02 2 500 2.344 3.998 2 2
min_pca 2 0.02 2 500 2.08 0.427 2 2
min_pca 3 0.02 2 500 2.124 0.584 2 2
min_pca 5 0.02 2 500 2.194 0.526 2 2
min_pca 10 0.02 2 500 2.616 0.997 2 2
min_pca 20 0.02 2 500 3.82 1.834 2 3
tpca 0.8 0.02 2 500 2.344 3.998 2 2
tpca 0.9 0.02 2 500 2.344 3.998 2 2
tpca 0.95 0.02 2 500 2.344 3.998 2 2
tpca 0.99 0.02 2 500 2.344 3.998 2 2
tpca 0.995 0.02 2 500 2.344 3.998 2 2
tpca 0.999 0.02 2 500 2.08 0.427 2 2
