method method_param p change_param n_sim edd sd_edd edd_lower edd_upper
max_pca 1 0.98 0.5 500 677.42 812.856 59.475 188
max_pca 2 0.98 0.5 500 399.54 634.174 58.475 147.025
max_pca 3 0.98 0.5 500 113.652 128.534 41.475 97.025
max_pca 5 0.98 0.5 500 75.3 23.624 36 71
max_pca 10 0.98 0.5 500 47.052 12.713 25 45
max_pca 20 0.98 0.5 500 33.83 9.281 17 32.025
min_pca 1 0.98 0.5 500 20.094 178.331 2 2
min_pca 2 0.98 0.5 500 2.034 0.181 2 2
min_pca 3 0.98 0.5 500 2.002 0.045 2 2
min_pca 5 0.98 0.5 500 2.038 0.191 2 2
min_pca 10 0.98 0.5 500 2.548 0.502 2 3
min_pca 20 0.98 0.5 500 3.372 0.5 3 3
tpca 0.8 0.98 0.5 500 2.068 0.252 2 2
tpca 0.9 0.98 0.5 500 2.142 0.349 2 2
tpca 0.95 0.98 0.5 500 2.31 0.463 2 2
tpca 0.99 0.98 0.5 500 2.548 0.502 2 3
tpca 0.995 0.98 0.5 500 2.738 0.445 2 3
tpca 0.999 0.98 0.5 500 2.884 0.327 2 3
mix 0.03 0.98 0.5 500 7.854 1.849 5 8
mix 0.1 0.98 0.5 500 6.632 1.603 4 6
mix 0.3 0.98 0.5 500 6.028 1.414 4 6
mix 1 0.98 0.5 500 5.67 1.316 3 6
max_pca 1 0.98 0.7 500 459.572 671.893 48.475 153
max_pca 2 0.98 0.7 500 333.42 569.141 48.475 133.025
max_pca 3 0.98 0.7 500 77.218 27.839 34 72
max_pca 5 0.98 0.7 500 53.982 16.526 28 51
max_pca 10 0.98 0.7 500 30.356 7.862 16 30
max_pca 20 0.98 0.7 500 21.588 5.413 12 21
min_pca 1 0.98 0.7 500 40.116 266.037 2 2
min_pca 2 0.98 0.7 500 2.004 0.063 2 2
min_pca 3 0.98 0.7 500 2 0 2 2
min_pca 5 0.98 0.7 500 2 0 2 2
min_pca 10 0.98 0.7 500 2.024 0.153 2 2
min_pca 20 0.98 0.7 500 2.908 0.289 2 3
tpca 0.8 0.98 0.7 500 2 0 2 2
tpca 0.9 0.98 0.7 500 2 0 2 2
tpca 0.95 0.98 0.7 500 2.004 0.063 2 2
tpca 0.99 0.98 0.7 500 2.024 0.153 2 2
tpca 0.995 0.98 0.7 500 2.054 0.226 2 2
tpca 0.999 0.98 0.7 500 2.078 0.268 2 2
mix 0.03 0.98 0.7 500 4.782 0.942 3 5
mix 0.1 0.98 0.7 500 4.162 0.803 3 4
mix 0.3 0.98 0.7 500 3.744 0.743 2.475 4
mix 1 0.98 0.7 500 3.524 0.692 2 3
max_pca 1 0.98 1 500 213.724 381.993 47.475 119.025
max_pca 2 0.98 1 500 144.664 216.923 47 109
max_pca 3 0.98 1 500 49.244 16.024 23 47
max_pca 5 0.98 1 500 34.422 9.971 18 32.025
max_pca 10 0.98 1 500 17.844 4.348 10 17
max_pca 20 0.98 1 500 12.518 2.966 7 12
min_pca 1 0.98 1 500 6.802 89.516 2 2
min_pca 2 0.98 1 500 2 0 2 2
min_pca 3 0.98 1 500 2 0 2 2
min_pca 5 0.98 1 500 2 0 2 2
min_pca 10 0.98 1 500 2 0 2 2
min_pca 20 0.98 1 500 2.018 0.133 2 2
tpca 0.8 0.98 1 500 2 0 2 2
tpca 0.9 0.98 1 500 2 0 2 2
tpca 0.95 0.98 1 500 2 0 2 2
tpca 0.99 0.98 1 500 2 0 2 2
tpca 0.995 0.98 1 500 2 0 2 2
tpca 0.999 0.98 1 500 2 0 2 2
mix 0.03 0.98 1 500 3.238 0.488 2 3
mix 0.1 0.98 1 500 2.932 0.424 2 3
mix 0.3 0.98 1 500 2.718 0.459 2 3
mix 1 0.98 1 500 2.518 0.5 2 2
max_pca 1 0.95 0.5 500 636.766 795.03 53.375 180.025
max_pca 2 0.95 0.5 500 413.98 649.993 61 151
max_pca 3 0.95 0.5 500 125.946 193.576 43 98
max_pca 5 0.95 0.5 500 75.95 25.373 35 72
max_pca 10 0.95 0.5 500 47.36 13.947 24.475 45
max_pca 20 0.95 0.5 500 35.006 9.744 19 33
min_pca 1 0.95 0.5 500 77.254 372.163 2 2
min_pca 2 0.95 0.5 500 2.08 0.355 2 2
min_pca 3 0.95 0.5 500 2.008 0.089 2 2
min_pca 5 0.95 0.5 500 2.096 0.302 2 2
min_pca 10 0.95 0.5 500 2.616 0.515 2 3
min_pca 20 0.95 0.5 500 3.514 0.609 3 3
tpca 0.8 0.95 0.5 500 2.134 0.341 2 2
tpca 0.9 0.95 0.5 500 2.252 0.439 2 2
tpca 0.95 0.95 0.5 500 2.396 0.498 2 2
tpca 0.99 0.95 0.5 500 2.616 0.515 2 3
tpca 0.995 0.95 0.5 500 2.764 0.503 2 3
tpca 0.999 0.95 0.5 500 2.854 0.457 2 3
mix 0.03 0.95 0.5 500 7.688 1.874 5 7
mix 0.1 0.95 0.5 500 6.564 1.557 4 6
mix 0.3 0.95 0.5 500 5.908 1.38 3.475 6
mix 1 0.95 0.5 500 5.556 1.269 3 5
max_pca 1 0.95 0.7 500 490.186 705.536 48 153
max_pca 2 0.95 0.7 500 286.98 509.236 50.475 129
max_pca 3 0.95 0.7 500 78.612 30.321 34.475 73
max_pca 5 0.95 0.7 500 55.308 17.95 26.95 52
max_pca 10 0.95 0.7 500 31.218 8.592 17 30
max_pca 20 0.95 0.7 500 22.01 5.771 12 21
min_pca 1 0.95 0.7 500 37.196 251.054 2 2
min_pca 2 0.95 0.7 500 2.026 0.203 2 2
min_pca 3 0.95 0.7 500 2 0 2 2
min_pca 5 0.95 0.7 500 2.004 0.063 2 2
min_pca 10 0.95 0.7 500 2.056 0.23 2 2
min_pca 20 0.95 0.7 500 2.872 0.369 2 3
tpca 0.8 0.95 0.7 500 2.004 0.063 2 2
tpca 0.9 0.95 0.7 500 2.008 0.089 2 2
tpca 0.95 0.95 0.7 500 2.026 0.159 2 2
tpca 0.99 0.95 0.7 500 2.056 0.23 2 2
tpca 0.995 0.95 0.7 500 2.106 0.308 2 2
tpca 0.999 0.95 0.7 500 2.13 0.337 2 2
mix 0.03 0.95 0.7 500 4.894 0.904 3 5
mix 0.1 0.95 0.7 500 4.248 0.767 3 4
mix 0.3 0.95 0.7 500 3.862 0.721 3 4
mix 1 0.95 0.7 500 3.602 0.684 2 4
max_pca 1 0.95 1 500 231.93 438.236 36 110
max_pca 2 0.95 1 500 160.906 304.798 39 103
max_pca 3 0.95 1 500 51.144 19.245 22 48
max_pca 5 0.95 1 500 35.786 10.811 19 34
max_pca 10 0.95 1 500 18.468 4.677 11 18
max_pca 20 0.95 1 500 12.88 3.154 7 12
min_pca 1 0.95 1 500 27.272 217.817 2 2
min_pca 2 0.95 1 500 2.004 0.063 2 2
min_pca 3 0.95 1 500 2 0 2 2
min_pca 5 0.95 1 500 2 0 2 2
min_pca 10 0.95 1 500 2 0 2 2
min_pca 20 0.95 1 500 2.078 0.268 2 2
tpca 0.8 0.95 1 500 2 0 2 2
tpca 0.9 0.95 1 500 2 0 2 2
tpca 0.95 0.95 1 500 2 0 2 2
tpca 0.99 0.95 1 500 2 0 2 2
tpca 0.995 0.95 1 500 2 0 2 2
tpca 0.999 0.95 1 500 2 0 2 2
mix 0.03 0.95 1 500 3.23 0.496 2 3
mix 0.1 0.95 1 500 2.914 0.423 2 3
mix 0.3 0.95 1 500 2.73 0.483 2 3
mix 1 0.95 1 500 2.532 0.503 2 3
max_pca 1 0.9 0.5 500 669.65 819.634 51 169
max_pca 2 0.9 0.5 500 388.734 623.988 54 143.025
max_pca 3 0.9 0.5 500 126.826 194.631 44.475 97
max_pca 5 0.9 0.5 500 78.212 27.905 37 73.025
max_pca 10 0.9 0.5 500 49.5 14.396 25 48
max_pca 20 0.9 0.5 500 35.448 9.826 18 34
min_pca 1 0.9 0.5 500 56.194 318.044 2 2
min_pca 2 0.9 0.5 500 2.214 1.59 2 2
min_pca 3 0.9 0.5 500 2.048 0.3 2 2
min_pca 5 0.9 0.5 500 2.138 0.442 2 2
min_pca 10 0.9 0.5 500 2.62 0.566 2 3
min_pca 20 0.9 0.5 500 3.562 0.701 3 3
tpca 0.8 0.9 0.5 500 2.188 0.439 2 2
tpca 0.9 0.9 0.5 500 2.276 0.49 2 2
tpca 0.95 0.9 0.5 500 2.422 0.57 2 2
tpca 0.99 0.9 0.5 500 2.62 0.566 2 3
tpca 0.995 0.9 0.5 500 2.772 0.548 2 3
tpca 0.999 0.9 0.5 500 2.868 0.532 2 3
mix 0.03 0.9 0.5 500 8.186 1.929 5 8
mix 0.1 0.9 0.5 500 6.968 1.687 4 7
mix 0.3 0.9 0.5 500 6.324 1.575 4 6
mix 1 0.9 0.5 500 5.956 1.471 3 6
max_pca 1 0.9 0.7 500 505.64 716.456 48.95 151.025
max_pca 2 0.9 0.7 500 286.366 512.908 49.9 126.025
max_pca 3 0.9 0.7 500 86.104 92.307 35.475 73
max_pca 5 0.9 0.7 500 56.922 18.984 27.475 54
max_pca 10 0.9 0.7 500 32.386 9.678 17 31
max_pca 20 0.9 0.7 500 22.574 6.328 12 22
min_pca 1 0.9 0.7 500 48.184 293.319 2 2
min_pca 2 0.9 0.7 500 2.06 0.353 2 2
min_pca 3 0.9 0.7 500 2.006 0.077 2 2
min_pca 5 0.9 0.7 500 2.018 0.133 2 2
min_pca 10 0.9 0.7 500 2.116 0.321 2 2
min_pca 20 0.9 0.7 500 2.894 0.399 2 3
tpca 0.8 0.9 0.7 500 2.016 0.126 2 2
tpca 0.9 0.9 0.7 500 2.038 0.191 2 2
tpca 0.95 0.9 0.7 500 2.068 0.252 2 2
tpca 0.99 0.9 0.7 500 2.116 0.321 2 2
tpca 0.995 0.9 0.7 500 2.174 0.379 2 2
tpca 0.999 0.9 0.7 500 2.214 0.411 2 2
mix 0.03 0.9 0.7 500 5.034 0.977 3 5
mix 0.1 0.9 0.7 500 4.376 0.858 3 4
mix 0.3 0.9 0.7 500 4.016 0.775 3 4
mix 1 0.9 0.7 500 3.758 0.719 3 4
max_pca 1 0.9 1 500 359.344 604.02 36.425 118
max_pca 2 0.9 1 500 209.834 415.521 39.475 103
max_pca 3 0.9 1 500 55.154 25.243 20.95 49
max_pca 5 0.9 1 500 37.058 13.371 16 34.025
max_pca 10 0.9 1 500 19.432 5.391 11 19
max_pca 20 0.9 1 500 13.446 3.319 8 13
min_pca 1 0.9 1 500 19.698 178.341 2 2
min_pca 2 0.9 1 500 2.02 0.178 2 2
min_pca 3 0.9 1 500 2 0 2 2
min_pca 5 0.9 1 500 2 0 2 2
min_pca 10 0.9 1 500 2 0 2 2
min_pca 20 0.9 1 500 2.098 0.298 2 2
tpca 0.8 0.9 1 500 2 0 2 2
tpca 0.9 0.9 1 500 2 0 2 2
tpca 0.95 0.9 1 500 2 0 2 2
tpca 0.99 0.9 1 500 2 0 2 2
tpca 0.995 0.9 1 500 2 0 2 2
tpca 0.999 0.9 1 500 2 0 2 2
mix 0.03 0.9 1 500 3.322 0.524 3 3
mix 0.1 0.9 1 500 2.94 0.411 2 3
mix 0.3 0.9 1 500 2.776 0.45 2 3
mix 1 0.9 1 500 2.622 0.494 2 3
max_pca 1 0.7 0.5 500 850.974 877.429 51.475 200.025
max_pca 2 0.7 0.5 500 412.382 655.861 48.475 143
max_pca 3 0.7 0.5 500 213.024 413.813 46.475 111
max_pca 5 0.7 0.5 500 91.19 90.705 38 83
max_pca 10 0.7 0.5 500 59.238 19.207 28.475 55
max_pca 20 0.7 0.5 500 41.284 12.712 21 39
min_pca 1 0.7 0.5 500 60.68 329.732 2 2
min_pca 2 0.7 0.5 500 2.702 5.822 2 2
min_pca 3 0.7 0.5 500 2.206 0.917 2 2
min_pca 5 0.7 0.5 500 2.338 0.738 2 2
min_pca 10 0.7 0.5 500 2.894 0.827 2 3
min_pca 20 0.7 0.5 500 4.112 1.146 3 4
tpca 0.8 0.7 0.5 500 2.406 0.709 2 2
tpca 0.9 0.7 0.5 500 2.512 0.782 2 2
tpca 0.95 0.7 0.5 500 2.674 0.828 2 3
tpca 0.99 0.7 0.5 500 2.894 0.827 2 3
tpca 0.995 0.7 0.5 500 3.05 0.842 2 3
tpca 0.999 0.7 0.5 500 3.156 0.847 2 3
mix 0.03 0.7 0.5 500 9.43 2.291 6 9
mix 0.1 0.7 0.5 500 8.25 2.028 5 8
mix 0.3 0.7 0.5 500 7.622 1.841 4 7
mix 1 0.7 0.5 500 7.212 1.772 4 7
max_pca 1 0.7 0.7 500 621.622 794.135 57 160
max_pca 2 0.7 0.7 500 284.372 516.023 47.475 125
max_pca 3 0.7 0.7 500 122.356 228.036 32.95 87
max_pca 5 0.7 0.7 500 68.26 27.049 31 62
max_pca 10 0.7 0.7 500 41.464 14.328 20 39
max_pca 20 0.7 0.7 500 27.612 8.605 14 26
min_pca 1 0.7 0.7 500 27.96 217.879 2 2
min_pca 2 0.7 0.7 500 2.198 1.443 2 2
min_pca 3 0.7 0.7 500 2.064 0.352 2 2
min_pca 5 0.7 0.7 500 2.082 0.309 2 2
min_pca 10 0.7 0.7 500 2.27 0.508 2 2
min_pca 20 0.7 0.7 500 3.094 0.602 2 3
tpca 0.8 0.7 0.7 500 2.094 0.337 2 2
tpca 0.9 0.7 0.7 500 2.124 0.381 2 2
tpca 0.95 0.7 0.7 500 2.182 0.44 2 2
tpca 0.99 0.7 0.7 500 2.27 0.508 2 2
tpca 0.995 0.7 0.7 500 2.352 0.541 2 2
tpca 0.999 0.7 0.7 500 2.426 0.581 2 2
mix 0.03 0.7 0.7 500 5.69 1.14 4 6
mix 0.1 0.7 0.7 500 4.962 1.019 3 5
mix 0.3 0.7 0.7 500 4.622 0.941 3 5
mix 1 0.7 0.7 500 4.378 0.906 3 4
max_pca 1 0.7 1 500 438.164 692.482 37.475 128
max_pca 2 0.7 1 500 199.936 409.835 33 95
max_pca 3 0.7 1 500 80.032 153.609 24 60
max_pca 5 0.7 1 500 46.998 22.904 21 40
max_pca 10 0.7 1 500 24.834 8.939 13 23
max_pca 20 0.7 1 500 15.908 4.874 9 15
min_pca 1 0.7 1 500 15.146 154.477 2 2
min_pca 2 0.7 1 500 2.088 1.237 2 2
min_pca 3 0.7 1 500 2.012 0.126 2 2
min_pca 5 0.7 1 500 2.008 0.089 2 2
min_pca 10 0.7 1 500 2.026 0.159 2 2
min_pca 20 0.7 1 500 2.344 0.484 2 2
tpca 0.8 0.7 1 500 2.01 0.1 2 2
tpca 0.9 0.7 1 500 2.014 0.118 2 2
tpca 0.95 0.7 1 500 2.024 0.153 2 2
tpca 0.99 0.7 1 500 2.026 0.159 2 2
tpca 0.995 0.7 1 500 2.034 0.181 2 2
tpca 0.999 0.7 1 500 2.044 0.205 2 2
mix 0.03 0.7 1 500 3.694 0.614 3 4
mix 0.1 0.7 1 500 3.304 0.541 2 3
mix 0.3 0.7 1 500 3.08 0.496 2 3
mix 1 0.7 1 500 2.93 0.483 2 3
max_pca 1 0.5 0.5 500 763.64 853.192 51 192.05
max_pca 2 0.5 0.5 500 364.886 600.114 49.475 147
max_pca 3 0.5 0.5 500 242.176 448.481 49.475 123
max_pca 5 0.5 0.5 500 113.168 152.007 42 96
max_pca 10 0.5 0.5 500 70.124 25.779 31 63
max_pca 20 0.5 0.5 500 49.192 17.523 23 46
min_pca 1 0.5 0.5 500 56.762 318.183 2 2
min_pca 2 0.5 0.5 500 2.5 1.834 2 2
min_pca 3 0.5 0.5 500 2.356 1.185 2 2
min_pca 5 0.5 0.5 500 2.52 0.912 2 2
min_pca 10 0.5 0.5 500 3.232 1.081 2 3
min_pca 20 0.5 0.5 500 4.738 1.619 3 4
tpca 0.8 0.5 0.5 500 2.61 0.905 2 2
tpca 0.9 0.5 0.5 500 2.758 0.962 2 3
tpca 0.95 0.5 0.5 500 2.936 1.036 2 3
tpca 0.99 0.5 0.5 500 3.232 1.081 2 3
tpca 0.995 0.5 0.5 500 3.398 1.102 2 3
tpca 0.999 0.5 0.5 500 3.54 1.12 2 3
mix 0.03 0.5 0.5 500 11.914 3.3 6 12
mix 0.1 0.5 0.5 500 10.418 2.902 5 10
mix 0.3 0.5 0.5 500 9.778 2.717 5 10
mix 1 0.5 0.5 500 9.47 2.714 5 9
max_pca 1 0.5 0.7 500 623.038 782.219 52.475 172
max_pca 2 0.5 0.7 500 336.466 578.675 51.475 130.025
max_pca 3 0.5 0.7 500 193.11 383.882 39 105
max_pca 5 0.5 0.7 500 80.016 32.257 33.475 74
max_pca 10 0.5 0.7 500 51.522 18.358 23.475 47
max_pca 20 0.5 0.7 500 33.094 10.773 16 31
min_pca 1 0.5 0.7 500 19.094 178.187 2 2
min_pca 2 0.5 0.7 500 2.32 2.55 2 2
min_pca 3 0.5 0.7 500 2.134 0.601 2 2
min_pca 5 0.5 0.7 500 2.168 0.533 2 2
min_pca 10 0.5 0.7 500 2.51 0.729 2 2
min_pca 20 0.5 0.7 500 3.468 0.887 2 3
tpca 0.8 0.5 0.7 500 2.198 0.61 2 2
tpca 0.9 0.5 0.7 500 2.258 0.629 2 2
tpca 0.95 0.5 0.7 500 2.376 0.712 2 2
tpca 0.99 0.5 0.7 500 2.51 0.729 2 2
tpca 0.995 0.5 0.7 500 2.596 0.763 2 2
tpca 0.999 0.5 0.7 500 2.67 0.758 2 3
mix 0.03 0.5 0.7 500 6.864 1.434 4 7
mix 0.1 0.5 0.7 500 6.09 1.301 4 6
mix 0.3 0.5 0.7 500 5.698 1.238 4 6
mix 1 0.5 0.7 500 5.52 1.232 3 5
max_pca 1 0.5 1 500 543.432 773.582 38 140
max_pca 2 0.5 1 500 255.628 505.479 33.475 99
max_pca 3 0.5 1 500 112.272 244.633 24.95 72
max_pca 5 0.5 1 500 61.672 90.911 22.475 51
max_pca 10 0.5 1 500 32.834 13.087 14 30
max_pca 20 0.5 1 500 19.466 6.241 10 18
min_pca 1 0.5 1 500 36.402 251.003 2 2
min_pca 2 0.5 1 500 2.262 2.466 2 2
min_pca 3 0.5 1 500 2.058 0.367 2 2
min_pca 5 0.5 1 500 2.056 0.312 2 2
min_pca 10 0.5 1 500 2.126 0.361 2 2
min_pca 20 0.5 1 500 2.672 0.614 2 3
tpca 0.8 0.5 1 500 2.058 0.273 2 2
tpca 0.9 0.5 1 500 2.084 0.348 2 2
tpca 0.95 0.5 1 500 2.1 0.344 2 2
tpca 0.99 0.5 1 500 2.126 0.361 2 2
tpca 0.995 0.5 1 500 2.156 0.395 2 2
tpca 0.999 0.5 1 500 2.214 0.478 2 2
mix 0.03 0.5 1 500 4.26 0.682 3 4
mix 0.1 0.5 1 500 3.842 0.643 3 4
mix 0.3 0.5 1 500 3.622 0.639 3 4
mix 1 0.5 1 500 3.498 0.628 2 3
max_pca 1 0.3 0.5 500 892.958 884.034 61.475 224.05
max_pca 2 0.3 0.5 500 465.878 698.627 50.95 149
max_pca 3 0.3 0.5 500 399.114 644.754 50.475 140.025
max_pca 5 0.3 0.5 500 145.9 254.785 46.95 104.025
max_pca 10 0.3 0.5 500 87.616 33.82 36.475 82
max_pca 20 0.3 0.5 500 61.78 21.702 27 58
min_pca 1 0.3 0.5 500 36.836 250.993 2 2
min_pca 2 0.3 0.5 500 6.516 89.354 2 2
min_pca 3 0.3 0.5 500 2.73 5.103 2 2
min_pca 5 0.3 0.5 500 2.864 1.476 2 2
min_pca 10 0.3 0.5 500 3.89 1.608 2 3
min_pca 20 0.3 0.5 500 6.048 2.223 3 5
tpca 0.8 0.3 0.5 500 3.024 1.395 2 3
tpca 0.9 0.3 0.5 500 3.29 1.536 2 3
tpca 0.95 0.3 0.5 500 3.532 1.613 2 3
tpca 0.99 0.3 0.5 500 3.89 1.608 2 3
tpca 0.995 0.3 0.5 500 4.108 1.665 3 4
tpca 0.999 0.3 0.5 500 4.278 1.645 3 4
mix 0.03 0.3 0.5 500 17.214 4.698 9 17
mix 0.1 0.3 0.5 500 15.56 4.375 8 15
mix 0.3 0.3 0.5 500 15.002 4.44 7.475 15
mix 1 0.3 0.5 500 14.926 4.751 6 15
max_pca 1 0.3 0.7 500 784.782 857.7 51 194.025
max_pca 2 0.3 0.7 500 394.55 642.387 52 139
max_pca 3 0.3 0.7 500 264.18 494.607 44.475 121
max_pca 5 0.3 0.7 500 108.404 173.494 38.475 89
max_pca 10 0.3 0.7 500 66.644 23.329 30.475 62
max_pca 20 0.3 0.7 500 42.296 14.783 21 40
min_pca 1 0.3 0.7 500 36.016 250.942 2 2
min_pca 2 0.3 0.7 500 6.306 89.361 2 2
min_pca 3 0.3 0.7 500 2.208 0.752 2 2
min_pca 5 0.3 0.7 500 2.328 0.796 2 2
min_pca 10 0.3 0.7 500 2.98 1.007 2 3
min_pca 20 0.3 0.7 500 4.286 1.414 3 4
tpca 0.8 0.3 0.7 500 2.406 0.841 2 2
tpca 0.9 0.3 0.7 500 2.544 0.902 2 2
tpca 0.95 0.3 0.7 500 2.714 0.941 2 2
tpca 0.99 0.3 0.7 500 2.98 1.007 2 3
tpca 0.995 0.3 0.7 500 3.126 1.026 2 3
tpca 0.999 0.3 0.7 500 3.258 1.044 2 3
mix 0.03 0.3 0.7 500 9.43 2.226 5 9
mix 0.1 0.3 0.7 500 8.71 2.108 5 9
mix 0.3 0.3 0.7 500 8.394 2.183 5 8
mix 1 0.3 0.7 500 8.378 2.253 4 8
max_pca 1 0.3 1 500 624.584 793.808 40.425 165.025
max_pca 2 0.3 1 500 282.202 521.124 33.95 114
max_pca 3 0.3 1 500 177.92 360.65 35.475 96
max_pca 5 0.3 1 500 80.1 93.21 30 67.025
max_pca 10 0.3 1 500 48.248 19.205 22 44
max_pca 20 0.3 1 500 28.15 10.154 12.475 25
min_pca 1 0.3 1 500 11.374 126.622 2 2
min_pca 2 0.3 1 500 2.242 2.176 2 2
min_pca 3 0.3 1 500 2.142 1.439 2 2
min_pca 5 0.3 1 500 2.078 0.352 2 2
min_pca 10 0.3 1 500 2.29 0.535 2 2
min_pca 20 0.3 1 500 3.126 0.65 2 3
tpca 0.8 0.3 1 500 2.096 0.356 2 2
tpca 0.9 0.3 1 500 2.134 0.42 2 2
tpca 0.95 0.3 1 500 2.18 0.486 2 2
tpca 0.99 0.3 1 500 2.29 0.535 2 2
tpca 0.995 0.3 1 500 2.392 0.599 2 2
tpca 0.999 0.3 1 500 2.444 0.603 2 2
mix 0.03 0.3 1 500 5.378 1.005 4 5
mix 0.1 0.3 1 500 4.988 0.991 3 5
mix 0.3 0.3 1 500 4.84 1.01 3 5
mix 1 0.3 1 500 4.828 1.032 3 5
max_pca 1 0.1 0.5 500 929.844 880.967 61.475 261.075
max_pca 2 0.1 0.5 500 530.5 736.134 63.475 160
max_pca 3 0.1 0.5 500 601.948 788.994 69 164
max_pca 5 0.1 0.5 500 241.996 441.658 57 128
max_pca 10 0.1 0.5 500 118.716 127.026 50 103
max_pca 20 0.1 0.5 500 86.152 30.039 38 82
min_pca 1 0.1 0.5 500 65.634 340.809 2 2
min_pca 2 0.1 0.5 500 7.792 89.556 2 2
min_pca 3 0.1 0.5 500 3.968 7.444 2 3
min_pca 5 0.1 0.5 500 4.63 5.275 2 3
min_pca 10 0.1 0.5 500 6.73 4.362 3 5
min_pca 20 0.1 0.5 500 11.616 5.853 6 10
tpca 0.8 0.1 0.5 500 5.126 5.728 2 4
tpca 0.9 0.1 0.5 500 5.506 5.697 3 4
tpca 0.95 0.1 0.5 500 5.838 4.171 3 5
tpca 0.99 0.1 0.5 500 6.73 4.362 3 5
tpca 0.995 0.1 0.5 500 7.25 4.705 3 6
tpca 0.999 0.1 0.5 500 7.698 4.842 4 6
mix 0.03 0.1 0.5 500 38.44 13.722 15.475 36
mix 0.1 0.1 0.5 500 38.99 14.935 14 37
mix 0.3 0.1 0.5 500 41.508 17.429 14 38.025
mix 1 0.1 0.5 500 46.384 21.491 13 43
max_pca 1 0.1 0.7 500 944.956 892.053 65.475 232.025
max_pca 2 0.1 0.7 500 547.618 755.644 56 158.05
max_pca 3 0.1 0.7 500 515.752 733.85 62.9 158
max_pca 5 0.1 0.7 500 177.266 323.731 55 114
max_pca 10 0.1 0.7 500 105.524 124.266 47 93
max_pca 20 0.1 0.7 500 72.234 25.143 31.475 68
min_pca 1 0.1 0.7 500 46.228 280.004 2 2
min_pca 2 0.1 0.7 500 3.214 5.773 2 2
min_pca 3 0.1 0.7 500 2.898 3.412 2 2
min_pca 5 0.1 0.7 500 3.212 1.785 2 3
min_pca 10 0.1 0.7 500 4.57 2.263 3 4
min_pca 20 0.1 0.7 500 7.512 3.534 4 6
tpca 0.8 0.1 0.7 500 3.466 1.851 2 3
tpca 0.9 0.1 0.7 500 3.748 1.969 2 3
tpca 0.95 0.1 0.7 500 4.064 2.073 2 3
tpca 0.99 0.1 0.7 500 4.57 2.263 3 4
tpca 0.995 0.1 0.7 500 4.872 2.442 3 4
tpca 0.999 0.1 0.7 500 5.132 2.585 3 4
mix 0.03 0.1 0.7 500 18.712 5.541 9 18
mix 0.1 0.1 0.7 500 19.07 5.91 8.475 18
mix 0.3 0.1 0.7 500 20.336 6.837 8 20
mix 1 0.1 0.7 500 22.608 8.569 8 21
max_pca 1 0.1 1 500 824.54 864.224 63.95 199
max_pca 2 0.1 1 500 458.066 698.283 52.95 142.025
max_pca 3 0.1 1 500 407.648 663.097 53.475 130
max_pca 5 0.1 1 500 129.51 211.185 47.475 97
max_pca 10 0.1 1 500 81.66 28.94 40 75
max_pca 20 0.1 1 500 54.058 18.526 25.475 51
min_pca 1 0.1 1 500 32.234 235.063 2 2
min_pca 2 0.1 1 500 2.438 2.05 2 2
min_pca 3 0.1 1 500 2.332 1.045 2 2
min_pca 5 0.1 1 500 2.504 0.961 2 2
min_pca 10 0.1 1 500 3.316 1.167 2 3
min_pca 20 0.1 1 500 4.908 1.769 3 4
tpca 0.8 0.1 1 500 2.64 1.004 2 2
tpca 0.9 0.1 1 500 2.812 1.078 2 3
tpca 0.95 0.1 1 500 2.96 1.076 2 3
tpca 0.99 0.1 1 500 3.316 1.167 2 3
tpca 0.995 0.1 1 500 3.488 1.249 2 3
tpca 0.999 0.1 1 500 3.642 1.327 2 3
mix 0.03 0.1 1 500 9.992 2.573 5.475 10
mix 0.1 0.1 1 500 10.012 2.745 5 10
mix 0.3 0.1 1 500 10.562 3.106 5 10
mix 1 0.1 1 500 11.646 3.613 5 11
max_pca 1 0.05 0.5 500 1015.43 887.139 68.425 349.05
max_pca 2 0.05 0.5 500 589.576 776.087 62.425 169
max_pca 3 0.05 0.5 500 650.012 815.297 68.95 170
max_pca 5 0.05 0.5 500 260.228 466.319 59.475 133
max_pca 10 0.05 0.5 500 141.186 208.782 56.475 113.025
max_pca 20 0.05 0.5 500 97.622 34.99 44 92
min_pca 1 0.05 0.5 500 90.492 400.576 2 2
min_pca 2 0.05 0.5 500 5.328 11.639 2 3
min_pca 3 0.05 0.5 500 5.672 8.144 2 3
min_pca 5 0.05 0.5 500 6.52 5.462 3 5
min_pca 10 0.05 0.5 500 10.364 6.509 4 8
min_pca 20 0.05 0.5 500 18.344 8.681 8 16
tpca 0.8 0.05 0.5 500 7.242 5.661 3 5
tpca 0.9 0.05 0.5 500 8.108 6.002 3 6
tpca 0.95 0.05 0.5 500 9.01 6.441 3.475 7
tpca 0.99 0.05 0.5 500 10.364 6.509 4 8
tpca 0.995 0.05 0.5 500 11.218 6.807 4.475 9
tpca 0.999 0.05 0.5 500 12.07 7.208 5 10
mix 0.03 0.05 0.5 500 69.896 29.932 22.475 64
mix 0.1 0.05 0.5 500 79.662 38.867 19 73
mix 0.3 0.05 0.5 500 105.554 112.322 16.425 85
mix 1 0.05 0.5 500 151.216 211.808 14.475 98
max_pca 1 0.05 0.7 500 1002.872 892.79 72.425 327.05
max_pca 2 0.05 0.7 500 515.77 729.05 61 162
max_pca 3 0.05 0.7 500 562.876 760.671 70 166
max_pca 5 0.05 0.7 500 202.256 360.653 57 127
max_pca 10 0.05 0.7 500 133.77 212.68 52.95 103
max_pca 20 0.05 0.7 500 87.594 29.961 39.475 83
min_pca 1 0.05 0.7 500 66.038 340.747 2 2
min_pca 2 0.05 0.7 500 7.706 89.501 2 2
min_pca 3 0.05 0.7 500 3.822 3.813 2 3
min_pca 5 0.05 0.7 500 4.71 3.764 2 3
min_pca 10 0.05 0.7 500 6.902 4.178 3 5.025
min_pca 20 0.05 0.7 500 11.962 5.852 5 10
tpca 0.8 0.05 0.7 500 5.098 4.123 2 4
tpca 0.9 0.05 0.7 500 5.584 4.081 3 4
tpca 0.95 0.05 0.7 500 6.08 4.31 3 5
tpca 0.99 0.05 0.7 500 6.902 4.178 3 5.025
tpca 0.995 0.05 0.7 500 7.404 4.302 3 6
tpca 0.999 0.05 0.7 500 7.906 4.476 3 6
mix 0.03 0.05 0.7 500 31.688 10.028 13.475 30
mix 0.1 0.05 0.7 500 34.488 11.741 13.475 33
mix 0.3 0.05 0.7 500 39.396 15.46 12 38
mix 1 0.05 0.7 500 47.254 21.35 12.475 43.025
max_pca 1 0.05 1 500 951.474 884.593 64.475 271.05
max_pca 2 0.05 1 500 514.922 732.991 58.475 160.025
max_pca 3 0.05 1 500 506.316 729.05 57.475 154.025
max_pca 5 0.05 1 500 173.204 302.685 54.475 117
max_pca 10 0.05 1 500 101.86 92.453 44 92.025
max_pca 20 0.05 1 500 70.868 24.938 30.95 66
min_pca 1 0.05 1 500 56.878 318.1 2 2
min_pca 2 0.05 1 500 7.5 89.707 2 2
min_pca 3 0.05 1 500 3.258 5.125 2 2
min_pca 5 0.05 1 500 3.512 3.336 2 3
min_pca 10 0.05 1 500 4.81 3.027 3 4
min_pca 20 0.05 1 500 7.688 3.884 4 7
tpca 0.8 0.05 1 500 3.722 3.03 2 3
tpca 0.9 0.05 1 500 4.022 2.931 2 3
tpca 0.95 0.05 1 500 4.332 3.078 2 3
tpca 0.99 0.05 1 500 4.81 3.027 3 4
tpca 0.995 0.05 1 500 5.07 3.122 3 4
tpca 0.999 0.05 1 500 5.328 3.08 3 4
mix 0.03 0.05 1 500 15.472 4.183 8 15
mix 0.1 0.05 1 500 16.906 4.809 9 16
mix 0.3 0.05 1 500 19.106 6.305 8 18
mix 1 0.05 1 500 22.808 8.238 9 22
max_pca 1 0.02 0.5 500 1023.11 899.343 72.475 308.175
max_pca 2 0.02 0.5 500 662.688 820.683 66.475 175
max_pca 3 0.02 0.5 500 771.51 870.233 66 179
max_pca 5 0.02 0.5 500 286.14 514.447 63.95 134
max_pca 10 0.02 0.5 500 143.698 224.748 53.475 110.025
max_pca 20 0.02 0.5 500 105.554 90.737 47 96
min_pca 1 0.02 0.5 500 137.632 487.881 2 3
min_pca 2 0.02 0.5 500 16.702 126.661 2 4
min_pca 3 0.02 0.5 500 13.46 89.737 3 5
min_pca 5 0.02 0.5 500 16.38 89.656 4 8
min_pca 10 0.02 0.5 500 19.63 13.782 7 14
min_pca 20 0.02 0.5 500 32.362 15.779 14 27
tpca 0.8 0.02 0.5 500 14.362 14.583 4 9
tpca 0.9 0.02 0.5 500 15.89 15.01 5 10
tpca 0.95 0.02 0.5 500 17.428 15.053 5 12
tpca 0.99 0.02 0.5 500 19.63 13.782 7 14
tpca 0.995 0.02 0.5 500 21.058 13.953 7.475 16
tpca 0.999 0.02 0.5 500 22.432 14.06 8 17
mix 0.03 0.02 0.5 500 479.436 631.892 38.475 162.025
mix 0.1 0.02 0.5 500 531.752 594.837 33.475 216.075
mix 0.3 0.02 0.5 500 506.558 530.229 25.475 270.05
mix 1 0.02 0.5 500 462.286 467.071 22 265.075
max_pca 1 0.02 0.7 500 983.756 893.075 48.425 318.05
max_pca 2 0.02 0.7 500 618.046 798.533 55.8 161
max_pca 3 0.02 0.7 500 661.896 821.459 71 168.05
max_pca 5 0.02 0.7 500 291.31 520.383 62.475 128.025
max_pca 10 0.02 0.7 500 141.57 211.325 53.475 108
max_pca 20 0.02 0.7 500 114.356 173.561 43 93
min_pca 1 0.02 0.7 500 121.804 466.701 2 3
min_pca 2 0.02 0.7 500 9.658 89.849 2 3
min_pca 3 0.02 0.7 500 6.304 9.271 2 4
min_pca 5 0.02 0.7 500 7.838 9.435 3 5
min_pca 10 0.02 0.7 500 11.996 8.752 4 9
min_pca 20 0.02 0.7 500 20.854 10.678 9 17
tpca 0.8 0.02 0.7 500 8.622 9.45 3 6
tpca 0.9 0.02 0.7 500 9.556 9.355 3 7
tpca 0.95 0.02 0.7 500 10.482 9.347 4 8
tpca 0.99 0.02 0.7 500 11.996 8.752 4 9
tpca 0.995 0.02 0.7 500 12.978 9.045 5 10
tpca 0.999 0.02 0.7 500 13.918 9.417 5 11
mix 0.03 0.02 0.7 500 74.176 76.353 24 65
mix 0.1 0.02 0.7 500 113.974 179.83 24 84.025
mix 0.3 0.02 0.7 500 217.432 331.87 21.475 108
mix 1 0.02 0.7 500 277.984 354.634 20 143
max_pca 1 0.02 1 500 943.372 890.421 55.9 258
max_pca 2 0.02 1 500 583.046 777.378 58.425 163
max_pca 3 0.02 1 500 600.754 792.063 60 163
max_pca 5 0.02 1 500 223.518 404.079 56.475 124.025
max_pca 10 0.02 1 500 127.328 173.992 55 103
max_pca 20 0.02 1 500 92.39 32.771 38.475 87.025
min_pca 1 0.02 1 500 78.278 372.111 2 2
min_pca 2 0.02 1 500 12.226 126.463 2 2
min_pca 3 0.02 1 500 4.376 7.016 2 3
min_pca 5 0.02 1 500 5.066 4.253 2 4
min_pca 10 0.02 1 500 7.65 4.962 3 6
min_pca 20 0.02 1 500 13.32 6.635 6 12
tpca 0.8 0.02 1 500 5.55 4.332 2 4
tpca 0.9 0.02 1 500 6.082 4.479 3 5
tpca 0.95 0.02 1 500 6.672 4.722 3 5
tpca 0.99 0.02 1 500 7.65 4.962 3 6
tpca 0.995 0.02 1 500 8.266 5.32 3 7
tpca 0.999 0.02 1 500 8.848 5.579 4 7
mix 0.03 0.02 1 500 31.148 10.669 13 30
mix 0.1 0.02 1 500 38.934 15.018 13 37
mix 0.3 0.02 1 500 49.786 22.339 13 46.025
mix 1 0.02 1 500 66.97 37.263 13 58
