method method_param p change_param n_sim edd sd_edd edd_lower edd_upper
max_pca 1 0.98 0.5 500 87.28 37.926 29 81
max_pca 2 0.98 0.5 500 101.854 95.147 37 90
max_pca 3 0.98 0.5 500 90.252 35.412 38.475 83
max_pca 5 0.98 0.5 500 69.206 23.33 32 64
max_pca 10 0.98 0.5 500 51.856 15.474 25.475 49
max_pca 20 0.98 0.5 500 24.232 6.769 12 23
min_pca 1 0.98 0.5 500 2 0 2 2
min_pca 2 0.98 0.5 500 2 0 2 2
min_pca 3 0.98 0.5 500 2 0 2 2
min_pca 5 0.98 0.5 500 2 0 2 2
min_pca 10 0.98 0.5 500 2.264 0.441 2 2
min_pca 20 0.98 0.5 500 3.202 0.402 3 3
tpca 0.8 0.98 0.5 500 2 0 2 2
tpca 0.9 0.98 0.5 500 2.002 0.045 2 2
tpca 0.95 0.98 0.5 500 2.004 0.063 2 2
tpca 0.99 0.98 0.5 500 2.652 0.477 2 3
tpca 0.995 0.98 0.5 500 2.652 0.477 2 3
tpca 0.999 0.98 0.5 500 2.994 0.077 3 3
mix 0.03 0.98 0.5 500 7.436 1.838 4 7
mix 0.1 0.98 0.5 500 6.318 1.518 4 6
mix 0.3 0.98 0.5 500 5.708 1.372 3 6
mix 1 0.98 0.5 500 5.424 1.298 3 5
max_pca 1 0.98 0.7 500 52.804 21.742 20 48.025
max_pca 2 0.98 0.7 500 61.028 23.612 25.475 56
max_pca 3 0.98 0.7 500 60.212 21.634 27.475 55
max_pca 5 0.98 0.7 500 48.002 15.893 23 44
max_pca 10 0.98 0.7 500 33.458 9.534 17 32
max_pca 20 0.98 0.7 500 14.304 3.632 8 14
min_pca 1 0.98 0.7 500 2 0 2 2
min_pca 2 0.98 0.7 500 2 0 2 2
min_pca 3 0.98 0.7 500 2 0 2 2
min_pca 5 0.98 0.7 500 2 0 2 2
min_pca 10 0.98 0.7 500 2 0 2 2
min_pca 20 0.98 0.7 500 2.994 0.077 3 3
tpca 0.8 0.98 0.7 500 2 0 2 2
tpca 0.9 0.98 0.7 500 2 0 2 2
tpca 0.95 0.98 0.7 500 2 0 2 2
tpca 0.99 0.98 0.7 500 2 0 2 2
tpca 0.995 0.98 0.7 500 2 0 2 2
tpca 0.999 0.98 0.7 500 2.026 0.159 2 2
mix 0.03 0.98 0.7 500 4.736 0.932 3 5
mix 0.1 0.98 0.7 500 4.066 0.814 3 4
mix 0.3 0.98 0.7 500 3.748 0.744 3 4
mix 1 0.98 0.7 500 3.53 0.691 2 3
max_pca 1 0.98 1 500 30.628 10.428 14.475 29
max_pca 2 0.98 1 500 36.614 12.252 15 35
max_pca 3 0.98 1 500 39.536 12.255 17.475 38
max_pca 5 0.98 1 500 30.918 8.726 16 30
max_pca 10 0.98 1 500 20.896 5.41 11.475 20
max_pca 20 0.98 1 500 8.172 1.782 5 8
min_pca 1 0.98 1 500 2 0 2 2
min_pca 2 0.98 1 500 2 0 2 2
min_pca 3 0.98 1 500 2 0 2 2
min_pca 5 0.98 1 500 2 0 2 2
min_pca 10 0.98 1 500 2 0 2 2
min_pca 20 0.98 1 500 2 0 2 2
tpca 0.8 0.98 1 500 2 0 2 2
tpca 0.9 0.98 1 500 2 0 2 2
tpca 0.95 0.98 1 500 2 0 2 2
tpca 0.99 0.98 1 500 2 0 2 2
tpca 0.995 0.98 1 500 2 0 2 2
tpca 0.999 0.98 1 500 2 0 2 2
mix 0.03 0.98 1 500 3.19 0.467 2 3
mix 0.1 0.98 1 500 2.878 0.414 2 3
mix 0.3 0.98 1 500 2.67 0.479 2 3
mix 1 0.98 1 500 2.462 0.499 2 2
max_pca 1 0.95 0.5 500 102.384 154.901 31 81
max_pca 2 0.95 0.5 500 113.636 154.191 37.475 93
max_pca 3 0.95 0.5 500 98.84 95.534 36.475 87
max_pca 5 0.95 0.5 500 71.506 25.782 30.95 66
max_pca 10 0.95 0.5 500 53.108 16.523 25.95 50
max_pca 20 0.95 0.5 500 25.438 7.212 13 25
min_pca 1 0.95 0.5 500 2 0 2 2
min_pca 2 0.95 0.5 500 2 0 2 2
min_pca 3 0.95 0.5 500 2 0 2 2
min_pca 5 0.95 0.5 500 2 0 2 2
min_pca 10 0.95 0.5 500 2.434 0.496 2 2
min_pca 20 0.95 0.5 500 3.388 0.492 3 3
tpca 0.8 0.95 0.5 500 2 0 2 2
tpca 0.9 0.95 0.5 500 2.022 0.147 2 2
tpca 0.95 0.95 0.5 500 2.044 0.205 2 2
tpca 0.99 0.95 0.5 500 2.678 0.468 2 3
tpca 0.995 0.95 0.5 500 2.678 0.468 2 3
tpca 0.999 0.95 0.5 500 2.97 0.193 2 3
mix 0.03 0.95 0.5 500 7.66 1.813 5 7
mix 0.1 0.95 0.5 500 6.608 1.551 4 6
mix 0.3 0.95 0.5 500 5.956 1.395 4 6
mix 1 0.95 0.5 500 5.624 1.344 3 5
max_pca 1 0.95 0.7 500 56.352 25.146 19.475 50
max_pca 2 0.95 0.7 500 64.862 25.679 26 60.025
max_pca 3 0.95 0.7 500 64.286 23.247 25.475 61
max_pca 5 0.95 0.7 500 49.97 16.89 23 47.025
max_pca 10 0.95 0.7 500 34.734 10.537 17 33
max_pca 20 0.95 0.7 500 14.946 3.852 8 14
min_pca 1 0.95 0.7 500 2 0 2 2
min_pca 2 0.95 0.7 500 2 0 2 2
min_pca 3 0.95 0.7 500 2 0 2 2
min_pca 5 0.95 0.7 500 2 0 2 2
min_pca 10 0.95 0.7 500 2 0 2 2
min_pca 20 0.95 0.7 500 2.98 0.14 3 3
tpca 0.8 0.95 0.7 500 2 0 2 2
tpca 0.9 0.95 0.7 500 2 0 2 2
tpca 0.95 0.95 0.7 500 2 0 2 2
tpca 0.99 0.95 0.7 500 2.004 0.063 2 2
tpca 0.995 0.95 0.7 500 2.004 0.063 2 2
tpca 0.999 0.95 0.7 500 2.086 0.281 2 2
mix 0.03 0.95 0.7 500 4.7 0.878 3 5
mix 0.1 0.95 0.7 500 4.094 0.755 3 4
mix 0.3 0.95 0.7 500 3.724 0.699 3 4
mix 1 0.95 0.7 500 3.524 0.637 3 3
max_pca 1 0.95 1 500 32.126 12.291 14.475 29
max_pca 2 0.95 1 500 38.244 14.217 17 35
max_pca 3 0.95 1 500 40.35 13.631 19 37
max_pca 5 0.95 1 500 32.04 10.064 15 31
max_pca 10 0.95 1 500 21.518 6.079 12 20
max_pca 20 0.95 1 500 8.608 1.864 5 8
min_pca 1 0.95 1 500 2 0 2 2
min_pca 2 0.95 1 500 2 0 2 2
min_pca 3 0.95 1 500 2 0 2 2
min_pca 5 0.95 1 500 2 0 2 2
min_pca 10 0.95 1 500 2 0 2 2
min_pca 20 0.95 1 500 2.016 0.126 2 2
tpca 0.8 0.95 1 500 2 0 2 2
tpca 0.9 0.95 1 500 2 0 2 2
tpca 0.95 0.95 1 500 2 0 2 2
tpca 0.99 0.95 1 500 2 0 2 2
tpca 0.995 0.95 1 500 2 0 2 2
tpca 0.999 0.95 1 500 2 0 2 2
mix 0.03 0.95 1 500 3.204 0.476 2 3
mix 0.1 0.95 1 500 2.898 0.41 2 3
mix 0.3 0.95 1 500 2.672 0.478 2 3
mix 1 0.95 1 500 2.484 0.504 2 2
max_pca 1 0.9 0.5 500 109.458 156.358 32 83
max_pca 2 0.9 0.5 500 128.202 212.056 38 92
max_pca 3 0.9 0.5 500 108.37 153.231 40 88
max_pca 5 0.9 0.5 500 77.458 90.716 33 68
max_pca 10 0.9 0.5 500 54.278 17.997 26.475 52
max_pca 20 0.9 0.5 500 26.41 8.032 13 25
min_pca 1 0.9 0.5 500 2 0 2 2
min_pca 2 0.9 0.5 500 2 0 2 2
min_pca 3 0.9 0.5 500 2 0 2 2
min_pca 5 0.9 0.5 500 2 0 2 2
min_pca 10 0.9 0.5 500 2.522 0.5 2 2
min_pca 20 0.9 0.5 500 3.478 0.55 3 3
tpca 0.8 0.9 0.5 500 2.028 0.165 2 2
tpca 0.9 0.9 0.5 500 2.082 0.275 2 2
tpca 0.95 0.9 0.5 500 2.112 0.316 2 2
tpca 0.99 0.9 0.5 500 2.696 0.465 2 3
tpca 0.995 0.9 0.5 500 2.696 0.465 2 3
tpca 0.999 0.9 0.5 500 2.988 0.237 2 3
mix 0.03 0.9 0.5 500 7.87 1.867 4 8
mix 0.1 0.9 0.5 500 6.764 1.614 4 7
mix 0.3 0.9 0.5 500 6.158 1.477 4 6
mix 1 0.9 0.5 500 5.822 1.428 3 6
max_pca 1 0.9 0.7 500 69.104 92.729 22.475 56
max_pca 2 0.9 0.7 500 75.604 92.494 26 63
max_pca 3 0.9 0.7 500 72.298 91.205 27 62
max_pca 5 0.9 0.7 500 52.014 18.483 24 48
max_pca 10 0.9 0.7 500 35.53 10.727 18 34
max_pca 20 0.9 0.7 500 15.674 4.252 8 15
min_pca 1 0.9 0.7 500 2 0 2 2
min_pca 2 0.9 0.7 500 2 0 2 2
min_pca 3 0.9 0.7 500 2 0 2 2
min_pca 5 0.9 0.7 500 2 0 2 2
min_pca 10 0.9 0.7 500 2.022 0.147 2 2
min_pca 20 0.9 0.7 500 2.968 0.208 2 3
tpca 0.8 0.9 0.7 500 2 0 2 2
tpca 0.9 0.9 0.7 500 2.002 0.045 2 2
tpca 0.95 0.9 0.7 500 2 0 2 2
tpca 0.99 0.9 0.7 500 2.06 0.238 2 2
tpca 0.995 0.9 0.7 500 2.06 0.238 2 2
tpca 0.999 0.9 0.7 500 2.238 0.426 2 2
mix 0.03 0.9 0.7 500 4.948 0.898 3 5
mix 0.1 0.9 0.7 500 4.322 0.792 3 4
mix 0.3 0.9 0.7 500 3.938 0.723 3 4
mix 1 0.9 0.7 500 3.692 0.694 3 4
max_pca 1 0.9 1 500 36.574 18.334 13 31
max_pca 2 0.9 1 500 42.268 18.744 19.475 37
max_pca 3 0.9 1 500 43.358 17.217 18.475 39
max_pca 5 0.9 1 500 33.236 12.084 16 31
max_pca 10 0.9 1 500 22.076 6.912 11.475 21
max_pca 20 0.9 1 500 8.992 2.122 5 9
min_pca 1 0.9 1 500 2 0 2 2
min_pca 2 0.9 1 500 2 0 2 2
min_pca 3 0.9 1 500 2 0 2 2
min_pca 5 0.9 1 500 2 0 2 2
min_pca 10 0.9 1 500 2 0 2 2
min_pca 20 0.9 1 500 2.134 0.341 2 2
tpca 0.8 0.9 1 500 2 0 2 2
tpca 0.9 0.9 1 500 2 0 2 2
tpca 0.95 0.9 1 500 2 0 2 2
tpca 0.99 0.9 1 500 2 0 2 2
tpca 0.995 0.9 1 500 2 0 2 2
tpca 0.999 0.9 1 500 2 0 2 2
mix 0.03 0.9 1 500 3.252 0.495 2 3
mix 0.1 0.9 1 500 2.942 0.413 2 3
mix 0.3 0.9 1 500 2.744 0.446 2 3
mix 1 0.9 1 500 2.576 0.495 2 3
max_pca 1 0.7 0.5 500 365.164 613.303 43.475 121
max_pca 2 0.7 0.5 500 336.322 588.074 45.475 117
max_pca 3 0.7 0.5 500 202.53 408.557 43.475 103
max_pca 5 0.7 0.5 500 90.72 125.67 35.475 76
max_pca 10 0.7 0.5 500 60.776 20.348 28.475 58
max_pca 20 0.7 0.5 500 32.242 10.157 16 31
min_pca 1 0.7 0.5 500 2.026 0.231 2 2
min_pca 2 0.7 0.5 500 2.028 0.282 2 2
min_pca 3 0.7 0.5 500 2.052 0.504 2 2
min_pca 5 0.7 0.5 500 2.12 0.412 2 2
min_pca 10 0.7 0.5 500 2.854 0.624 2 3
min_pca 20 0.7 0.5 500 4.07 0.909 3 4
tpca 0.8 0.7 0.5 500 2.254 0.496 2 2
tpca 0.9 0.7 0.5 500 2.398 0.587 2 2
tpca 0.95 0.7 0.5 500 2.492 0.606 2 2
tpca 0.99 0.7 0.5 500 2.986 0.557 2 3
tpca 0.995 0.7 0.5 500 2.986 0.557 2 3
tpca 0.999 0.7 0.5 500 3.244 0.624 3 3
mix 0.03 0.7 0.5 500 9.23 2.247 5.475 9
mix 0.1 0.7 0.5 500 7.934 2.012 5 8
mix 0.3 0.7 0.5 500 7.286 1.852 4 7
mix 1 0.7 0.5 500 6.912 1.767 4 7
max_pca 1 0.7 0.7 500 164.056 373.717 24.475 75
max_pca 2 0.7 0.7 500 169.686 388.391 31 78.025
max_pca 3 0.7 0.7 500 106.938 217.919 29.95 71.025
max_pca 5 0.7 0.7 500 61.18 27.213 25 54
max_pca 10 0.7 0.7 500 43.372 16.238 19 41
max_pca 20 0.7 0.7 500 20.338 6.134 10 19
min_pca 1 0.7 0.7 500 2.004 0.063 2 2
min_pca 2 0.7 0.7 500 2.004 0.063 2 2
min_pca 3 0.7 0.7 500 2.004 0.063 2 2
min_pca 5 0.7 0.7 500 2.018 0.133 2 2
min_pca 10 0.7 0.7 500 2.208 0.411 2 2
min_pca 20 0.7 0.7 500 3.118 0.347 3 3
tpca 0.8 0.7 0.7 500 2.044 0.215 2 2
tpca 0.9 0.7 0.7 500 2.066 0.256 2 2
tpca 0.95 0.7 0.7 500 2.07 0.263 2 2
tpca 0.99 0.7 0.7 500 2.276 0.452 2 2
tpca 0.995 0.7 0.7 500 2.276 0.452 2 2
tpca 0.999 0.7 0.7 500 2.532 0.523 2 2
mix 0.03 0.7 0.7 500 5.654 1.173 4 6
mix 0.1 0.7 0.7 500 4.956 0.994 3 5
mix 0.3 0.7 0.7 500 4.54 0.926 3 4
mix 1 0.7 0.7 500 4.336 0.926 3 4
max_pca 1 0.7 1 500 91.386 248.024 15 46
max_pca 2 0.7 1 500 73.762 155.02 18 51
max_pca 3 0.7 1 500 61.074 92.064 19 49
max_pca 5 0.7 1 500 42.672 19.849 17 38
max_pca 10 0.7 1 500 27.578 10.581 13.475 25
max_pca 20 0.7 1 500 11.826 3.389 6.475 11
min_pca 1 0.7 1 500 6.056 89.355 2 2
min_pca 2 0.7 1 500 2.002 0.045 2 2
min_pca 3 0.7 1 500 2.004 0.063 2 2
min_pca 5 0.7 1 500 2.006 0.077 2 2
min_pca 10 0.7 1 500 2.016 0.126 2 2
min_pca 20 0.7 1 500 2.45 0.506 2 2
tpca 0.8 0.7 1 500 2.008 0.109 2 2
tpca 0.9 0.7 1 500 2.008 0.089 2 2
tpca 0.95 0.7 1 500 2.008 0.089 2 2
tpca 0.99 0.7 1 500 2.022 0.147 2 2
tpca 0.995 0.7 1 500 2.022 0.147 2 2
tpca 0.999 0.7 1 500 2.068 0.252 2 2
mix 0.03 0.7 1 500 3.64 0.593 3 4
mix 0.1 0.7 1 500 3.268 0.514 2 3
mix 0.3 0.7 1 500 3.044 0.463 2 3
mix 1 0.7 1 500 2.922 0.465 2 3
max_pca 1 0.5 0.5 500 633.454 807.239 40.425 163.025
max_pca 2 0.5 0.5 500 611.084 805.513 49.425 154.025
max_pca 3 0.5 0.5 500 329.96 590.041 47.475 117.025
max_pca 5 0.5 0.5 500 136.346 269.779 36.475 91
max_pca 10 0.5 0.5 500 74.376 28.646 31.475 68.025
max_pca 20 0.5 0.5 500 43.242 15.708 20 40
min_pca 1 0.5 0.5 500 2.464 2.979 2 2
min_pca 2 0.5 0.5 500 2.15 0.818 2 2
min_pca 3 0.5 0.5 500 2.21 0.885 2 2
min_pca 5 0.5 0.5 500 2.414 0.807 2 2
min_pca 10 0.5 0.5 500 3.246 0.829 2 3
min_pca 20 0.5 0.5 500 4.808 1.277 3 5
tpca 0.8 0.5 0.5 500 2.624 0.86 2 2
tpca 0.9 0.5 0.5 500 2.772 0.861 2 3
tpca 0.95 0.5 0.5 500 2.886 0.845 2 3
tpca 0.99 0.5 0.5 500 3.376 0.86 2 3
tpca 0.995 0.5 0.5 500 3.376 0.86 2 3
tpca 0.999 0.5 0.5 500 3.746 1.043 3 3
mix 0.03 0.5 0.5 500 11.516 3.117 6 11
mix 0.1 0.5 0.5 500 10.154 2.861 5 10
mix 0.3 0.5 0.5 500 9.452 2.768 4 9
mix 1 0.5 0.5 500 9.15 2.774 4 9
max_pca 1 0.5 0.7 500 388.646 660.7 32 108.025
max_pca 2 0.5 0.7 500 330.28 600.47 37 108.05
max_pca 3 0.5 0.7 500 166.188 349.046 34 88
max_pca 5 0.5 0.7 500 83.484 126.11 30.95 67
max_pca 10 0.5 0.7 500 53.4 20.067 24.475 49
max_pca 20 0.5 0.7 500 27.236 9.629 12 25.025
min_pca 1 0.5 0.7 500 14.352 154.474 2 2
min_pca 2 0.5 0.7 500 2.108 0.801 2 2
min_pca 3 0.5 0.7 500 2.104 0.791 2 2
min_pca 5 0.5 0.7 500 2.132 0.554 2 2
min_pca 10 0.5 0.7 500 2.566 0.638 2 2
min_pca 20 0.5 0.7 500 3.52 0.766 3 3
tpca 0.8 0.5 0.7 500 2.188 0.604 2 2
tpca 0.9 0.5 0.7 500 2.242 0.6 2 2
tpca 0.95 0.5 0.7 500 2.306 0.587 2 2
tpca 0.99 0.5 0.7 500 2.692 0.659 2 3
tpca 0.995 0.5 0.7 500 2.692 0.659 2 3
tpca 0.999 0.5 0.7 500 2.934 0.615 2 3
mix 0.03 0.5 0.7 500 6.838 1.475 4 7
mix 0.1 0.5 0.7 500 6.078 1.424 3 6
mix 0.3 0.5 0.7 500 5.688 1.356 3 6
mix 1 0.5 0.7 500 5.492 1.3 3 5
max_pca 1 0.5 1 500 295.532 594.901 22.475 69.025
max_pca 2 0.5 1 500 224.6 494.581 25.475 72
max_pca 3 0.5 1 500 117.68 286.019 25.475 61
max_pca 5 0.5 1 500 54.928 27.538 21.475 46
max_pca 10 0.5 1 500 35.01 14.425 15.475 31
max_pca 20 0.5 1 500 16.218 5.407 8 15
min_pca 1 0.5 1 500 2.2 2.32 2 2
min_pca 2 0.5 1 500 2.07 0.578 2 2
min_pca 3 0.5 1 500 2.038 0.254 2 2
min_pca 5 0.5 1 500 2.046 0.253 2 2
min_pca 10 0.5 1 500 2.12 0.355 2 2
min_pca 20 0.5 1 500 2.776 0.539 2 3
tpca 0.8 0.5 1 500 2.048 0.249 2 2
tpca 0.9 0.5 1 500 2.064 0.283 2 2
tpca 0.95 0.5 1 500 2.06 0.269 2 2
tpca 0.99 0.5 1 500 2.142 0.377 2 2
tpca 0.995 0.5 1 500 2.142 0.377 2 2
tpca 0.999 0.5 1 500 2.244 0.47 2 2
mix 0.03 0.5 1 500 4.134 0.711 3 4
mix 0.1 0.5 1 500 3.77 0.628 3 4
mix 0.3 0.5 1 500 3.55 0.62 3 3
mix 1 0.5 1 500 3.44 0.619 2 3
max_pca 1 0.3 0.5 500 968.122 901.678 55 264.25
max_pca 2 0.3 0.5 500 892.372 902.273 53.475 199
max_pca 3 0.3 0.5 500 491.558 730.291 50.95 139.025
max_pca 5 0.3 0.5 500 155.868 281.867 42 105
max_pca 10 0.3 0.5 500 86.766 33.642 35 80
max_pca 20 0.3 0.5 500 60.886 23.315 25 57
min_pca 1 0.3 0.5 500 28.286 217.87 2 2
min_pca 2 0.3 0.5 500 3.036 4.189 2 2
min_pca 3 0.3 0.5 500 2.968 3.273 2 2
min_pca 5 0.3 0.5 500 3.178 2.184 2 3
min_pca 10 0.3 0.5 500 4.286 1.968 3 4
min_pca 20 0.3 0.5 500 6.62 2.485 4 6
tpca 0.8 0.3 0.5 500 3.444 1.944 2 3
tpca 0.9 0.3 0.5 500 3.642 1.935 2 3
tpca 0.95 0.3 0.5 500 3.814 1.974 2 3
tpca 0.99 0.3 0.5 500 4.454 1.924 3 4
tpca 0.995 0.3 0.5 500 4.454 1.924 3 4
tpca 0.999 0.3 0.5 500 5.018 2.14 3 4
mix 0.03 0.3 0.5 500 16.626 5.195 8 16
mix 0.1 0.3 0.5 500 15.15 4.877 7 14
mix 0.3 0.3 0.5 500 14.686 4.98 6 14
mix 1 0.3 0.5 500 14.664 5.124 5.475 14
max_pca 1 0.3 0.7 500 786.95 871.891 48.475 180.025
max_pca 2 0.3 0.7 500 675.26 839.316 46.95 161
max_pca 3 0.3 0.7 500 321.098 576.16 39.475 119
max_pca 5 0.3 0.7 500 120.836 212.78 36 88
max_pca 10 0.3 0.7 500 69.398 28.478 29 63
max_pca 20 0.3 0.7 500 39.84 14.914 18 36
min_pca 1 0.3 0.7 500 19.056 178.198 2 2
min_pca 2 0.3 0.7 500 6.634 89.411 2 2
min_pca 3 0.3 0.7 500 2.416 1.641 2 2
min_pca 5 0.3 0.7 500 2.526 1.131 2 2
min_pca 10 0.3 0.7 500 3.25 1.109 2 3
min_pca 20 0.3 0.7 500 4.546 1.383 3 4
tpca 0.8 0.3 0.7 500 2.682 1.171 2 2
tpca 0.9 0.3 0.7 500 2.766 1.137 2 2
tpca 0.95 0.3 0.7 500 2.884 1.18 2 3
tpca 0.99 0.3 0.7 500 3.352 1.08 2 3
tpca 0.995 0.3 0.7 500 3.352 1.08 2 3
tpca 0.999 0.3 0.7 500 3.642 1.178 3 3
mix 0.03 0.3 0.7 500 9.064 2.214 5 9
mix 0.1 0.3 0.7 500 8.42 2.126 5 8
mix 0.3 0.3 0.7 500 8.124 2.125 4 8
mix 1 0.3 0.7 500 8.132 2.262 4 8
max_pca 1 0.3 1 500 598.342 804.148 27 137
max_pca 2 0.3 1 500 472.878 739.972 31 112.025
max_pca 3 0.3 1 500 220.656 466.322 29.95 84
max_pca 5 0.3 1 500 85.65 154.224 26 62.025
max_pca 10 0.3 1 500 49.42 20.885 21 43
max_pca 20 0.3 1 500 25.534 9.655 12 23
min_pca 1 0.3 1 500 2.834 6.556 2 2
min_pca 2 0.3 1 500 2.176 0.88 2 2
min_pca 3 0.3 1 500 2.116 0.513 2 2
min_pca 5 0.3 1 500 2.168 0.533 2 2
min_pca 10 0.3 1 500 2.426 0.634 2 2
min_pca 20 0.3 1 500 3.294 0.682 2 3
tpca 0.8 0.3 1 500 2.198 0.532 2 2
tpca 0.9 0.3 1 500 2.226 0.547 2 2
tpca 0.95 0.3 1 500 2.242 0.522 2 2
tpca 0.99 0.3 1 500 2.488 0.641 2 2
tpca 0.995 0.3 1 500 2.488 0.641 2 2
tpca 0.999 0.3 1 500 2.746 0.697 2 3
mix 0.03 0.3 1 500 5.33 1 3 5
mix 0.1 0.3 1 500 4.932 0.976 3 5
mix 0.3 0.3 1 500 4.758 0.964 3 5
mix 1 0.3 1 500 4.726 1.038 3 5
max_pca 1 0.1 0.5 500 1385.766 834.783 78.425 2000
max_pca 2 0.1 0.5 500 1320.076 873.281 92.475 2000
max_pca 3 0.1 0.5 500 767.972 855.722 63.95 189
max_pca 5 0.1 0.5 500 332.892 571.069 56 138
max_pca 10 0.1 0.5 500 151.83 267.133 49 109.025
max_pca 20 0.1 0.5 500 109 152.801 38.95 89
min_pca 1 0.1 0.5 500 65.154 329.778 2 2
min_pca 2 0.1 0.5 500 13.172 126.374 2 3
min_pca 3 0.1 0.5 500 5.656 7.898 2 3
min_pca 5 0.1 0.5 500 6.526 7.733 3 4
min_pca 10 0.1 0.5 500 8.692 4.832 4 7
min_pca 20 0.1 0.5 500 13.73 5.691 6.475 12
tpca 0.8 0.1 0.5 500 6.84 5.704 3 5
tpca 0.9 0.1 0.5 500 7.08 4.904 3 5
tpca 0.95 0.1 0.5 500 7.566 4.829 3 6
tpca 0.99 0.1 0.5 500 9.104 4.791 4 7
tpca 0.995 0.1 0.5 500 9.104 4.791 4 7
tpca 0.999 0.1 0.5 500 10.31 5.12 4.475 9
mix 0.03 0.1 0.5 500 37.088 13.296 12.475 35
mix 0.1 0.1 0.5 500 37.138 14.623 11.475 35
mix 0.3 0.1 0.5 500 39.402 16.913 11 37
mix 1 0.1 0.5 500 44.338 21.223 11.475 40
max_pca 1 0.1 0.7 500 1271.972 881.98 65.425 2000
max_pca 2 0.1 0.7 500 1118.608 911.647 67.475 524.05
max_pca 3 0.1 0.7 500 676.25 840.341 54.475 161
max_pca 5 0.1 0.7 500 263.042 487.526 49.475 121
max_pca 10 0.1 0.7 500 112.942 152.369 41.475 94
max_pca 20 0.1 0.7 500 75.89 28.334 31.425 70
min_pca 1 0.1 0.7 500 52.856 293.325 2 2
min_pca 2 0.1 0.7 500 10.69 90.935 2 2
min_pca 3 0.1 0.7 500 5.232 10.886 2 3
min_pca 5 0.1 0.7 500 5.028 5.01 2 3
min_pca 10 0.1 0.7 500 6.3 3.624 3 5
min_pca 20 0.1 0.7 500 9.572 4.291 5 8
tpca 0.8 0.1 0.7 500 5.16 3.998 2 4
tpca 0.9 0.1 0.7 500 5.26 3.573 3 4
tpca 0.95 0.1 0.7 500 5.6 3.708 3 4
tpca 0.99 0.1 0.7 500 6.53 3.617 3 5
tpca 0.995 0.1 0.7 500 6.53 3.617 3 5
tpca 0.999 0.1 0.7 500 7.278 3.777 4 6
mix 0.03 0.1 0.7 500 18.504 5.336 10 18
mix 0.1 0.1 0.7 500 18.674 5.666 10 18
mix 0.3 0.1 0.7 500 19.744 6.469 9.475 19
mix 1 0.1 0.7 500 21.548 7.875 9 21
max_pca 1 0.1 1 500 1137.942 903.133 57.375 1229.7
max_pca 2 0.1 1 500 957.622 911.536 64 222.025
max_pca 3 0.1 1 500 561.886 784.877 55.475 139
max_pca 5 0.1 1 500 197.586 399.021 43 101.025
max_pca 10 0.1 1 500 81.294 30.607 34 75
max_pca 20 0.1 1 500 53.988 18.974 25 51
min_pca 1 0.1 1 500 32.62 234.922 2 2
min_pca 2 0.1 1 500 3.148 4.756 2 2
min_pca 3 0.1 1 500 3.026 4.036 2 2
min_pca 5 0.1 1 500 3.104 1.513 2 3
min_pca 10 0.1 1 500 4.006 1.455 3 3.025
min_pca 20 0.1 1 500 5.826 1.929 4 5
tpca 0.8 0.1 1 500 3.278 1.389 2 3
tpca 0.9 0.1 1 500 3.404 1.405 2 3
tpca 0.95 0.1 1 500 3.584 1.421 2 3
tpca 0.99 0.1 1 500 4.126 1.495 3 4
tpca 0.995 0.1 1 500 4.126 1.495 3 4
tpca 0.999 0.1 1 500 4.514 1.592 3 4
mix 0.03 0.1 1 500 9.742 2.452 6 10
mix 0.1 0.1 1 500 9.812 2.59 6 10
mix 0.3 0.1 1 500 10.36 2.907 6 10
mix 1 0.1 1 500 11.408 3.463 6 11
max_pca 1 0.05 0.5 500 1518.314 785.159 78 2000
max_pca 2 0.05 0.5 500 1398.296 854.381 83.95 2000
max_pca 3 0.05 0.5 500 868.26 889.646 63.85 199
max_pca 5 0.05 0.5 500 454.448 692.467 61 147
max_pca 10 0.05 0.5 500 209.43 395.822 59.475 117
max_pca 20 0.05 0.5 500 151.464 268.807 46.475 106.025
min_pca 1 0.05 0.5 500 113.776 442.767 2 3
min_pca 2 0.05 0.5 500 28.866 198.895 2 4
min_pca 3 0.05 0.5 500 13.438 90.075 2 5
min_pca 5 0.05 0.5 500 11.108 13.651 3 7
min_pca 10 0.05 0.5 500 14.872 9.68 5 11
min_pca 20 0.05 0.5 500 22.62 10.3 10 20
tpca 0.8 0.05 0.5 500 11.492 10.493 4 8
tpca 0.9 0.05 0.5 500 11.986 9.563 4 8
tpca 0.95 0.05 0.5 500 12.916 9.818 4 9
tpca 0.99 0.05 0.5 500 15.566 9.607 6 12
tpca 0.995 0.05 0.5 500 15.566 9.607 6 12
tpca 0.999 0.05 0.5 500 17.392 9.851 7 14
mix 0.03 0.05 0.5 500 73.706 71.968 19 64
mix 0.1 0.05 0.5 500 82.71 75.057 19 73
mix 0.3 0.05 0.5 500 107.566 151.205 17 81
mix 1 0.05 0.5 500 142.556 166.001 17 99
max_pca 1 0.05 0.7 500 1399.4 833.718 70 2000
max_pca 2 0.05 0.7 500 1339.092 871.987 84.9 2000
max_pca 3 0.05 0.7 500 804.592 880.045 60.475 183
max_pca 5 0.05 0.7 500 333.31 566.244 56 142.025
max_pca 10 0.05 0.7 500 149.012 254.247 49.475 110
max_pca 20 0.05 0.7 500 105.66 125.528 40 93
min_pca 1 0.05 0.7 500 74.936 361.873 2 3
min_pca 2 0.05 0.7 500 5.712 13.494 2 3
min_pca 3 0.05 0.7 500 5.684 9.513 2 3
min_pca 5 0.05 0.7 500 6.476 5.297 3 5
min_pca 10 0.05 0.7 500 9.092 5.339 4 7
min_pca 20 0.05 0.7 500 14.322 6.182 7 12.025
tpca 0.8 0.05 0.7 500 6.98 5.077 3 5
tpca 0.9 0.05 0.7 500 7.28 4.997 3 6
tpca 0.95 0.05 0.7 500 7.81 5.091 3 6
tpca 0.99 0.05 0.7 500 9.554 5.394 4 8
tpca 0.995 0.05 0.7 500 9.554 5.394 4 8
tpca 0.999 0.05 0.7 500 10.76 5.677 5 9
mix 0.03 0.05 0.7 500 31.164 10.96 14 29
mix 0.1 0.05 0.7 500 34.682 13.308 13.475 33
mix 0.3 0.05 0.7 500 39.8 17.311 13 38
mix 1 0.05 0.7 500 46.964 23.705 12 43
max_pca 1 0.05 1 500 1349.002 841.477 71.6 2000
max_pca 2 0.05 1 500 1192.386 902.285 70.475 2000
max_pca 3 0.05 1 500 704.752 847.117 56.425 169.025
max_pca 5 0.05 1 500 261.836 480.86 47.475 126
max_pca 10 0.05 1 500 111.96 151.495 38.475 98
max_pca 20 0.05 1 500 77.3 29.814 30 72
min_pca 1 0.05 1 500 26.26 199.223 2 2
min_pca 2 0.05 1 500 4.932 12.514 2 2
min_pca 3 0.05 1 500 4.332 8.479 2 3
min_pca 5 0.05 1 500 4.474 5.41 2 3
min_pca 10 0.05 1 500 5.706 2.998 3 5
min_pca 20 0.05 1 500 8.874 3.736 5 8
tpca 0.8 0.05 1 500 4.636 4.098 2 4
tpca 0.9 0.05 1 500 4.776 3.253 3 4
tpca 0.95 0.05 1 500 5.042 3.277 3 4
tpca 0.99 0.05 1 500 5.978 3.053 3 5
tpca 0.995 0.05 1 500 5.978 3.053 3 5
tpca 0.999 0.05 1 500 6.664 3.155 3 6
mix 0.03 0.05 1 500 15.518 4.334 8 15
mix 0.1 0.05 1 500 17.166 5.205 8 17
mix 0.3 0.05 1 500 19.488 6.46 8 19
mix 1 0.05 1 500 23.148 8.598 8.475 22
max_pca 1 0.02 0.5 500 1471.256 807.514 76.95 2000
max_pca 2 0.02 0.5 500 1432.004 843.335 83.475 2000
max_pca 3 0.02 0.5 500 915.33 903.994 75 200
max_pca 5 0.02 0.5 500 433.47 670.973 65.475 152.025
max_pca 10 0.02 0.5 500 197.736 361.243 53.475 124
max_pca 20 0.02 0.5 500 172.716 307.679 48.475 115
min_pca 1 0.02 0.5 500 182.412 544.889 2 6
min_pca 2 0.02 0.5 500 46.002 234.795 3 7
min_pca 3 0.02 0.5 500 38.23 198.789 3 9
min_pca 5 0.02 0.5 500 29.93 127.062 5 14
min_pca 10 0.02 0.5 500 27.988 17.025 9 22
min_pca 20 0.02 0.5 500 38.666 15.597 17.475 35
tpca 0.8 0.02 0.5 500 27.132 90.842 6 16
tpca 0.9 0.02 0.5 500 27.668 90.263 6 17
tpca 0.95 0.02 0.5 500 25.474 19.131 7 18
tpca 0.99 0.02 0.5 500 28.84 16.304 10 23.025
tpca 0.995 0.02 0.5 500 28.84 16.304 10 23.025
tpca 0.999 0.02 0.5 500 31.806 16.477 12 27
mix 0.03 0.02 0.5 500 429.932 576.37 29.85 156
mix 0.1 0.02 0.5 500 464.87 524.524 27.475 197.025
mix 0.3 0.02 0.5 500 444.492 472.39 21.475 229.05
mix 1 0.02 0.5 500 429.39 451.951 19.95 243
max_pca 1 0.02 0.7 500 1561.78 756.119 100.475 2000
max_pca 2 0.02 0.7 500 1421.236 836.188 92.325 2000
max_pca 3 0.02 0.7 500 878.424 889.415 74.425 204
max_pca 5 0.02 0.7 500 428.8 663.309 66.425 152.025
max_pca 10 0.02 0.7 500 173.134 301.615 58 121
max_pca 20 0.02 0.7 500 137.58 194.156 47 111.025
min_pca 1 0.02 0.7 500 100.606 408.836 2 4
min_pca 2 0.02 0.7 500 27.866 178.831 2 5
min_pca 3 0.02 0.7 500 19.028 126.626 3 6
min_pca 5 0.02 0.7 500 13.108 15.658 3.475 9
min_pca 10 0.02 0.7 500 17.482 10.811 6 14
min_pca 20 0.02 0.7 500 25.986 10.874 11.475 23
tpca 0.8 0.02 0.7 500 13.562 11.919 4 10
tpca 0.9 0.02 0.7 500 14.292 11.941 4 11
tpca 0.95 0.02 0.7 500 15.344 11.642 5 12
tpca 0.99 0.02 0.7 500 18.154 10.623 7 15
tpca 0.995 0.02 0.7 500 18.154 10.623 7 15
tpca 0.999 0.02 0.7 500 20.364 10.919 8 17.025
mix 0.03 0.02 0.7 500 73.5 92.613 19.475 61
mix 0.1 0.02 0.7 500 114.908 192.856 20 83
mix 0.3 0.02 0.7 500 193.256 310.017 19 107.025
mix 1 0.02 0.7 500 264.966 358.049 17.475 133.05
max_pca 1 0.02 1 500 1450.28 804.053 78 2000
max_pca 2 0.02 1 500 1416.202 843.316 79.425 2000
max_pca 3 0.02 1 500 892.308 900.596 67.475 193
max_pca 5 0.02 1 500 414.966 653.646 65.475 149
max_pca 10 0.02 1 500 150.342 240.613 52.475 111
max_pca 20 0.02 1 500 127.582 210.204 42.475 99
min_pca 1 0.02 1 500 92.452 400.312 2 3
min_pca 2 0.02 1 500 15.276 126.718 2 3
min_pca 3 0.02 1 500 11.442 89.904 2 4
min_pca 5 0.02 1 500 8.316 10.366 3 5
min_pca 10 0.02 1 500 10.87 6.88 4 9
min_pca 20 0.02 1 500 16.852 7.645 8 15
tpca 0.8 0.02 1 500 8.53 8.003 3 6
tpca 0.9 0.02 1 500 8.916 7.805 3 7
tpca 0.95 0.02 1 500 9.508 7.499 4 7
tpca 0.99 0.02 1 500 11.354 6.864 5 9
tpca 0.995 0.02 1 500 11.354 6.864 5 9
tpca 0.999 0.02 1 500 12.802 7.251 5 11
mix 0.03 0.02 1 500 31.886 12.243 12 30
mix 0.1 0.02 1 500 39.86 17.173 13 38
mix 0.3 0.02 1 500 52.234 25.751 13 50
mix 1 0.02 1 500 69.462 39.176 12.475 63
