method method_param p change_param n_sim edd sd_edd edd_lower edd_upper
max_pca 1 0.98 0.5 500 24.016 6.556 12 23
max_pca 2 0.98 0.5 500 15.95 3.783 9 16
max_pca 3 0.98 0.5 500 12.606 2.662 8 12
max_pca 5 0.98 0.5 500 10.122 1.886 7 10
max_pca 10 0.98 0.5 500 7.402 1.298 5 7
max_pca 20 0.98 0.5 500 5.218 0.903 4 5
min_pca 1 0.98 0.5 500 356.224 739.98 3 14
min_pca 2 0.98 0.5 500 72.838 339.804 3 8
min_pca 3 0.98 0.5 500 71.206 328.184 3 10
min_pca 5 0.98 0.5 500 91.744 359.115 5 17
min_pca 10 0.98 0.5 500 310.614 654.765 13 49.025
min_pca 20 0.98 0.5 500 1556.644 798.785 64.95 2000
tpca 0.8 0.98 0.5 500 72.838 339.804 3 8
tpca 0.9 0.98 0.5 500 72.838 339.804 3 8
tpca 0.95 0.98 0.5 500 72.838 339.804 3 8
tpca 0.99 0.98 0.5 500 72.838 339.804 3 8
tpca 0.995 0.98 0.5 500 72.838 339.804 3 8
tpca 0.999 0.98 0.5 500 72.838 339.804 3 8
mix 0.03 0.98 0.5 500 4.48 0.68 3 4
mix 0.1 0.98 0.5 500 3.774 0.61 3 4
mix 0.3 0.98 0.5 500 3.32 0.557 2 3
mix 1 0.98 0.5 500 3.038 0.479 2 3
max_pca 1 0.98 1.5 500 1928.45 285.638 712.325 2000
max_pca 2 0.98 1.5 500 1880.582 431.914 140.125 2000
max_pca 3 0.98 1.5 500 1768.46 605.7 85.9 2000
max_pca 5 0.98 1.5 500 1216.506 915.533 53.8 2000
max_pca 10 0.98 1.5 500 65.282 27.563 25 60
max_pca 20 0.98 1.5 500 20.714 7.225 9 19
min_pca 1 0.98 1.5 500 20.224 20.536 3 11
min_pca 2 0.98 1.5 500 8.948 5.871 3 7
min_pca 3 0.98 1.5 500 9.116 4.629 3 8
min_pca 5 0.98 1.5 500 11.016 4.349 4 10
min_pca 10 0.98 1.5 500 13.572 3.735 7 13
min_pca 20 0.98 1.5 500 15.426 2.76 10 15
tpca 0.8 0.98 1.5 500 8.948 5.871 3 7
tpca 0.9 0.98 1.5 500 8.948 5.871 3 7
tpca 0.95 0.98 1.5 500 8.948 5.871 3 7
tpca 0.99 0.98 1.5 500 8.948 5.871 3 7
tpca 0.995 0.98 1.5 500 8.948 5.871 3 7
tpca 0.999 0.98 1.5 500 8.948 5.871 3 7
mix 0.03 0.98 1.5 500 4.658 1.208 3 4
mix 0.1 0.98 1.5 500 4.232 1.072 3 4
mix 0.3 0.98 1.5 500 4.042 1.013 2 4
mix 1 0.98 1.5 500 3.98 0.993 2 4
max_pca 1 0.98 2 500 168.58 357.512 20.475 85
max_pca 2 0.98 2 500 36.98 17.72 9 33
max_pca 3 0.98 2 500 27.502 12.175 9 24
max_pca 5 0.98 2 500 18.054 6.946 7 17
max_pca 10 0.98 2 500 9.508 3.015 5 9
max_pca 20 0.98 2 500 5.116 1.292 3 5
min_pca 1 0.98 2 500 7.532 7.286 2 4
min_pca 2 0.98 2 500 4.026 2.488 2 3
min_pca 3 0.98 2 500 4.186 2.112 2 4
min_pca 5 0.98 2 500 4.688 1.711 3 4
min_pca 10 0.98 2 500 5.69 1.564 3 5
min_pca 20 0.98 2 500 6.692 1.318 4.475 7
tpca 0.8 0.98 2 500 4.026 2.488 2 3
tpca 0.9 0.98 2 500 4.026 2.488 2 3
tpca 0.95 0.98 2 500 4.026 2.488 2 3
tpca 0.99 0.98 2 500 4.026 2.488 2 3
tpca 0.995 0.98 2 500 4.026 2.488 2 3
tpca 0.999 0.98 2 500 4.026 2.488 2 3
mix 0.03 0.98 2 500 2.27 0.453 2 2
mix 0.1 0.98 2 500 2.15 0.363 2 2
mix 0.3 0.98 2 500 2.108 0.311 2 2
mix 1 0.98 2 500 2.09 0.286 2 2
max_pca 1 0.95 0.5 500 24.732 6.508 13 24
max_pca 2 0.95 0.5 500 16.576 4.02 9 16
max_pca 3 0.95 0.5 500 13.046 2.813 8 13
max_pca 5 0.95 0.5 500 10.486 1.992 7 10
max_pca 10 0.95 0.5 500 7.674 1.274 5 8
max_pca 20 0.95 0.5 500 5.44 0.89 4 5
min_pca 1 0.95 0.5 500 8.324 12.782 2 5
min_pca 2 0.95 0.5 500 4.554 2.212 2 4
min_pca 3 0.95 0.5 500 5.27 2.569 2.475 4
min_pca 5 0.95 0.5 500 7.27 3.149 3 6
min_pca 10 0.95 0.5 500 15.012 6.356 7 14
min_pca 20 0.95 0.5 500 44.994 21.331 20.475 39
tpca 0.8 0.95 0.5 500 4.554 2.212 2 4
tpca 0.9 0.95 0.5 500 4.554 2.212 2 4
tpca 0.95 0.95 0.5 500 4.554 2.212 2 4
tpca 0.99 0.95 0.5 500 4.554 2.212 2 4
tpca 0.995 0.95 0.5 500 4.554 2.212 2 4
tpca 0.999 0.95 0.5 500 4.554 2.212 2 4
mix 0.03 0.95 0.5 500 4.536 0.7 3 4
mix 0.1 0.95 0.5 500 3.8 0.62 3 4
mix 0.3 0.95 0.5 500 3.34 0.545 2 3
mix 1 0.95 0.5 500 3.048 0.48 2 3
max_pca 1 0.95 1.5 500 1908.526 329.557 589.125 2000
max_pca 2 0.95 1.5 500 1908.82 372.912 289.475 2000
max_pca 3 0.95 1.5 500 1866.15 466.177 136.375 2000
max_pca 5 0.95 1.5 500 1468.498 835.293 71.85 2000
max_pca 10 0.95 1.5 500 73.286 31.852 26.95 66.025
max_pca 20 0.95 1.5 500 21.72 7.103 10 20
min_pca 1 0.95 1.5 500 6.522 5.089 2 5
min_pca 2 0.95 1.5 500 4.344 1.92 2 4
min_pca 3 0.95 1.5 500 4.744 1.8 2 4
min_pca 5 0.95 1.5 500 5.928 2.011 3 5
min_pca 10 0.95 1.5 500 8.358 2.22 5 8
min_pca 20 0.95 1.5 500 11.076 2.062 7 11
tpca 0.8 0.95 1.5 500 4.344 1.92 2 4
tpca 0.9 0.95 1.5 500 4.344 1.92 2 4
tpca 0.95 0.95 1.5 500 4.344 1.92 2 4
tpca 0.99 0.95 1.5 500 4.344 1.92 2 4
tpca 0.995 0.95 1.5 500 4.344 1.92 2 4
tpca 0.999 0.95 1.5 500 4.344 1.92 2 4
mix 0.03 0.95 1.5 500 4.724 1.247 3 4
mix 0.1 0.95 1.5 500 4.3 1.092 3 4
mix 0.3 0.95 1.5 500 4.136 1.075 2.475 4
mix 1 0.95 1.5 500 4.062 1.055 2 4
max_pca 1 0.95 2 500 239.512 475.544 19.475 96
max_pca 2 0.95 2 500 41.58 22.218 10 35.025
max_pca 3 0.95 2 500 29.27 13.721 9 27
max_pca 5 0.95 2 500 18.85 7.615 7 18
max_pca 10 0.95 2 500 10.194 3.4 5 10
max_pca 20 0.95 2 500 5.382 1.371 3 5
min_pca 1 0.95 2 500 3.206 1.578 2 3
min_pca 2 0.95 2 500 2.564 0.804 2 2
min_pca 3 0.95 2 500 2.72 0.784 2 3
min_pca 5 0.95 2 500 3.132 0.829 2 3
min_pca 10 0.95 2 500 3.986 0.916 3 4
min_pca 20 0.95 2 500 4.982 0.931 3 5
tpca 0.8 0.95 2 500 2.564 0.804 2 2
tpca 0.9 0.95 2 500 2.564 0.804 2 2
tpca 0.95 0.95 2 500 2.564 0.804 2 2
tpca 0.99 0.95 2 500 2.564 0.804 2 2
tpca 0.995 0.95 2 500 2.564 0.804 2 2
tpca 0.999 0.95 2 500 2.564 0.804 2 2
mix 0.03 0.95 2 500 2.332 0.471 2 2
mix 0.1 0.95 2 500 2.212 0.409 2 2
mix 0.3 0.95 2 500 2.158 0.365 2 2
mix 1 0.95 2 500 2.14 0.347 2 2
max_pca 1 0.9 0.5 500 27.288 7.899 13 27
max_pca 2 0.9 0.5 500 17.986 4.421 10 18
max_pca 3 0.9 0.5 500 14.224 3.233 9 14
max_pca 5 0.9 0.5 500 11.462 2.239 7 11
max_pca 10 0.9 0.5 500 8.318 1.505 6 8
max_pca 20 0.9 0.5 500 5.942 1.089 4 6
min_pca 1 0.9 0.5 500 4.022 2.038 2 3
min_pca 2 0.9 0.5 500 3.11 0.986 2 3
min_pca 3 0.9 0.5 500 3.518 1.045 2 3
min_pca 5 0.9 0.5 500 4.504 1.264 3 4
min_pca 10 0.9 0.5 500 7.738 2.09 5 7
min_pca 20 0.9 0.5 500 17.13 4.269 10 16
tpca 0.8 0.9 0.5 500 3.11 0.986 2 3
tpca 0.9 0.9 0.5 500 3.11 0.986 2 3
tpca 0.95 0.9 0.5 500 3.11 0.986 2 3
tpca 0.99 0.9 0.5 500 3.11 0.986 2 3
tpca 0.995 0.9 0.5 500 3.11 0.986 2 3
tpca 0.999 0.9 0.5 500 3.11 0.986 2 3
mix 0.03 0.9 0.5 500 4.708 0.726 4 5
mix 0.1 0.9 0.5 500 3.934 0.612 3 4
mix 0.3 0.9 0.5 500 3.484 0.609 3 3
mix 1 0.9 0.5 500 3.178 0.524 2 3
max_pca 1 0.9 1.5 500 1898.118 359.427 436.85 2000
max_pca 2 0.9 1.5 500 1907.352 364.582 327.475 2000
max_pca 3 0.9 1.5 500 1884.924 420.406 194.9 2000
max_pca 5 0.9 1.5 500 1713.246 666.79 84.8 2000
max_pca 10 0.9 1.5 500 100.612 152.152 29.475 82
max_pca 20 0.9 1.5 500 25.662 8.818 10 24
min_pca 1 0.9 1.5 500 4.006 1.998 2 3
min_pca 2 0.9 1.5 500 3.098 0.935 2 3
min_pca 3 0.9 1.5 500 3.394 0.982 2 3
min_pca 5 0.9 1.5 500 4.144 1.089 3 4
min_pca 10 0.9 1.5 500 5.784 1.298 4 6
min_pca 20 0.9 1.5 500 8.232 1.444 6 8
tpca 0.8 0.9 1.5 500 3.098 0.935 2 3
tpca 0.9 0.9 1.5 500 3.098 0.935 2 3
tpca 0.95 0.9 1.5 500 3.098 0.935 2 3
tpca 0.99 0.9 1.5 500 3.098 0.935 2 3
tpca 0.995 0.9 1.5 500 3.098 0.935 2 3
tpca 0.999 0.9 1.5 500 3.098 0.935 2 3
mix 0.03 0.9 1.5 500 4.906 1.352 3 5
mix 0.1 0.9 1.5 500 4.458 1.244 3 4
mix 0.3 0.9 1.5 500 4.286 1.15 3 4
mix 1 0.9 1.5 500 4.22 1.132 3 4
max_pca 1 0.9 2 500 453.486 724.405 22 113.025
max_pca 2 0.9 2 500 50.204 25.968 12 43
max_pca 3 0.9 2 500 34.138 15.622 10 31
max_pca 5 0.9 2 500 21.98 8.793 8 21
max_pca 10 0.9 2 500 11.208 3.51 5.475 11
max_pca 20 0.9 2 500 5.76 1.507 3 6
min_pca 1 0.9 2 500 2.588 0.925 2 2
min_pca 2 0.9 2 500 2.184 0.432 2 2
min_pca 3 0.9 2 500 2.242 0.456 2 2
min_pca 5 0.9 2 500 2.478 0.564 2 2
min_pca 10 0.9 2 500 3.118 0.604 2 3
min_pca 20 0.9 2 500 3.94 0.661 3 4
tpca 0.8 0.9 2 500 2.184 0.432 2 2
tpca 0.9 0.9 2 500 2.184 0.432 2 2
tpca 0.95 0.9 2 500 2.184 0.432 2 2
tpca 0.99 0.9 2 500 2.184 0.432 2 2
tpca 0.995 0.9 2 500 2.184 0.432 2 2
tpca 0.999 0.9 2 500 2.184 0.432 2 2
mix 0.03 0.9 2 500 2.372 0.488 2 2
mix 0.1 0.9 2 500 2.23 0.421 2 2
mix 0.3 0.9 2 500 2.18 0.385 2 2
mix 1 0.9 2 500 2.15 0.357 2 2
max_pca 1 0.7 0.5 500 38.918 13.031 18 36.025
max_pca 2 0.7 0.5 500 25.31 6.857 13 24
max_pca 3 0.7 0.5 500 19.814 4.857 11 19
max_pca 5 0.7 0.5 500 16.164 3.673 10 16
max_pca 10 0.7 0.5 500 11.938 2.522 8 12
max_pca 20 0.7 0.5 500 8.566 1.755 6 8
min_pca 1 0.7 0.5 500 2.758 0.964 2 2
min_pca 2 0.7 0.5 500 2.356 0.567 2 2
min_pca 3 0.7 0.5 500 2.5 0.609 2 2
min_pca 5 0.7 0.5 500 2.984 0.636 2 3
min_pca 10 0.7 0.5 500 4.246 0.874 3 4
min_pca 20 0.7 0.5 500 7.314 1.325 5 7
tpca 0.8 0.7 0.5 500 2.356 0.567 2 2
tpca 0.9 0.7 0.5 500 2.356 0.567 2 2
tpca 0.95 0.7 0.5 500 2.356 0.567 2 2
tpca 0.99 0.7 0.5 500 2.356 0.567 2 2
tpca 0.995 0.7 0.5 500 2.356 0.567 2 2
tpca 0.999 0.7 0.5 500 2.356 0.567 2 2
mix 0.03 0.7 0.5 500 5.272 0.814 4 5
mix 0.1 0.7 0.5 500 4.468 0.709 3 4
mix 0.3 0.7 0.5 500 4.034 0.668 3 4
mix 1 0.7 0.5 500 3.656 0.622 3 4
max_pca 1 0.7 1.5 500 1901.004 356.43 408.15 2000
max_pca 2 0.7 1.5 500 1955.124 257.943 1398.825 2000
max_pca 3 0.7 1.5 500 1959.554 248.9 1358.6 2000
max_pca 5 0.7 1.5 500 1976.76 202.239 2000 2000
max_pca 10 0.7 1.5 500 1598.718 758.726 91 2000
max_pca 20 0.7 1.5 500 52.468 20.559 20 49
min_pca 1 0.7 1.5 500 2.734 0.858 2 3
min_pca 2 0.7 1.5 500 2.364 0.544 2 2
min_pca 3 0.7 1.5 500 2.498 0.575 2 2
min_pca 5 0.7 1.5 500 2.926 0.594 2 3
min_pca 10 0.7 1.5 500 3.948 0.725 3 4
min_pca 20 0.7 1.5 500 5.692 0.916 4 6
tpca 0.8 0.7 1.5 500 2.364 0.544 2 2
tpca 0.9 0.7 1.5 500 2.364 0.544 2 2
tpca 0.95 0.7 1.5 500 2.364 0.544 2 2
tpca 0.99 0.7 1.5 500 2.364 0.544 2 2
tpca 0.995 0.7 1.5 500 2.364 0.544 2 2
tpca 0.999 0.7 1.5 500 2.364 0.544 2 2
mix 0.03 0.7 1.5 500 5.576 1.433 3 5
mix 0.1 0.7 1.5 500 5.116 1.273 3 5
mix 0.3 0.7 1.5 500 4.946 1.258 3 5
mix 1 0.7 1.5 500 4.888 1.272 3 5
max_pca 1 0.7 2 500 1606.384 733.898 60.475 2000
max_pca 2 0.7 2 500 283.34 550.139 26 102
max_pca 3 0.7 2 500 82.458 128.761 22 66
max_pca 5 0.7 2 500 42.342 18.89 14 38
max_pca 10 0.7 2 500 18.754 6.496 8 18
max_pca 20 0.7 2 500 8.538 2.697 4 8
min_pca 1 0.7 2 500 2.204 0.485 2 2
min_pca 2 0.7 2 500 2.052 0.231 2 2
min_pca 3 0.7 2 500 2.05 0.227 2 2
min_pca 5 0.7 2 500 2.078 0.268 2 2
min_pca 10 0.7 2 500 2.402 0.503 2 2
min_pca 20 0.7 2 500 3.096 0.356 3 3
tpca 0.8 0.7 2 500 2.052 0.231 2 2
tpca 0.9 0.7 2 500 2.052 0.231 2 2
tpca 0.95 0.7 2 500 2.052 0.231 2 2
tpca 0.99 0.7 2 500 2.052 0.231 2 2
tpca 0.995 0.7 2 500 2.052 0.231 2 2
tpca 0.999 0.7 2 500 2.052 0.231 2 2
mix 0.03 0.7 2 500 2.628 0.546 2 3
mix 0.1 0.7 2 500 2.482 0.52 2 2
mix 0.3 0.7 2 500 2.428 0.511 2 2
mix 1 0.7 2 500 2.422 0.51 2 2
max_pca 1 0.5 0.5 500 59.738 23.243 24.475 55
max_pca 2 0.5 0.5 500 39.774 13.158 18 38
max_pca 3 0.5 0.5 500 30.122 8.601 15.475 29
max_pca 5 0.5 0.5 500 24.674 6.449 14 24
max_pca 10 0.5 0.5 500 18.588 4.512 11 18
max_pca 20 0.5 0.5 500 13.832 3.26 8 13
min_pca 1 0.5 0.5 500 2.63 0.916 2 2
min_pca 2 0.5 0.5 500 2.25 0.477 2 2
min_pca 3 0.5 0.5 500 2.342 0.515 2 2
min_pca 5 0.5 0.5 500 2.77 0.588 2 3
min_pca 10 0.5 0.5 500 3.82 0.719 3 4
min_pca 20 0.5 0.5 500 6.144 0.98 4.475 6
tpca 0.8 0.5 0.5 500 2.25 0.477 2 2
tpca 0.9 0.5 0.5 500 2.25 0.477 2 2
tpca 0.95 0.5 0.5 500 2.25 0.477 2 2
tpca 0.99 0.5 0.5 500 2.25 0.477 2 2
tpca 0.995 0.5 0.5 500 2.25 0.477 2 2
tpca 0.999 0.5 0.5 500 2.25 0.477 2 2
mix 0.03 0.5 0.5 500 6.328 1.04 5 6
mix 0.1 0.5 0.5 500 5.454 0.943 4 5
mix 0.3 0.5 0.5 500 4.916 0.905 3 5
mix 1 0.5 0.5 500 4.498 0.869 3 4
max_pca 1 0.5 1.5 500 1909.96 324.91 569.325 2000
max_pca 2 0.5 1.5 500 1942.736 274.513 913.1 2000
max_pca 3 0.5 1.5 500 1958.88 247.804 1330.675 2000
max_pca 5 0.5 1.5 500 1986.484 138.549 2000 2000
max_pca 10 0.5 1.5 500 1988.668 132.462 2000 2000
max_pca 20 0.5 1.5 500 953.002 915.349 63.475 193.025
min_pca 1 0.5 1.5 500 2.656 0.948 2 2
min_pca 2 0.5 1.5 500 2.26 0.495 2 2
min_pca 3 0.5 1.5 500 2.372 0.568 2 2
min_pca 5 0.5 1.5 500 2.774 0.629 2 3
min_pca 10 0.5 1.5 500 3.682 0.685 3 4
min_pca 20 0.5 1.5 500 5.398 0.808 4 5
tpca 0.8 0.5 1.5 500 2.26 0.495 2 2
tpca 0.9 0.5 1.5 500 2.26 0.495 2 2
tpca 0.95 0.5 1.5 500 2.26 0.495 2 2
tpca 0.99 0.5 1.5 500 2.26 0.495 2 2
tpca 0.995 0.5 1.5 500 2.26 0.495 2 2
tpca 0.999 0.5 1.5 500 2.26 0.495 2 2
mix 0.03 0.5 1.5 500 6.912 1.99 4 7
mix 0.1 0.5 1.5 500 6.364 1.824 3 6
mix 0.3 0.5 1.5 500 6.198 1.773 3 6
mix 1 0.5 1.5 500 6.272 1.802 3 6
max_pca 1 0.5 2 500 1893.822 366.313 422.325 2000
max_pca 2 0.5 2 500 1696.346 661.35 76 2000
max_pca 3 0.5 2 500 1462.394 828.745 62.9 2000
max_pca 5 0.5 2 500 624.63 828.124 37.95 145.025
max_pca 10 0.5 2 500 46.572 19.181 18.475 42
max_pca 20 0.5 2 500 16.446 5.509 7 16
min_pca 1 0.5 2 500 2.16 0.468 2 2
min_pca 2 0.5 2 500 2.028 0.165 2 2
min_pca 3 0.5 2 500 2.026 0.159 2 2
min_pca 5 0.5 2 500 2.04 0.196 2 2
min_pca 10 0.5 2 500 2.298 0.462 2 2
min_pca 20 0.5 2 500 3.04 0.327 2 3
tpca 0.8 0.5 2 500 2.028 0.165 2 2
tpca 0.9 0.5 2 500 2.028 0.165 2 2
tpca 0.95 0.5 2 500 2.028 0.165 2 2
tpca 0.99 0.5 2 500 2.028 0.165 2 2
tpca 0.995 0.5 2 500 2.028 0.165 2 2
tpca 0.999 0.5 2 500 2.028 0.165 2 2
mix 0.03 0.5 2 500 3.016 0.583 2 3
mix 0.1 0.5 2 500 2.868 0.572 2 3
mix 0.3 0.5 2 500 2.856 0.562 2 3
mix 1 0.5 2 500 2.87 0.571 2 3
max_pca 1 0.3 0.5 500 97.006 48.363 36.95 86
max_pca 2 0.3 0.5 500 63.38 24.059 28 59
max_pca 3 0.3 0.5 500 46.626 15.291 22 43
max_pca 5 0.3 0.5 500 38.67 11.432 20 37
max_pca 10 0.3 0.5 500 30.788 8.72 15 30
max_pca 20 0.3 0.5 500 24.318 6.669 12.475 24
min_pca 1 0.3 0.5 500 2.706 0.847 2 2
min_pca 2 0.3 0.5 500 2.366 0.548 2 2
min_pca 3 0.3 0.5 500 2.504 0.619 2 2
min_pca 5 0.3 0.5 500 2.994 0.644 2 3
min_pca 10 0.3 0.5 500 4.186 0.818 3 4
min_pca 20 0.3 0.5 500 6.814 1.181 5 7
tpca 0.8 0.3 0.5 500 2.366 0.548 2 2
tpca 0.9 0.3 0.5 500 2.366 0.548 2 2
tpca 0.95 0.3 0.5 500 2.366 0.548 2 2
tpca 0.99 0.3 0.5 500 2.366 0.548 2 2
tpca 0.995 0.3 0.5 500 2.366 0.548 2 2
tpca 0.999 0.3 0.5 500 2.366 0.548 2 2
mix 0.03 0.3 0.5 500 7.962 1.433 5 8
mix 0.1 0.3 0.5 500 7.098 1.354 5 7
mix 0.3 0.3 0.5 500 6.62 1.384 4 6
mix 1 0.3 0.5 500 6.384 1.455 4 6
max_pca 1 0.3 1.5 500 1871.09 411.446 325.925 2000
max_pca 2 0.3 1.5 500 1943.544 275.022 927.55 2000
max_pca 3 0.3 1.5 500 1916.7 364.432 243.625 2000
max_pca 5 0.3 1.5 500 1967.298 221.005 1819.65 2000
max_pca 10 0.3 1.5 500 1987.114 140.751 2000 2000
max_pca 20 0.3 1.5 500 1939.866 290.84 788.25 2000
min_pca 1 0.3 1.5 500 2.744 0.97 2 2
min_pca 2 0.3 1.5 500 2.342 0.571 2 2
min_pca 3 0.3 1.5 500 2.474 0.602 2 2
min_pca 5 0.3 1.5 500 2.952 0.653 2 3
min_pca 10 0.3 1.5 500 4.002 0.769 3 4
min_pca 20 0.3 1.5 500 6.128 1.044 4 6
tpca 0.8 0.3 1.5 500 2.342 0.571 2 2
tpca 0.9 0.3 1.5 500 2.342 0.571 2 2
tpca 0.95 0.3 1.5 500 2.342 0.571 2 2
tpca 0.99 0.3 1.5 500 2.342 0.571 2 2
tpca 0.995 0.3 1.5 500 2.342 0.571 2 2
tpca 0.999 0.3 1.5 500 2.342 0.571 2 2
mix 0.03 0.3 1.5 500 9.844 2.963 5 9
mix 0.1 0.3 1.5 500 9.422 2.913 5 9
mix 0.3 0.3 1.5 500 9.346 3.016 4 9
mix 1 0.3 1.5 500 9.562 3.106 4 9
max_pca 1 0.3 2 500 1912.994 332.296 574.85 2000
max_pca 2 0.3 2 500 1945.19 286.177 649.6 2000
max_pca 3 0.3 2 500 1945.266 280.173 924.7 2000
max_pca 5 0.3 2 500 1961.484 257.889 2000 2000
max_pca 10 0.3 2 500 1837.106 522.999 123.8 2000
max_pca 20 0.3 2 500 61.576 26.183 22.475 56
min_pca 1 0.3 2 500 2.222 0.507 2 2
min_pca 2 0.3 2 500 2.03 0.171 2 2
min_pca 3 0.3 2 500 2.024 0.153 2 2
min_pca 5 0.3 2 500 2.078 0.268 2 2
min_pca 10 0.3 2 500 2.446 0.513 2 2
min_pca 20 0.3 2 500 3.186 0.442 3 3
tpca 0.8 0.3 2 500 2.03 0.171 2 2
tpca 0.9 0.3 2 500 2.03 0.171 2 2
tpca 0.95 0.3 2 500 2.03 0.171 2 2
tpca 0.99 0.3 2 500 2.03 0.171 2 2
tpca 0.995 0.3 2 500 2.03 0.171 2 2
tpca 0.999 0.3 2 500 2.03 0.171 2 2
mix 0.03 0.3 2 500 3.676 0.886 2 3
mix 0.1 0.3 2 500 3.618 0.842 2 3
mix 0.3 0.3 2 500 3.644 0.836 2 3
mix 1 0.3 2 500 3.786 0.864 2 4
max_pca 1 0.1 0.5 500 618.62 773.506 47.475 174.025
max_pca 2 0.1 0.5 500 186.418 338.54 42 114
max_pca 3 0.1 0.5 500 86.58 34.692 33 80.025
max_pca 5 0.1 0.5 500 74.506 24.753 33 71
max_pca 10 0.1 0.5 500 63.766 20.331 28.475 61.025
max_pca 20 0.1 0.5 500 56.67 17.704 26 54
min_pca 1 0.1 0.5 500 4.014 2.113 2 3
min_pca 2 0.1 0.5 500 3.11 1.068 2 3
min_pca 3 0.1 0.5 500 3.484 1.139 2 3
min_pca 5 0.1 0.5 500 4.398 1.274 3 4
min_pca 10 0.1 0.5 500 6.948 1.785 4 7
min_pca 20 0.1 0.5 500 12.492 2.551 8 12
tpca 0.8 0.1 0.5 500 3.11 1.068 2 3
tpca 0.9 0.1 0.5 500 3.11 1.068 2 3
tpca 0.95 0.1 0.5 500 3.11 1.068 2 3
tpca 0.99 0.1 0.5 500 3.11 1.068 2 3
tpca 0.995 0.1 0.5 500 3.11 1.068 2 3
tpca 0.999 0.1 0.5 500 3.11 1.068 2 3
mix 0.03 0.1 0.5 500 14.326 2.994 9 14
mix 0.1 0.1 0.5 500 14.076 3.23 8 14
mix 0.3 0.1 0.5 500 14.402 3.787 7 14
mix 1 0.1 0.5 500 15.376 4.689 7 15
max_pca 1 0.1 1.5 500 1573.646 722.059 86 2000
max_pca 2 0.1 1.5 500 1493.74 797.494 70.95 2000
max_pca 3 0.1 1.5 500 908.148 891.983 51.475 215.1
max_pca 5 0.1 1.5 500 982.492 910.878 71.425 211.025
max_pca 10 0.1 1.5 500 1264.09 899.42 81.425 2000
max_pca 20 0.1 1.5 500 1583.122 758.804 100.95 2000
min_pca 1 0.1 1.5 500 4.006 2.106 2 3
min_pca 2 0.1 1.5 500 3.046 0.964 2 3
min_pca 3 0.1 1.5 500 3.418 0.982 2 3
min_pca 5 0.1 1.5 500 4.332 1.187 3 4
min_pca 10 0.1 1.5 500 6.744 1.589 4 7
min_pca 20 0.1 1.5 500 11.394 2.121 8 11
tpca 0.8 0.1 1.5 500 3.046 0.964 2 3
tpca 0.9 0.1 1.5 500 3.046 0.964 2 3
tpca 0.95 0.1 1.5 500 3.046 0.964 2 3
tpca 0.99 0.1 1.5 500 3.046 0.964 2 3
tpca 0.995 0.1 1.5 500 3.046 0.964 2 3
tpca 0.999 0.1 1.5 500 3.046 0.964 2 3
mix 0.03 0.1 1.5 500 21.362 8.703 8 20
mix 0.1 0.1 1.5 500 21.812 9.225 7 20
mix 0.3 0.1 1.5 500 23.342 10.038 7 21
mix 1 0.1 1.5 500 25.582 11.642 7.475 23
max_pca 1 0.1 2 500 1825.096 486.234 164.275 2000
max_pca 2 0.1 2 500 1861.246 454.241 173.225 2000
max_pca 3 0.1 2 500 1657.05 693.702 112.9 2000
max_pca 5 0.1 2 500 1840.346 506.982 141.9 2000
max_pca 10 0.1 2 500 1946.292 296.097 546.45 2000
max_pca 20 0.1 2 500 1911.632 372.42 218.95 2000
min_pca 1 0.1 2 500 2.604 0.941 2 2
min_pca 2 0.1 2 500 2.23 0.475 2 2
min_pca 3 0.1 2 500 2.264 0.476 2 2
min_pca 5 0.1 2 500 2.542 0.607 2 2
min_pca 10 0.1 2 500 3.384 0.643 2 3
min_pca 20 0.1 2 500 4.814 0.904 3 5
tpca 0.8 0.1 2 500 2.23 0.475 2 2
tpca 0.9 0.1 2 500 2.23 0.475 2 2
tpca 0.95 0.1 2 500 2.23 0.475 2 2
tpca 0.99 0.1 2 500 2.23 0.475 2 2
tpca 0.995 0.1 2 500 2.23 0.475 2 2
tpca 0.999 0.1 2 500 2.23 0.475 2 2
mix 0.03 0.1 2 500 6.606 2.023 3 6
mix 0.1 0.1 2 500 6.842 2.035 3 7
mix 0.3 0.1 2 500 7.4 2.244 4 7
mix 1 0.1 2 500 8.148 2.673 4 8
max_pca 1 0.05 0.5 500 811.25 850.937 53.325 224
max_pca 2 0.05 0.5 500 329.132 536.235 44 152.025
max_pca 3 0.05 0.5 500 106.572 53.388 36 97.025
max_pca 5 0.05 0.5 500 91.17 33.625 38 86
max_pca 10 0.05 0.5 500 82.022 28.962 36 78
max_pca 20 0.05 0.5 500 77.046 27.257 32.475 72
min_pca 1 0.05 0.5 500 6.734 6.098 2 5
min_pca 2 0.05 0.5 500 4.348 1.818 2 4
min_pca 3 0.05 0.5 500 5.082 2.03 3 5
min_pca 5 0.05 0.5 500 6.804 2.461 3 6
min_pca 10 0.05 0.5 500 11.434 3.575 6 11
min_pca 20 0.05 0.5 500 20.35 4.864 13 19
tpca 0.8 0.05 0.5 500 4.348 1.818 2 4
tpca 0.9 0.05 0.5 500 4.348 1.818 2 4
tpca 0.95 0.05 0.5 500 4.348 1.818 2 4
tpca 0.99 0.05 0.5 500 4.348 1.818 2 4
tpca 0.995 0.05 0.5 500 4.348 1.818 2 4
tpca 0.999 0.05 0.5 500 4.348 1.818 2 4
mix 0.03 0.05 0.5 500 21.684 4.908 13 21
mix 0.1 0.05 0.5 500 22.862 5.919 11.475 22
mix 0.3 0.05 0.5 500 24.964 7.68 11 24.025
mix 1 0.05 0.5 500 28.194 10.488 9 27
max_pca 1 0.05 1.5 500 1427.274 813.612 81.65 2000
max_pca 2 0.05 1.5 500 1135.85 897.815 74 1070.675
max_pca 3 0.05 1.5 500 502.254 725.109 54 158
max_pca 5 0.05 1.5 500 409.394 647.008 58 149.025
max_pca 10 0.05 1.5 500 442.514 677.951 67.475 150.025
max_pca 20 0.05 1.5 500 636.286 803.799 64.375 178
min_pca 1 0.05 1.5 500 7.802 8.761 2 5
min_pca 2 0.05 1.5 500 4.364 2.106 2 4
min_pca 3 0.05 1.5 500 5.014 2.314 2 4
min_pca 5 0.05 1.5 500 6.65 2.689 3 6
min_pca 10 0.05 1.5 500 11.2 3.884 6 10
min_pca 20 0.05 1.5 500 19.09 4.835 12 18
tpca 0.8 0.05 1.5 500 4.364 2.106 2 4
tpca 0.9 0.05 1.5 500 4.364 2.106 2 4
tpca 0.95 0.05 1.5 500 4.364 2.106 2 4
tpca 0.99 0.05 1.5 500 4.364 2.106 2 4
tpca 0.995 0.05 1.5 500 4.364 2.106 2 4
tpca 0.999 0.05 1.5 500 4.364 2.106 2 4
mix 0.03 0.05 1.5 500 36.904 16.788 12 33
mix 0.1 0.05 1.5 500 39.674 19.39 13 35
mix 0.3 0.05 1.5 500 45.408 23.938 12.475 40
mix 1 0.05 1.5 500 54.112 35.497 15 45
max_pca 1 0.05 2 500 1555.73 748.703 80 2000
max_pca 2 0.05 2 500 1450.676 831.599 76.475 2000
max_pca 3 0.05 2 500 934.664 905.751 56.475 205.025
max_pca 5 0.05 2 500 1000.306 912.927 67 226.025
max_pca 10 0.05 2 500 1270.682 895.411 81.95 2000
max_pca 20 0.05 2 500 1501.636 801.425 109 2000
min_pca 1 0.05 2 500 3.386 2.068 2 3
min_pca 2 0.05 2 500 2.534 0.742 2 2
min_pca 3 0.05 2 500 2.772 0.882 2 3
min_pca 5 0.05 2 500 3.272 0.974 2 3
min_pca 10 0.05 2 500 4.684 1.373 3 4
min_pca 20 0.05 2 500 7.352 1.95 4 7
tpca 0.8 0.05 2 500 2.534 0.742 2 2
tpca 0.9 0.05 2 500 2.534 0.742 2 2
tpca 0.95 0.05 2 500 2.534 0.742 2 2
tpca 0.99 0.05 2 500 2.534 0.742 2 2
tpca 0.995 0.05 2 500 2.534 0.742 2 2
tpca 0.999 0.05 2 500 2.534 0.742 2 2
mix 0.03 0.05 2 500 10.46 3.933 5 10
mix 0.1 0.05 2 500 11.478 4.214 5 11
mix 0.3 0.05 2 500 13.08 4.957 5 12
mix 1 0.05 2 500 14.992 5.986 5 14
max_pca 1 0.02 0.5 500 1003.748 885.898 53.475 363
max_pca 2 0.02 0.5 500 537.052 740.122 55.475 162
max_pca 3 0.02 0.5 500 150.902 255.805 41 109.025
max_pca 5 0.02 0.5 500 114.618 151.362 42.475 96
max_pca 10 0.02 0.5 500 99.97 91.838 41 90
max_pca 20 0.02 0.5 500 93.974 33.403 38 87
min_pca 1 0.02 0.5 500 144.252 462.462 3 13.025
min_pca 2 0.02 0.5 500 16.208 89.672 3 8
min_pca 3 0.02 0.5 500 13.814 12.317 3 10
min_pca 5 0.02 0.5 500 17.814 11.681 5 14
min_pca 10 0.02 0.5 500 27.908 12.988 10.475 24.025
min_pca 20 0.02 0.5 500 41.932 13.604 21 39
tpca 0.8 0.02 0.5 500 16.208 89.672 3 8
tpca 0.9 0.02 0.5 500 16.208 89.672 3 8
tpca 0.95 0.02 0.5 500 16.208 89.672 3 8
tpca 0.99 0.02 0.5 500 16.208 89.672 3 8
tpca 0.995 0.02 0.5 500 16.208 89.672 3 8
tpca 0.999 0.02 0.5 500 16.208 89.672 3 8
mix 0.03 0.02 0.5 500 39.348 12.276 19 38
mix 0.1 0.02 0.5 500 45.36 16.614 16 44
mix 0.3 0.02 0.5 500 52.966 22.928 15 51
mix 1 0.02 0.5 500 62.62 31.422 15 59
max_pca 1 0.02 1.5 500 1276.558 860.448 69.425 2000
max_pca 2 0.02 1.5 500 926.602 894.224 61.475 226.025
max_pca 3 0.02 1.5 500 263.478 463.462 49.475 128.025
max_pca 5 0.02 1.5 500 194.688 345.874 50 117
max_pca 10 0.02 1.5 500 171.486 292.32 48.475 119
max_pca 20 0.02 1.5 500 212.664 387.433 47.475 125
min_pca 1 0.02 1.5 500 171.814 518.403 3 13
min_pca 2 0.02 1.5 500 19.424 126.285 3 8
min_pca 3 0.02 1.5 500 12.75 13.322 3 9
min_pca 5 0.02 1.5 500 16.422 10.199 5 14
min_pca 10 0.02 1.5 500 25.916 11.374 10 23
min_pca 20 0.02 1.5 500 38.71 11.987 21 36
tpca 0.8 0.02 1.5 500 19.424 126.285 3 8
tpca 0.9 0.02 1.5 500 19.424 126.285 3 8
tpca 0.95 0.02 1.5 500 19.424 126.285 3 8
tpca 0.99 0.02 1.5 500 19.424 126.285 3 8
tpca 0.995 0.02 1.5 500 19.424 126.285 3 8
tpca 0.999 0.02 1.5 500 19.424 126.285 3 8
mix 0.03 0.02 1.5 500 147.014 304.688 20 81
mix 0.1 0.02 1.5 500 179.952 319.865 16 95.025
mix 0.3 0.02 1.5 500 202.25 303.494 16 102.025
mix 1 0.02 1.5 500 218.88 288.659 15.475 118.05
max_pca 1 0.02 2 500 1409.35 822.107 67.95 2000
max_pca 2 0.02 2 500 1062.69 897.801 68.95 424.05
max_pca 3 0.02 2 500 412.77 655.156 49.475 146
max_pca 5 0.02 2 500 332.072 567.514 57.95 136
max_pca 10 0.02 2 500 319.608 550.944 61 137
max_pca 20 0.02 2 500 469.01 694.211 61.475 158.025
min_pca 1 0.02 2 500 42.616 250.491 2 5
min_pca 2 0.02 2 500 4.648 4.442 2 3
min_pca 3 0.02 2 500 4.944 3.074 2 4
min_pca 5 0.02 2 500 6.066 3.178 2 5
min_pca 10 0.02 2 500 9.498 4.255 4 9
min_pca 20 0.02 2 500 15.78 5.734 7 15
tpca 0.8 0.02 2 500 4.648 4.442 2 3
tpca 0.9 0.02 2 500 4.648 4.442 2 3
tpca 0.95 0.02 2 500 4.648 4.442 2 3
tpca 0.99 0.02 2 500 4.648 4.442 2 3
tpca 0.995 0.02 2 500 4.648 4.442 2 3
tpca 0.999 0.02 2 500 4.648 4.442 2 3
mix 0.03 0.02 2 500 20.996 10.48 7 18
mix 0.1 0.02 2 500 25.382 13.119 8 22
mix 0.3 0.02 2 500 31.276 16.84 8 27
mix 1 0.02 2 500 39.796 22.954 8 34
