method method_param p change_param n_sim edd sd_edd edd_lower edd_upper
max_pca 1 0.98 0.5 500 92.862 38.123 35.95 85.025
max_pca 2 0.98 0.5 500 70.06 24.788 29.475 66
max_pca 3 0.98 0.5 500 71.792 23.404 32 68
max_pca 5 0.98 0.5 500 60.238 16.866 31.475 58
max_pca 10 0.98 0.5 500 50.916 13.157 28 48
max_pca 20 0.98 0.5 500 23.222 5.718 13 23
min_pca 1 0.98 0.5 500 49.696 91.04 16 38
min_pca 2 0.98 0.5 500 47.374 17.394 23.475 43
min_pca 3 0.98 0.5 500 58.376 18.044 31 54.025
min_pca 5 0.98 0.5 500 26.682 5.185 18.475 26
min_pca 10 0.98 0.5 500 18.216 2.222 14 18
min_pca 20 0.98 0.5 500 22.772 2.284 19 23
tpca 0.8 0.98 0.5 500 30.326 5.279 22.475 29
tpca 0.9 0.98 0.5 500 22.82 3.135 18 22
tpca 0.95 0.98 0.5 500 18.578 2.029 15 18
tpca 0.99 0.98 0.5 500 20.998 2.098 17 21
tpca 0.995 0.98 0.5 500 20.774 2.013 17 21
tpca 0.999 0.98 0.5 500 21.09 2.01 17 21
mix 0.03 0.98 0.5 500 7.338 1.651 4 7
mix 0.1 0.98 0.5 500 6.246 1.43 4 6
mix 0.3 0.98 0.5 500 5.622 1.285 3 5
mix 1 0.98 0.5 500 5.314 1.237 3 5
max_pca 1 0.98 0.7 500 65.318 24.154 27.95 61
max_pca 2 0.98 0.7 500 53.144 16.258 23 52
max_pca 3 0.98 0.7 500 56.112 16.028 28 54
max_pca 5 0.98 0.7 500 47.632 12.127 26 46
max_pca 10 0.98 0.7 500 40.724 9.327 24 40
max_pca 20 0.98 0.7 500 15.714 3.535 10 15
min_pca 1 0.98 0.7 500 24.366 14.428 9 21
min_pca 2 0.98 0.7 500 28.622 13.108 13 25
min_pca 3 0.98 0.7 500 37.356 14.401 19.475 34
min_pca 5 0.98 0.7 500 16.04 3.257 11 15
min_pca 10 0.98 0.7 500 10.876 1.265 9 11
min_pca 20 0.98 0.7 500 13.71 1.257 11 14
tpca 0.8 0.98 0.7 500 18.24 3.205 13 18
tpca 0.9 0.98 0.7 500 13.516 1.704 11 13
tpca 0.95 0.98 0.7 500 11.114 1.17 9 11
tpca 0.99 0.98 0.7 500 12.59 1.128 11 12
tpca 0.995 0.98 0.7 500 12.448 1.074 11 12
tpca 0.999 0.98 0.7 500 12.636 1.078 11 13
mix 0.03 0.98 0.7 500 4.746 0.843 3 5
mix 0.1 0.98 0.7 500 4.128 0.724 3 4
mix 0.3 0.98 0.7 500 3.774 0.672 3 4
mix 1 0.98 0.7 500 3.542 0.633 2 4
max_pca 1 0.98 1 500 40.442 14.196 17 38
max_pca 2 0.98 1 500 37.298 11.974 17.475 35
max_pca 3 0.98 1 500 40.454 12.041 20.475 39
max_pca 5 0.98 1 500 33.552 8.999 18 32
max_pca 10 0.98 1 500 28.182 6.564 16 27
max_pca 20 0.98 1 500 9.342 1.955 6 9
min_pca 1 0.98 1 500 12.588 5.682 5 11
min_pca 2 0.98 1 500 15.246 5.839 8 14
min_pca 3 0.98 1 500 20.802 7.442 11 19
min_pca 5 0.98 1 500 9.5 1.745 7 9
min_pca 10 0.98 1 500 6.518 0.739 5 6
min_pca 20 0.98 1 500 8.07 0.723 7 8
tpca 0.8 0.98 1 500 10.65 1.797 8 10
tpca 0.9 0.98 1 500 7.936 0.95 6 8
tpca 0.95 0.98 1 500 6.616 0.664 6 7
tpca 0.99 0.98 1 500 7.428 0.649 6 7
tpca 0.995 0.98 1 500 7.356 0.612 6 7
tpca 0.999 0.98 1 500 7.456 0.617 6 7
mix 0.03 0.98 1 500 3.17 0.449 2 3
mix 0.1 0.98 1 500 2.87 0.402 2 3
mix 0.3 0.98 1 500 2.626 0.488 2 3
mix 1 0.98 1 500 2.434 0.496 2 2
max_pca 1 0.95 0.5 500 101.102 103.877 34.475 87
max_pca 2 0.95 0.5 500 71.238 26.895 33.475 66
max_pca 3 0.95 0.5 500 72.764 23.994 34 69.025
max_pca 5 0.95 0.5 500 61.296 18.719 30.475 59
max_pca 10 0.95 0.5 500 51.818 13.707 28 50
max_pca 20 0.95 0.5 500 24.08 6.023 14 23
min_pca 1 0.95 0.5 500 135.364 401.94 14 38
min_pca 2 0.95 0.5 500 54.704 91.688 20 42
min_pca 3 0.95 0.5 500 63.036 90.499 28 52
min_pca 5 0.95 0.5 500 27.12 6.444 17 26
min_pca 10 0.95 0.5 500 18.708 2.75 14 18
min_pca 20 0.95 0.5 500 23.328 2.691 18.475 23
tpca 0.8 0.95 0.5 500 30.496 6.503 21 29
tpca 0.9 0.95 0.5 500 23.314 3.813 17 23
tpca 0.95 0.95 0.5 500 19.154 2.518 15 19
tpca 0.99 0.95 0.5 500 21.534 2.504 17 21
tpca 0.995 0.95 0.5 500 21.28 2.403 17 21
tpca 0.999 0.95 0.5 500 21.582 2.386 17 21
mix 0.03 0.95 0.5 500 7.61 1.67 5 7
mix 0.1 0.95 0.5 500 6.52 1.443 4 6
mix 0.3 0.95 0.5 500 5.894 1.286 3 6
mix 1 0.95 0.5 500 5.58 1.242 3 6
max_pca 1 0.95 0.7 500 67.862 27.38 25.475 63
max_pca 2 0.95 0.7 500 55.388 19.752 25 51
max_pca 3 0.95 0.7 500 58.578 19.554 29 55
max_pca 5 0.95 0.7 500 48.306 14.316 25 46
max_pca 10 0.95 0.7 500 40.694 10.539 23 39
max_pca 20 0.95 0.7 500 15.552 3.418 9 15
min_pca 1 0.95 0.7 500 69.12 277.363 8 21
min_pca 2 0.95 0.7 500 31.156 19.309 12 25
min_pca 3 0.95 0.7 500 38.466 20.487 16.475 32
min_pca 5 0.95 0.7 500 16.552 4.318 10 16
min_pca 10 0.95 0.7 500 11.252 1.672 9 11
min_pca 20 0.95 0.7 500 14.062 1.662 11 14
tpca 0.8 0.95 0.7 500 18.796 4.587 12 18
tpca 0.9 0.95 0.7 500 13.936 2.303 10 14
tpca 0.95 0.95 0.7 500 11.484 1.477 9 11
tpca 0.99 0.95 0.7 500 13 1.542 10 13
tpca 0.995 0.95 0.7 500 12.854 1.456 10 13
tpca 0.999 0.95 0.7 500 13.048 1.443 11 13
mix 0.03 0.95 0.7 500 4.81 0.824 3 5
mix 0.1 0.95 0.7 500 4.17 0.725 3 4
mix 0.3 0.95 0.7 500 3.832 0.652 3 4
mix 1 0.95 0.7 500 3.598 0.633 3 4
max_pca 1 0.95 1 500 43.032 17.814 16.475 39
max_pca 2 0.95 1 500 38.222 13.139 17 35
max_pca 3 0.95 1 500 41.542 13.004 21 39
max_pca 5 0.95 1 500 34.214 9.815 18.475 32
max_pca 10 0.95 1 500 28.036 7.791 16.475 26
max_pca 20 0.95 1 500 9.402 1.921 6 9
min_pca 1 0.95 1 500 17.706 18.144 5 12
min_pca 2 0.95 1 500 18.29 10.99 7 15
min_pca 3 0.95 1 500 22.814 12.271 9 19
min_pca 5 0.95 1 500 10.034 2.674 6 9
min_pca 10 0.95 1 500 6.78 0.966 5 7
min_pca 20 0.95 1 500 8.38 0.922 7 8
tpca 0.8 0.95 1 500 11.104 2.591 7 11
tpca 0.9 0.95 1 500 8.26 1.28 6 8
tpca 0.95 0.95 1 500 6.872 0.856 6 7
tpca 0.99 0.95 1 500 7.71 0.867 6 8
tpca 0.995 0.95 1 500 7.624 0.8 6 8
tpca 0.999 0.95 1 500 7.75 0.813 6.475 8
mix 0.03 0.95 1 500 3.176 0.475 2 3
mix 0.1 0.95 1 500 2.88 0.402 2 3
mix 0.3 0.95 1 500 2.68 0.475 2 3
mix 1 0.95 1 500 2.512 0.5 2 2
max_pca 1 0.9 0.5 500 113.708 176.658 33 89
max_pca 2 0.9 0.5 500 72.4 27.845 26.475 67
max_pca 3 0.9 0.5 500 74.616 25.911 30.425 70
max_pca 5 0.9 0.5 500 61.988 19.829 28 59
max_pca 10 0.9 0.5 500 52.016 14.281 28 50
max_pca 20 0.9 0.5 500 24.924 6.393 14 24
min_pca 1 0.9 0.5 500 287.084 628.47 13 47
min_pca 2 0.9 0.5 500 88.022 246.657 18 45
min_pca 3 0.9 0.5 500 78.046 175.761 23 54
min_pca 5 0.9 0.5 500 28.28 8.701 16 26
min_pca 10 0.9 0.5 500 19.572 3.614 14 19
min_pca 20 0.9 0.5 500 24.128 3.549 18 24
tpca 0.8 0.9 0.5 500 31.572 8.787 18 30
tpca 0.9 0.9 0.5 500 24.154 5.125 16 23
tpca 0.95 0.9 0.5 500 20.038 3.184 14 20
tpca 0.99 0.9 0.5 500 22.364 3.374 16.475 22
tpca 0.995 0.9 0.5 500 22.156 3.112 17 22
tpca 0.999 0.9 0.5 500 22.424 3.137 17 22
mix 0.03 0.9 0.5 500 7.644 1.698 5 7
mix 0.1 0.9 0.5 500 6.546 1.407 4 6
mix 0.3 0.9 0.5 500 6.02 1.277 4 6
mix 1 0.9 0.5 500 5.718 1.214 4 6
max_pca 1 0.9 0.7 500 76.316 92.064 24.475 67
max_pca 2 0.9 0.7 500 58.478 22.722 24.475 55
max_pca 3 0.9 0.7 500 60.328 20.441 27.475 57
max_pca 5 0.9 0.7 500 49.424 15.476 24 47.025
max_pca 10 0.9 0.7 500 40.358 10.41 23 39
max_pca 20 0.9 0.7 500 16.716 4.113 9 16
min_pca 1 0.9 0.7 500 170.04 496.12 8 22
min_pca 2 0.9 0.7 500 43.94 127.47 11 24
min_pca 3 0.9 0.7 500 40.454 27.214 14 30
min_pca 5 0.9 0.7 500 17.642 6.385 10 16
min_pca 10 0.9 0.7 500 11.764 2.067 8 11
min_pca 20 0.9 0.7 500 14.552 1.963 11 14
tpca 0.8 0.9 0.7 500 19.278 5.757 11 18
tpca 0.9 0.9 0.7 500 14.502 2.94 10 14
tpca 0.95 0.9 0.7 500 11.954 1.797 9 12
tpca 0.99 0.9 0.7 500 13.45 1.856 10 13
tpca 0.995 0.9 0.7 500 13.338 1.7 10 13
tpca 0.999 0.9 0.7 500 13.544 1.731 10 13
mix 0.03 0.9 0.7 500 4.84 0.881 3 5
mix 0.1 0.9 0.7 500 4.226 0.754 3 4
mix 0.3 0.9 0.7 500 3.866 0.694 3 4
mix 1 0.9 0.7 500 3.674 0.676 3 4
max_pca 1 0.9 1 500 48.872 21.97 17.475 44
max_pca 2 0.9 1 500 41.436 17.049 17.475 37
max_pca 3 0.9 1 500 44.146 17.109 19 40
max_pca 5 0.9 1 500 35.142 11.277 17.475 33
max_pca 10 0.9 1 500 28.29 7.862 16 27
max_pca 20 0.9 1 500 9.888 2.23 6 10
min_pca 1 0.9 1 500 112.914 415.767 4 12
min_pca 2 0.9 1 500 22.252 24.153 6 14
min_pca 3 0.9 1 500 24.564 22.115 8 18
min_pca 5 0.9 1 500 10.18 3.212 6 9
min_pca 10 0.9 1 500 6.98 1.204 5 7
min_pca 20 0.9 1 500 8.55 1.194 6 8
tpca 0.8 0.9 1 500 11.168 3.17 6.475 10
tpca 0.9 0.9 1 500 8.462 1.689 6 8
tpca 0.95 0.9 1 500 7.11 1.072 5 7
tpca 0.99 0.9 1 500 7.928 1.123 6 8
tpca 0.995 0.9 1 500 7.87 1.047 6 8
tpca 0.999 0.9 1 500 7.97 1.058 6 8
mix 0.03 0.9 1 500 3.276 0.482 3 3
mix 0.1 0.9 1 500 2.95 0.363 2 3
mix 0.3 0.9 1 500 2.782 0.423 2 3
mix 1 0.9 1 500 2.618 0.49 2 3
max_pca 1 0.7 0.5 500 208.18 396.225 38 103.025
max_pca 2 0.7 0.5 500 84.366 36.554 36 75
max_pca 3 0.7 0.5 500 91.48 128.394 37 74
max_pca 5 0.7 0.5 500 68.248 24.052 32 63.025
max_pca 10 0.7 0.5 500 53.562 15.631 28.475 51
max_pca 20 0.7 0.5 500 28.49 7.882 16 27
min_pca 1 0.7 0.5 500 494.792 810.564 8 62
min_pca 2 0.7 0.5 500 85.718 231.651 12 46
min_pca 3 0.7 0.5 500 67.666 153.585 16 48
min_pca 5 0.7 0.5 500 32.2 14.692 14.475 28
min_pca 10 0.7 0.5 500 24.07 6.325 15 23
min_pca 20 0.7 0.5 500 28.598 5.559 20 27
tpca 0.8 0.7 0.5 500 34.272 13.515 17 31
tpca 0.9 0.7 0.5 500 28.654 8.504 16.475 27
tpca 0.95 0.7 0.5 500 24.682 5.597 16 24
tpca 0.99 0.7 0.5 500 26.964 5.506 18 26
tpca 0.995 0.7 0.5 500 26.766 5.08 19 26
tpca 0.999 0.7 0.5 500 27.03 5.014 19 26
mix 0.03 0.7 0.5 500 9.012 2.056 6 9
mix 0.1 0.7 0.5 500 7.818 1.842 4.475 8
mix 0.3 0.7 0.5 500 7.22 1.741 4 7
mix 1 0.7 0.5 500 6.852 1.656 4 7
max_pca 1 0.7 0.7 500 126.776 251.391 28 81
max_pca 2 0.7 0.7 500 67.812 32.857 26.475 59
max_pca 3 0.7 0.7 500 71.42 91.596 28.475 59
max_pca 5 0.7 0.7 500 54.07 19.985 26.475 49
max_pca 10 0.7 0.7 500 42.706 14.08 20 40
max_pca 20 0.7 0.7 500 19.542 5.135 10.475 19
min_pca 1 0.7 0.7 500 400.01 756.656 6 31.025
min_pca 2 0.7 0.7 500 68.61 233.362 8 26
min_pca 3 0.7 0.7 500 41.83 92.926 10 27
min_pca 5 0.7 0.7 500 19.452 9.558 9 17
min_pca 10 0.7 0.7 500 14.292 4.054 9 13
min_pca 20 0.7 0.7 500 17.164 3.562 12 16
tpca 0.8 0.7 0.7 500 20.784 8.681 10 19
tpca 0.9 0.7 0.7 500 16.74 4.882 10 16
tpca 0.95 0.7 0.7 500 14.598 3.386 10 14
tpca 0.99 0.7 0.7 500 16.094 3.471 11 16
tpca 0.995 0.7 0.7 500 16.014 3.219 11 16
tpca 0.999 0.7 0.7 500 16.206 3.216 11 16
mix 0.03 0.7 0.7 500 5.554 1.074 4 6
mix 0.1 0.7 0.7 500 4.886 0.963 3 5
mix 0.3 0.7 0.7 500 4.492 0.899 3 4
mix 1 0.7 0.7 500 4.294 0.886 3 4
max_pca 1 0.7 1 500 118.876 290.291 18 58
max_pca 2 0.7 1 500 53.62 29.77 16 45
max_pca 3 0.7 1 500 52.77 26.256 17.475 44
max_pca 5 0.7 1 500 40.816 17.966 18 36
max_pca 10 0.7 1 500 30.376 9.825 15 28
max_pca 20 0.7 1 500 12.466 3.425 7 12
min_pca 1 0.7 1 500 295.144 672.277 4 17
min_pca 2 0.7 1 500 40.896 156.246 5 15
min_pca 3 0.7 1 500 25.112 23.74 6 16
min_pca 5 0.7 1 500 12.616 6.638 5 11
min_pca 10 0.7 1 500 8.708 2.36 5 8
min_pca 20 0.7 1 500 10.372 2.282 7 10
tpca 0.8 0.7 1 500 13.02 5.678 6 11.025
tpca 0.9 0.7 1 500 10.232 3.222 6 9
tpca 0.95 0.7 1 500 8.83 2.196 6 8
tpca 0.99 0.7 1 500 9.696 2.215 6 9
tpca 0.995 0.7 1 500 9.61 2.038 6.475 9
tpca 0.999 0.7 1 500 9.744 2.036 7 9
mix 0.03 0.7 1 500 3.642 0.589 3 4
mix 0.1 0.7 1 500 3.236 0.515 2 3
mix 0.3 0.7 1 500 3.016 0.469 2 3
mix 1 0.7 1 500 2.89 0.45 2 3
max_pca 1 0.5 0.5 500 310.494 543.686 36 127
max_pca 2 0.5 0.5 500 105.762 161.374 35 84
max_pca 3 0.5 0.5 500 97.27 126.762 38 81
max_pca 5 0.5 0.5 500 72.556 26.739 30.475 68
max_pca 10 0.5 0.5 500 56.994 17.963 27.475 55
max_pca 20 0.5 0.5 500 34.684 10.777 17 33.025
min_pca 1 0.5 0.5 500 657.156 889.486 11 85.05
min_pca 2 0.5 0.5 500 93.708 231.47 15 51
min_pca 3 0.5 0.5 500 77.158 176.675 18 51
min_pca 5 0.5 0.5 500 40.67 18.616 16.475 37
min_pca 10 0.5 0.5 500 32.252 9.587 18 30
min_pca 20 0.5 0.5 500 36.278 7.364 24 35
tpca 0.8 0.5 0.5 500 41.46 15.269 19.475 38
tpca 0.9 0.5 0.5 500 35.952 10.796 19 34
tpca 0.95 0.5 0.5 500 32.56 7.922 20 31
tpca 0.99 0.5 0.5 500 34.722 7.546 23 33
tpca 0.995 0.5 0.5 500 34.712 7.13 23.475 33
tpca 0.999 0.5 0.5 500 34.932 7.038 24 33
mix 0.03 0.5 0.5 500 11.15 2.773 6 11
mix 0.1 0.5 0.5 500 9.798 2.479 5.475 9.025
mix 0.3 0.5 0.5 500 9.128 2.386 5 9
mix 1 0.5 0.5 500 8.816 2.362 5 9
max_pca 1 0.5 0.7 500 234.08 442.639 33.475 104
max_pca 2 0.5 0.7 500 86.584 94.513 29.475 72
max_pca 3 0.5 0.7 500 78.638 34.477 30.475 71
max_pca 5 0.5 0.7 500 61.122 22.958 25.95 57
max_pca 10 0.5 0.7 500 47.356 15.106 23 45
max_pca 20 0.5 0.7 500 24.974 7.452 13.475 23.025
min_pca 1 0.5 0.7 500 463.918 798.742 7 40.025
min_pca 2 0.5 0.7 500 65.576 198.579 8 30
min_pca 3 0.5 0.7 500 39.174 29.974 10 28
min_pca 5 0.5 0.7 500 25.45 14.129 10 21
min_pca 10 0.5 0.7 500 19.132 6.5 11 17.025
min_pca 20 0.5 0.7 500 22.31 5.443 14 21
tpca 0.8 0.5 0.7 500 25.438 11.594 11 22
tpca 0.9 0.5 0.7 500 21.598 7.738 11.475 20
tpca 0.95 0.5 0.7 500 19.59 6.049 12 18
tpca 0.99 0.5 0.7 500 21.186 5.61 13 20
tpca 0.995 0.5 0.7 500 21.158 5.215 13 20
tpca 0.999 0.5 0.7 500 21.372 5.136 13 20
mix 0.03 0.5 0.7 500 6.718 1.312 4 7
mix 0.1 0.5 0.7 500 5.978 1.218 4 6
mix 0.3 0.5 0.7 500 5.608 1.148 3 6
mix 1 0.5 0.7 500 5.418 1.143 3 5
max_pca 1 0.5 1 500 213.902 460.92 23.475 79.025
max_pca 2 0.5 1 500 68.662 42.962 22 55.025
max_pca 3 0.5 1 500 63.872 34.915 23 54
max_pca 5 0.5 1 500 48.554 19.181 20 44
max_pca 10 0.5 1 500 34.956 11.332 17 33
max_pca 20 0.5 1 500 16.084 4.84 9 15
min_pca 1 0.5 1 500 374.376 742.629 4.475 25
min_pca 2 0.5 1 500 47.206 178.447 5.475 18
min_pca 3 0.5 1 500 26.112 24.232 7 18
min_pca 5 0.5 1 500 16.13 9.624 6 13
min_pca 10 0.5 1 500 11.708 3.965 7 11
min_pca 20 0.5 1 500 13.308 3.348 8 13
tpca 0.8 0.5 1 500 15.79 7.894 7 14
tpca 0.9 0.5 1 500 13.162 4.72 7 12
tpca 0.95 0.5 1 500 11.794 3.409 7 11
tpca 0.99 0.5 1 500 12.686 3.367 8 12
tpca 0.995 0.5 1 500 12.626 3.231 8 12
tpca 0.999 0.5 1 500 12.756 3.183 8 12
mix 0.03 0.5 1 500 4.21 0.689 3 4
mix 0.1 0.5 1 500 3.822 0.599 3 4
mix 0.3 0.5 1 500 3.606 0.589 3 4
mix 1 0.5 1 500 3.502 0.609 2 3
max_pca 1 0.3 0.5 500 410.06 643.139 43 142.025
max_pca 2 0.3 0.5 500 122.928 213.185 33 89
max_pca 3 0.3 0.5 500 107.848 174.734 32 85
max_pca 5 0.3 0.5 500 76.678 27.431 33.475 71
max_pca 10 0.3 0.5 500 60.97 18.304 31 58
max_pca 20 0.3 0.5 500 42.25 12.671 21 40
min_pca 1 0.3 0.5 500 835.592 940.75 13.475 126.05
min_pca 2 0.3 0.5 500 163.916 396.937 19.475 67.025
min_pca 3 0.3 0.5 500 91.308 195.885 21 63
min_pca 5 0.3 0.5 500 53.188 23.518 21 47
min_pca 10 0.3 0.5 500 46.092 13.434 25 44
min_pca 20 0.3 0.5 500 49.28 9.893 33 48
tpca 0.8 0.3 0.5 500 52.444 19.703 25 48
tpca 0.9 0.3 0.5 500 49.202 14.741 26 47
tpca 0.95 0.3 0.5 500 45.964 11.39 27.475 44
tpca 0.99 0.3 0.5 500 47.696 10.191 31 46
tpca 0.995 0.3 0.5 500 47.776 9.389 31 46
tpca 0.999 0.3 0.5 500 47.888 9.154 32 46
mix 0.03 0.3 0.5 500 15.674 4.212 8 15
mix 0.1 0.3 0.5 500 14.29 3.998 7 14
mix 0.3 0.3 0.5 500 13.86 3.964 6 13
mix 1 0.3 0.5 500 13.886 4.101 6 14
max_pca 1 0.3 0.7 500 385.74 631.008 42.425 129.025
max_pca 2 0.3 0.7 500 105.388 132.003 35 85
max_pca 3 0.3 0.7 500 104.14 175.043 34 81
max_pca 5 0.3 0.7 500 71.298 25.709 33 65
max_pca 10 0.3 0.7 500 54.994 16.538 29 53
max_pca 20 0.3 0.7 500 33.154 9.479 17 33
min_pca 1 0.3 0.7 500 630.278 885.855 9 67
min_pca 2 0.3 0.7 500 101.47 300.728 11 39
min_pca 3 0.3 0.7 500 52.202 93.314 12.475 37
min_pca 5 0.3 0.7 500 34.46 20.627 12 28
min_pca 10 0.3 0.7 500 29.392 10.732 15 27
min_pca 20 0.3 0.7 500 31.832 7.894 19.475 30
tpca 0.8 0.3 0.7 500 34.412 16.391 14 30
tpca 0.9 0.3 0.7 500 31.682 12.073 15 28
tpca 0.95 0.3 0.7 500 29.39 9.138 17 28
tpca 0.99 0.3 0.7 500 30.792 8.279 18 29
tpca 0.995 0.3 0.7 500 30.936 7.777 19 29
tpca 0.999 0.3 0.7 500 31.116 7.676 19 30
mix 0.03 0.3 0.7 500 9.074 2.188 5 9
mix 0.1 0.3 0.7 500 8.316 2.012 5 8
mix 0.3 0.3 0.7 500 8.038 2.089 4 8
mix 1 0.3 0.7 500 8.012 2.183 4 8
max_pca 1 0.3 1 500 296.75 550.299 32 113.025
max_pca 2 0.3 1 500 96.524 178.097 27 70
max_pca 3 0.3 1 500 87.7 156.251 28.475 66
max_pca 5 0.3 1 500 58.202 23.004 26 53
max_pca 10 0.3 1 500 42.474 14.704 22 39
max_pca 20 0.3 1 500 22.628 7.152 12 21
min_pca 1 0.3 1 500 470.022 809.695 5 33
min_pca 2 0.3 1 500 66.938 233.838 6.475 23
min_pca 3 0.3 1 500 32.266 30.075 7.475 20.025
min_pca 5 0.3 1 500 21.492 13.041 8 17
min_pca 10 0.3 1 500 17.944 6.876 9 16
min_pca 20 0.3 1 500 19.606 5.437 12 18
tpca 0.8 0.3 1 500 20.998 10.284 9 18
tpca 0.9 0.3 1 500 19.324 7.66 9.475 17
tpca 0.95 0.3 1 500 18.112 6.015 10 17
tpca 0.99 0.3 1 500 18.92 5.478 11 18
tpca 0.995 0.3 1 500 18.918 5.221 11 18
tpca 0.999 0.3 1 500 19.05 5.148 11.475 18
mix 0.03 0.3 1 500 5.384 0.997 4 5
mix 0.1 0.3 1 500 4.972 0.956 3 5
mix 0.3 0.3 1 500 4.794 0.947 3 5
mix 1 0.3 1 500 4.744 0.998 3 5
max_pca 1 0.1 0.5 500 617.23 787.456 57 173.025
max_pca 2 0.1 0.5 500 172.648 315.91 45.475 110
max_pca 3 0.1 0.5 500 123.684 174.411 42.95 102
max_pca 5 0.1 0.5 500 89.716 29.648 42.475 85
max_pca 10 0.1 0.5 500 72.306 21.102 37 69
max_pca 20 0.1 0.5 500 55.612 16.409 29 53
min_pca 1 0.1 0.5 500 1188.638 939.479 32 2000
min_pca 2 0.1 0.5 500 254.622 509.83 37.95 105
min_pca 3 0.1 0.5 500 150.18 292.776 41.95 99
min_pca 5 0.1 0.5 500 84.776 26.076 44 81
min_pca 10 0.1 0.5 500 83.58 18.821 50.475 80.025
min_pca 20 0.1 0.5 500 83.614 12.866 61 81
tpca 0.8 0.1 0.5 500 85.544 22.87 48.475 82
tpca 0.9 0.1 0.5 500 86.87 19.503 50.95 84
tpca 0.95 0.1 0.5 500 82.196 15.823 54 79
tpca 0.99 0.1 0.5 500 82.128 13.317 58 80
tpca 0.995 0.1 0.5 500 82.35 12.719 60 80
tpca 0.999 0.1 0.5 500 82.014 12.405 60 80
mix 0.03 0.1 0.5 500 34.432 11.343 15.475 33
mix 0.1 0.1 0.5 500 34.218 12.172 13 33
mix 0.3 0.1 0.5 500 36.066 13.682 13 35
mix 1 0.1 0.5 500 39.286 16.117 13 37
max_pca 1 0.1 0.7 500 575.408 753.063 63.475 170
max_pca 2 0.1 0.7 500 162.038 289.483 46 104.025
max_pca 3 0.1 0.7 500 124.624 193.469 43.475 97
max_pca 5 0.1 0.7 500 90.63 90.252 40.475 81
max_pca 10 0.1 0.7 500 68.296 18.311 35.475 65
max_pca 20 0.1 0.7 500 51.006 13.916 26.475 49
min_pca 1 0.1 0.7 500 998.878 959.762 20 176.025
min_pca 2 0.1 0.7 500 214.626 477.284 24 76
min_pca 3 0.1 0.7 500 118.212 271.879 28 70.025
min_pca 5 0.1 0.7 500 62.638 25.044 28.475 56
min_pca 10 0.1 0.7 500 60.418 17.327 35 56
min_pca 20 0.1 0.7 500 62.152 11.649 43 60
tpca 0.8 0.1 0.7 500 62.32 21.31 32 57
tpca 0.9 0.1 0.7 500 62.252 17.639 37 59
tpca 0.95 0.1 0.7 500 59.75 13.614 37 58
tpca 0.99 0.1 0.7 500 60.758 12.047 42 58
tpca 0.995 0.1 0.7 500 61.176 11.491 43 59
tpca 0.999 0.1 0.7 500 61.184 11.108 43 59
mix 0.03 0.1 0.7 500 18.166 5.496 9 17
mix 0.1 0.1 0.7 500 18.25 5.751 9 18
mix 0.3 0.1 0.7 500 19.28 6.586 8.475 18
mix 1 0.1 0.7 500 20.982 7.312 9 20
max_pca 1 0.1 1 500 474.43 695.675 43.95 152.025
max_pca 2 0.1 1 500 131.168 199.989 39 95.025
max_pca 3 0.1 1 500 107.05 103.053 38 92
max_pca 5 0.1 1 500 79.074 28.699 35 74
max_pca 10 0.1 1 500 59.86 18.281 28.475 57
max_pca 20 0.1 1 500 39.928 11.392 21 38
min_pca 1 0.1 1 500 643.888 885.595 11 79
min_pca 2 0.1 1 500 96.444 247.211 13 47
min_pca 3 0.1 1 500 67.454 154.345 16 43.025
min_pca 5 0.1 1 500 42.902 22.232 16.475 35
min_pca 10 0.1 1 500 39.326 13.004 21 36
min_pca 20 0.1 1 500 41.404 9.074 27 40
tpca 0.8 0.1 1 500 41.424 18.01 19 36
tpca 0.9 0.1 1 500 40.596 13.497 22.475 38
tpca 0.95 0.1 1 500 39.712 10.749 24 37.025
tpca 0.99 0.1 1 500 40.356 9.566 26 38
tpca 0.995 0.1 1 500 40.6 8.938 26.475 39
tpca 0.999 0.1 1 500 40.758 8.921 26.475 39
mix 0.03 0.1 1 500 9.644 2.303 5.475 9
mix 0.1 0.1 1 500 9.734 2.44 5 9
mix 0.3 0.1 1 500 10.204 2.742 5 10
mix 1 0.1 1 500 11.164 3.259 5.475 11
max_pca 1 0.05 0.5 500 614.174 782.252 44.475 173.05
max_pca 2 0.05 0.5 500 156.732 257.278 45 110
max_pca 3 0.05 0.5 500 138.146 226.576 47.475 105.025
max_pca 5 0.05 0.5 500 96.122 91.021 38 87.025
max_pca 10 0.05 0.5 500 75.266 21.68 36 72
max_pca 20 0.05 0.5 500 60.888 17.83 31 59
min_pca 1 0.05 0.5 500 1562.214 793.184 68.475 2000
min_pca 2 0.05 0.5 500 487.906 738.639 60.475 140
min_pca 3 0.05 0.5 500 323.668 572.71 68 132.025
min_pca 5 0.05 0.5 500 106.204 27.093 61 102.025
min_pca 10 0.05 0.5 500 107.944 19.67 73.475 104
min_pca 20 0.05 0.5 500 104.552 13.701 80.475 102
tpca 0.8 0.05 0.5 500 108.296 23.898 65.425 105
tpca 0.9 0.05 0.5 500 112.392 21.46 74 108.025
tpca 0.95 0.05 0.5 500 104.328 16.807 76 102
tpca 0.99 0.05 0.5 500 103.77 14.561 77 102
tpca 0.995 0.05 0.5 500 104.152 14.241 79 103
tpca 0.999 0.05 0.5 500 103.392 13.603 79 102
mix 0.03 0.05 0.5 500 62.47 24.02 22.475 59
mix 0.1 0.05 0.5 500 67.102 29.007 20.475 62
mix 0.3 0.05 0.5 500 74.608 38.901 18 68
mix 1 0.05 0.5 500 100.282 172.581 15 74
max_pca 1 0.05 0.7 500 581.26 764.929 54.475 172
max_pca 2 0.05 0.7 500 152.278 256.626 45.95 109
max_pca 3 0.05 0.7 500 127.966 193.038 44.95 103
max_pca 5 0.05 0.7 500 95.014 91.121 40.475 86
max_pca 10 0.05 0.7 500 73.042 21.902 36.475 69
max_pca 20 0.05 0.7 500 56.612 16.323 29 54
min_pca 1 0.05 0.7 500 1149.65 945.434 33.95 2000
min_pca 2 0.05 0.7 500 286.448 553.952 42.475 109
min_pca 3 0.05 0.7 500 191.524 399.252 45.475 101
min_pca 5 0.05 0.7 500 86.222 27.905 41 83
min_pca 10 0.05 0.7 500 84.748 19.626 52.475 82
min_pca 20 0.05 0.7 500 84.636 13.015 62 82.025
tpca 0.8 0.05 0.7 500 85.936 24.659 47.475 82
tpca 0.9 0.05 0.7 500 87.668 21.251 53 84
tpca 0.95 0.05 0.7 500 83.554 16.08 56 82
tpca 0.99 0.05 0.7 500 83.538 13.812 60 81
tpca 0.995 0.05 0.7 500 83.968 13.297 61.475 82
tpca 0.999 0.05 0.7 500 83.568 12.776 61 81
mix 0.03 0.05 0.7 500 29.766 9.827 12 29
mix 0.1 0.05 0.7 500 31.95 10.971 12 31.025
mix 0.3 0.05 0.7 500 36.432 13.342 13 35
mix 1 0.05 0.7 500 42.174 17.833 13 39
max_pca 1 0.05 1 500 510.076 715.454 53 159
max_pca 2 0.05 1 500 146.45 243.197 41.475 105.025
max_pca 3 0.05 1 500 123.502 176.319 44.475 100
max_pca 5 0.05 1 500 92.378 90.412 41 84
max_pca 10 0.05 1 500 68.38 19.919 37 66
max_pca 20 0.05 1 500 50.042 15.299 26 48
min_pca 1 0.05 1 500 908.268 949.957 19 142
min_pca 2 0.05 1 500 215.652 491.868 21 71
min_pca 3 0.05 1 500 131.968 330.935 25 64
min_pca 5 0.05 1 500 60.446 24.595 26 54
min_pca 10 0.05 1 500 59.318 16.553 33 56
min_pca 20 0.05 1 500 61.084 11.835 41 59
tpca 0.8 0.05 1 500 60.114 20.725 31 55
tpca 0.9 0.05 1 500 61.166 17.957 35 58
tpca 0.95 0.05 1 500 59.392 14.396 36 57
tpca 0.99 0.05 1 500 60.132 12.662 40 58
tpca 0.995 0.05 1 500 60.648 12.203 41 58
tpca 0.999 0.05 1 500 60.692 12.092 41 59
mix 0.03 0.05 1 500 14.93 4.438 8 14
mix 0.1 0.05 1 500 16.174 5.193 7 15
mix 0.3 0.05 1 500 18.076 6.089 7 17
mix 1 0.05 1 500 21.172 7.805 7 20
max_pca 1 0.02 0.5 500 724.382 825.32 60.9 193.025
max_pca 2 0.02 0.5 500 179.512 306.325 44.475 121
max_pca 3 0.02 0.5 500 141.688 212.569 48 109
max_pca 5 0.02 0.5 500 99.498 39.695 46.425 95
max_pca 10 0.02 0.5 500 76.996 21.983 40.475 73.025
max_pca 20 0.02 0.5 500 63.486 18.621 33 60.025
min_pca 1 0.02 0.5 500 1807.918 564.454 131.475 2000
min_pca 2 0.02 0.5 500 667.606 832.187 89 167
min_pca 3 0.02 0.5 500 512.952 735.437 92.9 162
min_pca 5 0.02 0.5 500 130.902 87.445 81 125
min_pca 10 0.02 0.5 500 129.496 17.86 98 127
min_pca 20 0.02 0.5 500 121.91 13.243 99 119
tpca 0.8 0.02 0.5 500 129.874 21.836 92.475 128
tpca 0.9 0.02 0.5 500 134.428 19.081 99 133
tpca 0.95 0.02 0.5 500 124.108 15.856 97 122
tpca 0.99 0.02 0.5 500 121.388 13.982 97 119
tpca 0.995 0.02 0.5 500 121.398 13.404 97.95 119
tpca 0.999 0.02 0.5 500 120.34 13.133 97 118
mix 0.03 0.02 0.5 500 351.332 563.761 26 124
mix 0.1 0.02 0.5 500 414.382 599.006 25.475 139
mix 0.3 0.02 0.5 500 418.9 558.139 25 159
mix 1 0.02 0.5 500 454.214 550.809 27.95 188
max_pca 1 0.02 0.7 500 654.926 799.819 65 178
max_pca 2 0.02 0.7 500 162.738 268.861 48 114
max_pca 3 0.02 0.7 500 129.946 173.886 52 106
max_pca 5 0.02 0.7 500 94.918 30.444 46 89
max_pca 10 0.02 0.7 500 76.996 21.218 39 74
max_pca 20 0.02 0.7 500 63.85 17.855 32 63
min_pca 1 0.02 0.7 500 1582.564 777.999 76.425 2000
min_pca 2 0.02 0.7 500 456.036 705.174 70.475 141.025
min_pca 3 0.02 0.7 500 294.516 524.651 71 134
min_pca 5 0.02 0.7 500 112.822 26.449 69 110
min_pca 10 0.02 0.7 500 117.406 86.566 79 111
min_pca 20 0.02 0.7 500 109.948 13.91 85 108
tpca 0.8 0.02 0.7 500 117.724 87.422 72.475 111
tpca 0.9 0.02 0.7 500 121.772 86.467 82 115
tpca 0.95 0.02 0.7 500 110.506 16.74 81.475 109
tpca 0.99 0.02 0.7 500 109.268 14.689 82.475 108
tpca 0.995 0.02 0.7 500 109.424 14.245 84 108
tpca 0.999 0.02 0.7 500 108.718 13.79 84.475 107
mix 0.03 0.02 0.7 500 64.588 27.177 19.475 59
mix 0.1 0.02 0.7 500 80.564 92.894 18.475 68
mix 0.3 0.02 0.7 500 119.87 203.589 19 82
mix 1 0.02 0.7 500 179.974 283.682 19 102.025
max_pca 1 0.02 1 500 569.954 746.159 58.95 173.025
max_pca 2 0.02 1 500 144.048 221.538 41 107.025
max_pca 3 0.02 1 500 132.198 189.803 44 104.025
max_pca 5 0.02 1 500 92.164 31.396 41 86
max_pca 10 0.02 1 500 73.184 21.821 36 71
max_pca 20 0.02 1 500 57.706 16.802 29 55
min_pca 1 0.02 1 500 1227.562 931.944 38.95 2000
min_pca 2 0.02 1 500 316.758 593.675 41 111.025
min_pca 3 0.02 1 500 191.846 390.148 48 106
min_pca 5 0.02 1 500 89.642 26.231 45 85
min_pca 10 0.02 1 500 91.42 18.017 57 89
min_pca 20 0.02 1 500 90.26 12.016 67 89
tpca 0.8 0.02 1 500 91.378 22.9 52 88
tpca 0.9 0.02 1 500 94.388 19.92 57.95 92
tpca 0.95 0.02 1 500 89.83 15.387 59 88
tpca 0.99 0.02 1 500 89.422 12.866 64.475 88
tpca 0.995 0.02 1 500 89.856 12.453 66 89
tpca 0.999 0.02 1 500 89.604 12.119 66 89
mix 0.03 0.02 1 500 30.344 10.713 12 29
mix 0.1 0.02 1 500 36.368 13.742 12 35
mix 0.3 0.02 1 500 44.78 18.503 12.475 43
mix 1 0.02 1 500 55.79 26.369 14.475 52
