method method_param p change_param n_sim edd sd_edd edd_lower edd_upper
max_pca 1 0.9 0 500 597.748 824.129 25 106
max_pca 2 0.9 0 500 81.09 231.157 18 45
max_pca 3 0.9 0 500 62.786 160.632 16 40.025
max_pca 5 0.9 0 500 62.056 130.673 17 45
min_pca 1 0.9 0 500 2.516 0.748 2 2
min_pca 2 0.9 0 500 2.584 0.654 2 2
min_pca 3 0.9 0 500 2.696 0.623 2 3
min_pca 5 0.9 0 500 3.146 0.611 2 3
tpca 0.8 0.9 0 500 2.516 0.748 2 2
tpca 0.9 0.9 0 500 2.516 0.748 2 2
tpca 0.95 0.9 0 500 2.516 0.748 2 2
tpca 0.99 0.9 0 500 2.696 0.623 2 3
max_pca 1 0.9 0.5 500 1782.708 506.318 180 2000
max_pca 2 0.9 0.5 500 1549.042 731.702 55.425 2000
max_pca 3 0.9 0.5 500 1543.512 737.453 44.475 2000
max_pca 5 0.9 0.5 500 1666.47 614.816 74.175 2000
min_pca 1 0.9 0.5 500 2.932 1.011 2 3
min_pca 2 0.9 0.5 500 3.174 0.922 2 3
min_pca 3 0.9 0.5 500 3.354 0.816 2 3
min_pca 5 0.9 0.5 500 4.182 1.048 3 4
tpca 0.8 0.9 0.5 500 2.932 1.011 2 3
tpca 0.9 0.9 0.5 500 2.932 1.011 2 3
tpca 0.95 0.9 0.5 500 2.932 1.011 2 3
tpca 0.99 0.9 0.5 500 3.354 0.816 2 3
max_pca 1 0.9 0.75 500 1813.26 488.367 165.325 2000
max_pca 2 0.9 0.75 500 1792.648 512.612 131.65 2000
max_pca 3 0.9 0.75 500 1759.692 526.295 141.85 2000
max_pca 5 0.9 0.75 500 1779.416 496.702 191.875 2000
min_pca 1 0.9 0.75 500 3.808 1.537 2 3
min_pca 2 0.9 0.75 500 4.244 1.466 2 4
min_pca 3 0.9 0.75 500 4.586 1.323 3 4
min_pca 5 0.9 0.75 500 6.156 1.742 4 6
tpca 0.8 0.9 0.75 500 3.808 1.537 2 3
tpca 0.9 0.9 0.75 500 3.808 1.537 2 3
tpca 0.95 0.9 0.75 500 3.808 1.537 2 3
tpca 0.99 0.9 0.75 500 4.586 1.323 3 4
max_pca 1 0.7 0 500 1645.802 668.997 62.475 2000
max_pca 2 0.7 0 500 1078.918 900.338 29.475 813.2
max_pca 3 0.7 0 500 1056.066 891.123 31.475 638.575
max_pca 5 0.7 0 500 1277.046 838.734 48 1905.075
min_pca 1 0.7 0 500 2.914 1.016 2 3
min_pca 2 0.7 0 500 3.074 0.884 2 3
min_pca 3 0.7 0 500 3.238 0.824 2 3
min_pca 5 0.7 0 500 3.95 0.964 3 4
tpca 0.8 0.7 0 500 2.914 1.016 2 3
tpca 0.9 0.7 0 500 2.914 1.016 2 3
tpca 0.95 0.7 0 500 2.914 1.016 2 3
tpca 0.99 0.7 0 500 3.238 0.824 2 3
max_pca 1 0.7 0.5 500 1806.854 493.267 243.95 2000
max_pca 2 0.7 0.5 500 1761.648 538.46 93.7 2000
max_pca 3 0.7 0.5 500 1744.026 560.406 95.6 2000
max_pca 5 0.7 0.5 500 1688.018 587.679 159.95 2000
min_pca 1 0.7 0.5 500 3.66 1.636 2 3
min_pca 2 0.7 0.5 500 4.04 1.483 2 4
min_pca 3 0.7 0.5 500 4.322 1.382 3 4
min_pca 5 0.7 0.5 500 5.706 1.818 3 5
tpca 0.8 0.7 0.5 500 3.66 1.636 2 3
tpca 0.9 0.7 0.5 500 3.66 1.636 2 3
tpca 0.95 0.7 0.5 500 3.66 1.636 2 3
tpca 0.99 0.7 0.5 500 4.322 1.382 3 4
max_pca 1 0.7 0.75 500 1841.774 431.538 295.85 2000
max_pca 2 0.7 0.75 500 1754.394 565.524 112.425 2000
max_pca 3 0.7 0.75 500 1768.652 527.984 125.225 2000
max_pca 5 0.7 0.75 500 1728.38 548.531 195.475 2000
min_pca 1 0.7 0.75 500 5.31 3.347 2 4
min_pca 2 0.7 0.75 500 5.992 2.957 3 5
min_pca 3 0.7 0.75 500 6.502 2.596 3 6
min_pca 5 0.7 0.75 500 9.602 3.743 5 9
tpca 0.8 0.7 0.75 500 5.31 3.347 2 4
tpca 0.9 0.7 0.75 500 5.31 3.347 2 4
tpca 0.95 0.7 0.75 500 5.31 3.347 2 4
tpca 0.99 0.7 0.75 500 6.502 2.596 3 6
max_pca 1 0.5 0 500 1807.138 490.199 164.95 2000
max_pca 2 0.5 0 500 1749.95 560.859 91.95 2000
max_pca 3 0.5 0 500 1699.472 589.123 95.475 2000
max_pca 5 0.5 0 500 1687.206 594.428 123.6 2000
min_pca 1 0.5 0 500 3.712 1.682 2 3
min_pca 2 0.5 0 500 4.044 1.605 2 4
min_pca 3 0.5 0 500 4.294 1.507 2 4
min_pca 5 0.5 0 500 5.704 1.982 3 5
tpca 0.8 0.5 0 500 3.712 1.682 2 3
tpca 0.9 0.5 0 500 3.712 1.682 2 3
tpca 0.95 0.5 0 500 3.712 1.682 2 3
tpca 0.99 0.5 0 500 4.294 1.507 2 4
max_pca 1 0.5 0.5 500 1816.29 474.887 153.4 2000
max_pca 2 0.5 0.5 500 1776.78 516.277 156.325 2000
max_pca 3 0.5 0.5 500 1756.244 525.773 260.175 2000
max_pca 5 0.5 0.5 500 1758.552 506.385 330.175 2000
min_pca 1 0.5 0.5 500 5.646 3.523 2 4
min_pca 2 0.5 0.5 500 6.378 3.851 3 5
min_pca 3 0.5 0.5 500 6.944 3.353 3 6
min_pca 5 0.5 0.5 500 10.332 5.369 4 9
tpca 0.8 0.5 0.5 500 5.646 3.523 2 4
tpca 0.9 0.5 0.5 500 5.646 3.523 2 4
tpca 0.95 0.5 0.5 500 5.646 3.523 2 4
tpca 0.99 0.5 0.5 500 6.944 3.353 3 6
max_pca 1 0.5 0.75 500 1840.284 447.813 337.5 2000
max_pca 2 0.5 0.75 500 1809.342 471.317 234.475 2000
max_pca 3 0.5 0.75 500 1770.44 519.277 192.025 2000
max_pca 5 0.5 0.75 500 1734.968 535.636 211.925 2000
min_pca 1 0.5 0.75 500 34.454 217.194 3 7
min_pca 2 0.5 0.75 500 23.896 154.033 3.475 9
min_pca 3 0.5 0.75 500 16.942 89.431 4 10
min_pca 5 0.5 0.75 500 30.464 125.916 7 18
tpca 0.8 0.5 0.75 500 34.454 217.194 3 7
tpca 0.9 0.5 0.75 500 34.454 217.194 3 7
tpca 0.95 0.5 0.75 500 34.454 217.194 3 7
tpca 0.99 0.5 0.75 500 16.942 89.431 4 10
max_pca 1 0.3 0 500 1828.718 451.163 217.625 2000
max_pca 2 0.3 0 500 1804.622 481.278 177.65 2000
max_pca 3 0.3 0 500 1757.89 539.293 141.7 2000
max_pca 5 0.3 0 500 1733.596 535.436 172.225 2000
min_pca 1 0.3 0 500 35.436 234.512 2 5
min_pca 2 0.3 0 500 20.664 154.14 3 6
min_pca 3 0.3 0 500 9.396 9.552 3 7
min_pca 5 0.3 0 500 22.584 125.961 5 12
tpca 0.8 0.3 0 500 35.436 234.512 2 5
tpca 0.9 0.3 0 500 35.436 234.512 2 5
tpca 0.95 0.3 0 500 35.436 234.512 2 5
tpca 0.99 0.3 0 500 9.396 9.552 3 7
max_pca 1 0.3 0.5 500 1851.804 426.022 243.9 2000
max_pca 2 0.3 0.5 500 1814.944 467.953 190.925 2000
max_pca 3 0.3 0.5 500 1764.12 523.829 223.95 2000
max_pca 5 0.3 0.5 500 1725.796 548.905 223.95 2000
min_pca 1 0.3 0.5 500 112.09 425.021 3 9
min_pca 2 0.3 0.5 500 94.876 379.768 3.475 12
min_pca 3 0.3 0.5 500 84.382 349.249 5 14
min_pca 5 0.3 0.5 500 175.78 509.4 8 26
tpca 0.8 0.3 0.5 500 112.09 425.021 3 9
tpca 0.9 0.3 0.5 500 112.09 425.021 3 9
tpca 0.95 0.3 0.5 500 112.09 425.021 3 9
tpca 0.99 0.3 0.5 500 84.382 349.249 5 14
max_pca 1 0.3 0.75 500 1813.584 479.713 229.65 2000
max_pca 2 0.3 0.75 500 1759.272 535.566 122.175 2000
max_pca 3 0.3 0.75 500 1778.186 513.05 181.6 2000
max_pca 5 0.3 0.75 500 1732.292 548.698 127.375 2000
min_pca 1 0.3 0.75 500 519.674 855.97 3 20
min_pca 2 0.3 0.75 500 505.39 836.853 6 31.025
min_pca 3 0.3 0.75 500 423.294 775.094 7.475 37
min_pca 5 0.3 0.75 500 838.884 949.591 16 99.025
tpca 0.8 0.3 0.75 500 519.674 855.97 3 20
tpca 0.9 0.3 0.75 500 519.674 855.97 3 20
tpca 0.95 0.3 0.75 500 519.674 855.97 3 20
tpca 0.99 0.3 0.75 500 423.294 775.094 7.475 37
max_pca 1 0.1 0 500 1865.338 384.976 428.95 2000
max_pca 2 0.1 0 500 1780.894 492.996 215.95 2000
max_pca 3 0.1 0 500 1789.058 482.523 298.95 2000
max_pca 5 0.1 0 500 1743.838 538.45 189.775 2000
min_pca 1 0.1 0 500 1267.834 952.544 4 2000
min_pca 2 0.1 0 500 1331.836 932.042 7 2000
min_pca 3 0.1 0 500 1343.678 923.861 11 2000
min_pca 5 0.1 0 500 1545.4 819.081 20.95 2000
tpca 0.8 0.1 0 500 1267.834 952.544 4 2000
tpca 0.9 0.1 0 500 1267.834 952.544 4 2000
tpca 0.95 0.1 0 500 1267.834 952.544 4 2000
tpca 0.99 0.1 0 500 1343.678 923.861 11 2000
max_pca 1 0.1 0.5 500 1827.538 437.857 386.75 2000
max_pca 2 0.1 0.5 500 1798.8 487.867 229.5 2000
max_pca 3 0.1 0.5 500 1776.018 506.615 212.425 2000
max_pca 5 0.1 0.5 500 1742.664 524.319 195.5 2000
min_pca 1 0.1 0.5 500 1513.062 848.991 6 2000
min_pca 2 0.1 0.5 500 1571.482 807.863 11.475 2000
min_pca 3 0.1 0.5 500 1620.07 770.514 16.95 2000
min_pca 5 0.1 0.5 500 1841.668 530.437 39.325 2000
tpca 0.8 0.1 0.5 500 1513.062 848.991 6 2000
tpca 0.9 0.1 0.5 500 1513.062 848.991 6 2000
tpca 0.95 0.1 0.5 500 1513.062 848.991 6 2000
tpca 0.99 0.1 0.5 500 1620.07 770.514 16.95 2000
max_pca 1 0.1 0.75 500 1832.164 442.706 383.325 2000
max_pca 2 0.1 0.75 500 1764.818 528.66 156.7 2000
max_pca 3 0.1 0.75 500 1741.736 547.976 132 2000
max_pca 5 0.1 0.75 500 1741.2 520.749 243.85 2000
min_pca 1 0.1 0.75 500 1820.866 563.527 19.475 2000
min_pca 2 0.1 0.75 500 1904.06 418.788 79.7 2000
min_pca 3 0.1 0.75 500 1900.736 424.437 79.85 2000
min_pca 5 0.1 0.75 500 1980.822 191.083 2000 2000
tpca 0.8 0.1 0.75 500 1820.866 563.527 19.475 2000
tpca 0.9 0.1 0.75 500 1820.866 563.527 19.475 2000
tpca 0.95 0.1 0.75 500 1820.866 563.527 19.475 2000
tpca 0.99 0.1 0.75 500 1900.736 424.437 79.85 2000
